1 0.5769644328125 0.45273215625 0.5734397453125 0.45276781718750003 0.5733634734375 0.46159468437499995 0.5694748953125 0.47676828281250005 0.5716311234375 0.47894133437499997 0.5654302515625 0.487995253125 0.5641026890624999 0.49482497031249995 0.5697603828125 0.49945658593750003 0.5724785796875 0.4975102359375 0.5709362859375 0.5042982140625 0.5727594984375 0.5081844828125 0.5766923578125 0.49515783593749996 0.5834562453125 0.4723982125 0.5843291234375 0.4715107234375 0.5835866828125 0.4596896078125 0.5808817546875 0.45313321249999994 0.5769644328125 0.45273215625
1 0.5568449156249999 0.4136707890625 0.553543484375 0.41067447343749997 0.5491241609374999 0.413347315625 0.5430910765625 0.42039160937500003 0.5382101140625 0.4335463078125 0.53675023125 0.4449873859375 0.533195109375 0.47130194375 0.52743660625 0.4889712015625 0.5279163609374999 0.498458753125 0.53253635625 0.494671653125 0.53541660625 0.499916653125 0.5429528078125 0.49316453437499996 0.5474799984375001 0.46586163750000004 0.5535103046875001 0.43885091875000004 0.5546083562499999 0.43320193125 0.5570294703124999 0.42074637812500004 0.5568449156249999 0.4136707890625
1 0.4543381828125 0.6220677796875 0.45153905156249996 0.6364680640625 0.4523937296875 0.649103865625 0.45303749218749995 0.6542264796875 0.45969051250000004 0.645548765625 0.45873695937500003 0.60795440625 0.46340367968749996 0.5839462140625 0.466011734375 0.5620125687499999 0.467312425 0.52985386875 0.4558893109375 0.5376043703125 0.452154134375 0.5568201859374999 0.4468391515625 0.57572891875 0.4476784921875 0.5883617375 0.43450200156249996 0.630681684375 0.43310243593750003 0.637881828125 0.42757653749999996 0.6492773703125 0.43076682499999996 0.6498975 0.4376000859375 0.6487270125 0.4514356765625 0.611532659375 0.4543381828125 0.6220677796875
1 0.0682112546875 0.2892817890625 0.068519828125 0.28540145 0.07081483125 0.2713837 0.07359371718749999 0.26601338124999996 0.0747365625 0.255711990625 0.076039378125 0.2579353921875 0.07558946250000001 0.26246099375 0.0776456515625 0.26089051875 0.0797222953125 0.2547109609375 0.0760102265625 0.2513705359375 0.0767076546875 0.24557159843749998 0.0758189625 0.24342869375 0.07806221875 0.23860297031250002 0.0766989578125 0.23439766093749997 0.07243080468749999 0.23621091249999998 0.06956018281250001 0.2441822703125 0.0661130203125 0.261916384375 0.068961046875 0.26970191093749996 0.0617726640625 0.27753074375 0.061711603125 0.2801377453125 0.0626002953125 0.28228065 0.0606045515625 0.2858330359375 0.0682112546875 0.2892817890625
1 0.12266949375 0.2949900515625 0.1278270359375 0.288928834375 0.1289342515625 0.279629625 0.13019857968749998 0.264690740625 0.1283399234375 0.2622151359375 0.1318192140625 0.257581621875 0.1325482484375 0.253831065625 0.12800683906250002 0.2518911453125 0.1249655796875 0.26155923125 0.1229897546875 0.2632894875 0.12392136718749999 0.2705343171875 0.119849165625 0.28067474375 0.121112678125 0.283755453125 0.120263090625 0.29418592499999996 0.11867901562500001 0.302335284375 0.11913715312499999 0.305956209375 0.12188290937499999 0.3050964015625 0.122714890625 0.29958790625 0.121778778125 0.292366228125 0.12471708906250001 0.28445607968750003 0.1262293921875 0.2851104375 0.12553691875 0.2899012328125 0.123624096875 0.2913073671875 0.12266949375 0.2949900515625
1 0.361772384375 0.2740730703125 0.3621391703125 0.26727283281249997 0.3623506796875 0.266184709375 0.3617697578125 0.26434189375 0.3594144265625 0.26474901093750003 0.3568488875 0.2691036421875 0.3542955125 0.2803561953125 0.351569290625 0.292416071875 0.3547228796875 0.29961228281249996 0.3567033671875 0.2942549546875 0.358088525 0.2890942515625 0.361772384375 0.2740730703125
1 0.479580840625 0.33981167343749996 0.480720196875 0.329773896875 0.4806786609375 0.3257293984375 0.47998494375 0.32184644375000004 0.47979178281249996 0.31964652656250003 0.48011891562500003 0.3168990328125 0.47831583125000005 0.315611521875 0.47652129375 0.3152627 0.4751477984375 0.3202815140625 0.47439799687499995 0.32200982031250003 0.473706696875 0.32343715624999997 0.46901125468749993 0.3358831 0.467704809375 0.34153963125 0.469423878125 0.34653489375 0.46988589843749995 0.3547215765625 0.467082034375 0.360711725 0.473466553125 0.3607033796875 0.47457360625 0.355008090625 0.47447356718749994 0.35126456250000004 0.4777500578125 0.34505394218749996 0.479580840625 0.33981167343749996
1 0.5083225453125 0.31224215 0.5069814828125 0.319141321875 0.5090456015625 0.32309844375 0.513600965625 0.32398391718749997 0.513247321875 0.3160585640625 0.511484321875 0.3057209140625 0.5083225453125 0.31224215
1 0.448377553125 0.288985303125 0.447445078125 0.2917352609375 0.446082421875 0.29678020781250003 0.4456585171875 0.3049388421875 0.44489550468749994 0.3093555328125 0.4451534 0.30909331875 0.44719608906249997 0.307592296875 0.4478591890625 0.30565492656250004 0.44800815 0.3039059328125 0.4501523203125 0.3013915046875 0.4505647703125 0.297795646875 0.4507303484375 0.2948966171875 0.4506682515625 0.29325075625 0.450293328125 0.290102509375 0.448377553125 0.288985303125
1 0.3771429046875 0.2753309 0.37722785000000003 0.27366556875 0.377092553125 0.2717411890625 0.37682858750000003 0.27056064062499996 0.37722010625 0.26854645312500003 0.3774697234375 0.2659520765625 0.3766495453125 0.263702359375 0.37380257499999997 0.264182096875 0.372776875 0.2662652234375 0.37303663125000003 0.27008785 0.37255841093750003 0.2718929734375 0.36998855937499997 0.2766792375 0.37047241875000003 0.2813142703125 0.3687140328125 0.2910154828125 0.368516871875 0.29587853124999997 0.3684040171875 0.29965275625 0.3721438078125 0.300475803125 0.3728454921875 0.300059590625 0.37304019843749997 0.2997130171875 0.37513843750000003 0.29538768437499996 0.3758830765625 0.2902466328125 0.37608199375 0.2872579796875 0.3766517640625 0.282443334375 0.37688668281250004 0.2792694671875 0.3771429046875 0.2753309
1 0.4210760921875 0.2917032328125 0.4197442734375 0.29315022343749997 0.418605965625 0.2936016953125 0.41771492343750005 0.298185709375 0.4168349046875 0.303204340625 0.41748048125 0.3043869875 0.4183240671875 0.30455096406250004 0.41878769374999997 0.30437679375000004 0.419280240625 0.302334190625 0.41987426875 0.29927818125 0.4203962921875 0.296592596875 0.42198675 0.2965173296875 0.421518728125 0.29892509375 0.42092453750000003 0.305585021875 0.4218648375 0.3061522203125 0.4229914828125 0.30584263749999996 0.4238107078125 0.302037534375 0.4250032640625 0.2959023640625 0.426119315625 0.290160771875 0.4268123484375 0.286595428125 0.42767180781249997 0.28397543281250004 0.42706875625 0.28306534375000003 0.42637855 0.28293118125 0.4260432203125 0.28154455 0.42629523281250004 0.2802480609375 0.42676325468750004 0.277840296875 0.42679025625 0.2777013875 0.42698826562500003 0.27668271875 0.4267993375 0.275853125 0.4260594421875 0.275565146875 0.4235983984375 0.275615346875 0.4232339625 0.275688665625 0.423197878125 0.2776758375 0.4235129984375 0.2782656703125 0.42373121718749995 0.2780437984375 0.4250445 0.279476365625 0.42304047499999997 0.2806965875 0.422354234375 0.28332622343749997 0.42211545624999997 0.2859467328125 0.4217689390625 0.28772940468749997 0.42022798281249996 0.2875500046875 0.4192855796875 0.288303846875 0.420486809375 0.2893302125 0.42178704375000003 0.2898472421875 0.4210760921875 0.2917032328125
1 0.792134871875 0.4175286171875 0.7892892734375 0.43290495 0.79243043125 0.43459671406249994 0.7928804515625 0.43228155625 0.79266543125 0.42962088906250007 0.7931063468749999 0.4251415890625 0.7947849265625 0.41650605 0.7963945375 0.4089623140625 0.7959592718749999 0.4060426 0.7962547171875001 0.403048684375 0.7975158703125 0.3950047390625 0.80192216875 0.39542876250000003 0.8025507328125 0.39293207343750003 0.8021976703125 0.3902445734375 0.801900446875 0.3873516921875 0.8004641937500001 0.38728875 0.799502509375 0.38928821406249997 0.7996901578125 0.3912708234375 0.7970115328125 0.3909663875 0.7976640640625 0.38760940625 0.7975226156249999 0.386044228125 0.7974730078125 0.3840884515625 0.7962558 0.3836356125 0.794478996875 0.384587659375 0.7933553046874999 0.38742058125 0.7935384515624999 0.389426340625 0.792933853125 0.391062740625 0.7909500406250001 0.39307976093749997 0.7904595171875 0.3956032828125 0.7898069859375 0.3989602625 0.7892519953125 0.40255244062499995 0.7886028703125 0.4074477671875 0.786826753125 0.41584811093749996 0.7876715359375 0.41666103281250005 0.7853934406249999 0.4321476765625 0.7864498375 0.434082915625 0.7883076453125 0.432714140625 0.7887576671875001 0.4303989828125 0.788257934375 0.428547921875 0.790560578125 0.41743884218750005 0.792134871875 0.4175286171875
1 0.4685662234375 0.32736335 0.46937176249999996 0.323219215625 0.468550571875 0.3207290375 0.467247303125 0.319490628125 0.46777254843750005 0.317934909375 0.46828546718749997 0.313085184375 0.4666612984375 0.312433109375 0.46398663906250004 0.3148924734375 0.4635218375 0.318430103125 0.4629965921875 0.31998582343750004 0.46106190937499997 0.3209312078125 0.4598899125 0.324667740625 0.45845551875 0.3286896375 0.45640265468749996 0.333600421875 0.45556433749999997 0.33905963125 0.455832 0.344397453125 0.4575803828125 0.3523536546875 0.457395875 0.3533028671875 0.4575624875 0.354656703125 0.45671634218749996 0.3567987578125 0.455850359375 0.3589609828125 0.45908831406250006 0.3592540078125 0.46073999531250004 0.3529678203125 0.4665659796875 0.3309388875 0.468056315625 0.3289220515625 0.4685662234375 0.32736335
1 0.3536948296875 0.1954985421875 0.3551607109375 0.20515375156250001 0.3543139265625 0.2078723140625 0.36481348750000003 0.204627428125 0.363713725 0.21642682500000002 0.354933025 0.2202460859375 0.3626139625 0.2282262203125 0.355552121875 0.2326198578125 0.3580285125 0.28211494843749996 0.3535815578125 0.303354778125 0.34898018125 0.3024603609375 0.34302873906250003 0.3085114203125 0.3403286125 0.32240236875 0.3435799265625 0.3302422625 0.35278268125 0.332031096875 0.35918414374999996 0.3236648796875 0.36098422812500003 0.3144042453125 0.3566491421875 0.30395105624999996 0.358647609375 0.2944887203125 0.3628462359375 0.292541821875 0.3721521953125 0.273327671875 0.376753571875 0.2742220890625 0.3764872796875 0.2837808625 0.38262245 0.28497341875000004 0.3890239125 0.27660720156249996 0.39082399687499997 0.2673465671875 0.3880227046875 0.257191515625 0.42373135156249997 0.2208851671875 0.4279652703125 0.20729235625000003 0.42453022812499996 0.19220885000000001 0.46358221562499996 0.19602421875 0.46549260312499996 0.2025737625 0.4627924765625 0.21646471250000002 0.46974512500000004 0.2298293390625 0.4767803375 0.22639157812500002 0.47516398125 0.2428958265625 0.4784152953125 0.2507357203125 0.48256665156249995 0.2539452953125 0.48761805 0.2525245546875 0.4940195125 0.2441583375 0.5073736234374999 0.249156746875 0.51134125 0.2451227078125 0.5155751703125 0.231529896875 0.7104493781250001 0.2525911703125 0.7137006921875 0.2604310609375 0.722903446875 0.2622198953125 0.7293049093749999 0.2538536796875 0.90182458125 0.3162197109375 0.967605090625 0.3463051109375 0.96896259375 0.355698990625 0.9662624671875 0.369589940625 0.9695137812500001 0.3774298328125 0.9787165359375001 0.3792186671875 0.9851179984374999 0.3708524515625 0.9869180828124999 0.3615918171875 0.984116790625 0.3514367671875 0.8945156359374999 0.3128768890625 0.7337188375 0.23933480468749999 0.73110499375 0.244593046875 0.7283037015625 0.23443799531249998 0.7264098921875 0.23599198281249997 0.719100946875 0.23264916093750002 0.7131495046875 0.23870021874999997 0.7113616687500001 0.231520209375 0.47144404531250006 0.1965227046875 0.4000157953125 0.188473425 0.375422621875 0.1816335984375 0.3710312203125 0.1890175953125 0.368229928125 0.178862546875 0.3590271734375 0.17707371249999998 0.35307573125 0.18312477031250002 0.350533171875 0.1798274734375 0.265593159375 0.20736509375 0.26323432812499997 0.2113114109375 0.0742902734375 0.1679309578125 0.071060246875 0.1763591875 0.0682589546875 0.1662041359375 0.0590562 0.1644153015625 0.0525721734375 0.18958390625 0.0628587 0.1939860359375 0.0692601625 0.18561982187499998 0.097141384375 0.1732044453125 0.25709915781250003 0.2101188546875 0.251065153125 0.2329722984375 0.2547664875 0.2384970328125 0.2602679078125 0.23476113281250002 0.263868078125 0.21623986718750002 0.3536948296875 0.1954985421875