1 0.0695114703125 0.49152745 0.0821879796875 0.52764651875 0.09496379218749999 0.5423548593749999 0.09961710625 0.54056861875 0.1046942453125 0.5368344453125 0.099894634375 0.5119485078125 0.0918439734375 0.49097582031250003 0.085951728125 0.4771956109375 0.07015526718750001 0.4591962578125 0.0671158703125 0.4790954375 0.0695114703125 0.49152745
1 0.5153044359375001 0.334031746875 0.50853203125 0.31965906093749996 0.495721846875 0.31894411875 0.4941966328125 0.3345909984375 0.4891895453125 0.3346272203125 0.4763390125 0.32072703593749996 0.463225125 0.3257609859375 0.45182161875000004 0.3320241984375 0.483510928125 0.368840809375 0.5014150703125 0.3958625 0.50344374375 0.3913372734375 0.5076374953125 0.38595580625000003 0.51310769375 0.38385599375 0.518577890625 0.38175618125 0.5152089 0.3566730984375 0.5148732625 0.3492586640625 0.5153044359375001 0.334031746875
1 0.314768396875 0.24613948125000001 0.3171924890625 0.23379346875 0.3110514421875 0.2177954953125 0.30147386875 0.2125960625 0.286672684375 0.21576327812499999 0.2839812046875 0.23072635468749997 0.264883096875 0.22601333750000002 0.26634528749999997 0.23749615 0.24307168437499999 0.2229956078125 0.24190217656250002 0.23420627968750002 0.24733339375000002 0.23845778125 0.25393754999999996 0.252392165625 0.249012759375 0.2922755765625 0.2500459171875 0.302640721875 0.25731511875 0.3061866875 0.2596239 0.2704756453125 0.2802244125 0.2923134953125 0.27226339843749997 0.2979090109375 0.2707146234375 0.30926526875000004 0.29829279531249997 0.307554921875 0.317067984375 0.27628475468749997 0.314768396875 0.24613948125000001
1 0.36581752343749996 0.632271153125 0.36569893124999997 0.6296513859374999 0.3607377234375 0.6092277234375 0.35250362968750004 0.59239881875 0.3464277765625 0.5840699578125 0.34433612343750003 0.576876996875 0.337159309375 0.5789781671875 0.3376336796875 0.5894572359375 0.33999160625 0.6025323140625 0.349268728125 0.6186339624999999 0.3525656765625 0.6283564187499999 0.36581752343749996 0.632271153125
1 0.0489079578125 0.4925720171875 0.046762221874999996 0.4956586703125 0.0460634796875 0.4977624234375 0.045866875 0.499648278125 0.043676778124999996 0.5073282140625001 0.042599415625 0.5131980765625 0.0426396921875 0.5140878078125 0.041713753125 0.520352140625 0.0414240984375 0.5259196312500001 0.0422701796875 0.5296933625 0.0434899765625 0.5328710437499999 0.0463657453125 0.5372234421875001 0.08043455625 0.5423500859375 0.07849441093750001 0.5348978125 0.0772746140625 0.5317201328125 0.07353817812499999 0.5235996015625 0.07278106250000001 0.5216272484375 0.067332375 0.5137113921875 0.063444515625 0.5051963921875 0.0574074125 0.49657607031250006 0.05313824375 0.49094816249999995 0.0489079578125 0.4925720171875
1 0.5036318171875 0.677104896875 0.4929499640625 0.634889571875 0.4851329640625 0.6289137375 0.4926554625 0.6688719203125 0.5036318171875 0.677104896875
1 0.5672876 0.690637546875 0.5697965359375 0.6944267203125001 0.5723347078125001 0.6934524078125001 0.57445236875 0.6948270625 0.5762588578125001 0.694737078125 0.573367146875 0.6879015203125001 0.5715900890625 0.6860189546875 0.5589850968750001 0.652135415625 0.558684403125 0.6520496859375 0.55713663125 0.651462040625 0.557160903125 0.6546209000000001 0.5579600796874999 0.656702828125 0.559652928125 0.6590200265624999 0.5599001140625 0.66071038125 0.5571474390625 0.6631751125 0.5585397875 0.66819751875 0.5608468249999999 0.67146073125 0.56544948125 0.6837998609375 0.5672876 0.690637546875
1 0.53822874375 0.6550490390625 0.5412344625000001 0.6609607859375 0.5431665609375 0.6698745140625 0.5451857921875 0.673172771875 0.5489124828125 0.68288113125 0.5511221046875 0.6931718390625 0.5586250453125 0.694013078125 0.5528987859375001 0.6765232375 0.5466623640625 0.6648112515625 0.5453527828125 0.6575192359375001 0.54379631875 0.654772521875 0.5403085125 0.650177321875 0.54232115625 0.64382271875 0.5414488468750001 0.6389778500000001 0.5374366359375 0.637550971875 0.5351187375 0.6443747734375 0.53822874375 0.6550490390625
1 0.53474776875 0.6710946453125 0.5294609593749999 0.66085366875 0.5242397953125 0.6591113921875 0.5277907203125001 0.6529709125000001 0.5255109609375 0.6470319375 0.525893346875 0.64449645 0.524283546875 0.642046796875 0.5194072921874999 0.6412030359374999 0.5198500546875 0.6488529375 0.5150863015625 0.6500026765625 0.5152124265625 0.6550836890625 0.5200626484375 0.65764725 0.5192113703125 0.667855715625 0.5223017734375001 0.67826091875 0.52781571875 0.6890936015625 0.5314614421875 0.6873421203125 0.5378266671875 0.6879663375 0.5298141171874999 0.6801294640625 0.53089253125 0.670512703125 0.5340204765625 0.6727316171875 0.53474776875 0.6710946453125
1 0.5224993671875 0.677380453125 0.519706453125 0.6701046625 0.5180286828125 0.6597606609375 0.5143487484375 0.6571501750000001 0.5143958859375 0.6527821265625 0.51674244375 0.6498698265625 0.51286590625 0.6491451968749999 0.514202525 0.6427735078125 0.5077031296875 0.6385297328124999 0.5040263765625 0.6287770609375001 0.49996145312499995 0.6271692625 0.497633334375 0.6306528015625 0.5010872328125 0.637121690625 0.4992759734375 0.6479249546875 0.5008999328125 0.653637928125 0.5053848515625 0.65681945625 0.5083590109375 0.6680990437500001 0.5131549328125 0.674052778125 0.5168227359374999 0.6836077328125 0.5214867859375001 0.681239053125 0.5231272031249999 0.6855124859374999 0.526459625 0.6856916546875 0.522032234375 0.6801747703125 0.5224993671875 0.677380453125
1 0.3251580953125 0.5869543312500001 0.3212080296875 0.584359534375 0.3206438921875 0.58033928125 0.317066778125 0.576557834375 0.3174162234375 0.5728029234375 0.314758725 0.5681907296875 0.313520146875 0.56705694375 0.310296378125 0.568294434375 0.31010067812500003 0.5718394609375 0.321512959375 0.5970786234375 0.323273434375 0.6099053 0.325771890625 0.6123155625 0.3276131296875 0.6167633484375 0.3325834484375 0.6190293671875 0.330565440625 0.6106766453125 0.3316715484375 0.6080645 0.32710469531249997 0.59651624375 0.328763784375 0.5953010609375 0.3251580953125 0.5869543312500001
1 0.1503240359375 0.54556940625 0.14801062812500002 0.539542771875 0.15106264062500002 0.534675009375 0.149674596875 0.5310590281249999 0.148437975 0.52783751875 0.1451589265625 0.5185104984375 0.1426737609375 0.508853590625 0.147253321875 0.5047823921875 0.145831175 0.5002491640625 0.14183613125 0.49625098437500004 0.138692071875 0.4928564765625 0.134573959375 0.48613966875000003 0.13160967968749998 0.480815478125 0.12720064375 0.47652361875000004 0.124682609375 0.477942796875 0.1230956859375 0.48501403125 0.1237301234375 0.4898496328125 0.1235392671875 0.49497688906250004 0.122631571875 0.49902152656250004 0.121350159375 0.5036622140625 0.1251911140625 0.5104854109375 0.128061915625 0.5227601546875 0.13157784374999998 0.5310910515625 0.1375927046875 0.5467603000000001 0.13895239375 0.5527004375 0.143115296875 0.5515550453125 0.1442169296875 0.5488440421874999 0.1461849765625 0.5531425734375001 0.149779796875 0.55452851875 0.1529889796875 0.553296628125 0.1503240359375 0.54556940625
1 0.28749159375 0.56382249375 0.2851382140625 0.5631417843750001 0.28238123437499996 0.5642000890625 0.2826518734375 0.566736346875 0.28322884375 0.569155015625 0.2819208375 0.5712412 0.2803210890625 0.573439375 0.2794876609375 0.57584626875 0.28622803124999996 0.590658703125 0.28844193281249997 0.5982573328125 0.299775778125 0.6012739421875 0.2999881296875 0.5990803125 0.3014014125 0.6027620375 0.3039784421875 0.604940984375 0.30436745468750004 0.60320756875 0.2919353796875 0.5726521250000001 0.2899648375 0.5702655156249999 0.28749159375 0.56382249375
1 0 0.564326940625 0.0068000140625 0.5711437671875 0.0188011234375 0.606767771875 0.0380958296875 0.6395920265624999 0.04499570625 0.6444866859375 0.0815174890625 0.6480682609375 0.08611740625 0.65133136875 0.091952284375 0.6490915687500001 0.10031087968750001 0.653426278125 0.1226391890625 0.6549129437500001 0.15040865625 0.6618542187500001 0.1547848140625 0.66017436875 0.15938473125 0.6634374734375 0.1637608890625 0.6617576234375 0.19153035624999998 0.6686988984375 0.19590651406249998 0.6670190484375 0.2005064328125 0.67028215625 0.206341309375 0.66804235625 0.2416281328125 0.6771268390625 0.2474630109375 0.6748870390625 0.25582160625 0.6792217484374999 0.3013194640625 0.68438658125 0.3148954578125 0.6892329453125 0.3207303359375 0.6869931453125 0.32908893125 0.69132785625 0.36185203593750004 0.6938378265625 0.3881627828125 0.7013390515625 0.402132496875 0.69849100625 0.4033674578125 0.6929881 0.399778740625 0.6792791296875 0.33470861875 0.6187667640625001 0.3330261390625 0.61438375625 0.33993074375 0.6117333265625 0.43759785000000007 0.6295597859375001 0.44432776562500004 0.6470918125 0.4545925984375 0.6607524859375 0.46547491250000006 0.67166170625 0.47237478906249997 0.6765563671875 0.476750946875 0.6748765171875 0.4913919390625 0.686857340625 0.4980680546875 0.6868090437500001 0.5022204546875 0.6801862375 0.5005379750000001 0.67580323125 0.49363809999999997 0.6709085703125 0.49986669843750003 0.6609743625 0.5353234828125 0.6574214765625 0.5401695078125 0.6615679437499999 0.5432883578125 0.669450596875 0.5524881921875 0.6759768109375 0.5600593453125 0.695700340625 0.5675767015625001 0.6978435468749999 0.5721228218750001 0.6835263312500001 0.567916625 0.6725688140625 0.55052815625 0.6490705234374999 0.5459282390625 0.6458074171875 0.54155208125 0.6474872671874999 0.538084209375 0.6391798296875 0.52661506875 0.5160452015625 0.5288344656249999 0.514075734375 0.54555165625 0.52274515625 0.554921453125 0.5166340015625 0.6341312515624999 0.56166095625 0.6428835671875001 0.55830125625 0.644118528125 0.55279835 0.6405298109374999 0.5390893796875 0.6012067531249999 0.506410015625 0.5980655546875 0.5025869593750001 0.599300515625 0.4970840515625 0.8196123765625 0.49549027343749996 0.8283646921875001 0.4921305734375 0.8325170921874999 0.4855077671875 0.8588278390624999 0.4930089921875 0.881326109375 0.48185828906249994 0.8825610703125 0.47635538125 0.8789723531250001 0.4626464125 0.8712312375 0.4555602484375 0.8653963609374999 0.4578000484375 0.856196525 0.4512738359375 0.8353269359375 0.4492272203125 0.8269683390625 0.4448925109375 0.8225921812499999 0.44657236093749997 0.8142335859375001 0.4422376484375 0.8098574265625 0.44391749843749995 0.8029575515625 0.43902283906250006 0.7985813921875 0.4407026890625 0.7916815171875 0.435808028125 0.7850054 0.43585632499999993 0.7605470921874999 0.42010074062499997 0.7344601046875 0.41754247187500004 0.6668038984375 0.398253609375 0.6636626999999999 0.39443055312499997 0.6569865828125 0.39447884843750003 0.6402693921875 0.385809428125 0.6139586453125 0.378308203125 0.610817446875 0.374485146875 0.6041413296875 0.37453344375 0.5987001734375 0.369078834375 0.5738481453125 0.36101765937499997 0.5684069890625 0.3555630484375 0.561730871875 0.3556113453125 0.516179215625 0.3328661890625 0.5155617359375 0.33561764374999997 0.5057444203125 0.33184288125 0.495309625 0.330819575 0.49194466875 0.3220535625 0.4792099140625 0.3193987015625 0.47376875781249994 0.313944090625 0.391421428125 0.27992778125 0.390308615625 0.26917327812499997 0.7957672796875 0.30834648124999997 0.8583436609374999 0.3347860828125 0.8614848578125001 0.3386091390625 0.868160975 0.33856084375 0.871472134375 0.3297465328125 0.8681071781249999 0.3209805203125 0.8595248234374999 0.311702853125 0.8536899453125001 0.31394265312499997 0.852454984375 0.31944555937499997 0.8454152781250001 0.3131431984375 0.36011337656250003 0.262024159375 0.35720995 0.265975465625 0.3489352859375 0.2651760140625 0.35111936718750003 0.2545807953125 0.3331313515625 0.2396940640625 0.32387771875000004 0.215587528125 0.316136603125 0.20850136406250003 0.30676680625 0.21461251718750002 0.31747915937500004 0.2381591046875 0.3150092390625 0.24916491718749997 0.324111284375 0.2627776546875 0.316409875 0.2637138125 0.31583661875 0.2619782 0.29928728437499996 0.26037929375 0.2946774796875 0.263507053125 0.2910126171875 0.259579840625 0.290029525 0.252216225 0.280733615625 0.229634571875 0.27781617812500004 0.230754471875 0.2723750203125 0.2252998625 0.24752299375 0.2172386875 0.24208183593750002 0.211784078125 0.20802997343750002 0.1971966890625 0.205112534375 0.1983165890625 0.17773678906249998 0.1836809046875 0.17481934999999998 0.1848008046875 0.1535022421875 0.172868278125 0.1462086453125 0.1756680265625 0.13930876875 0.170773365625 0.1305564515625 0.174133065625 0.12870401250000002 0.1823874265625 0.1410988421875 0.21031701875 0.13921521875 0.2424703859375 0.133793953125 0.2443902328125 0 0.23146379218750002 0 0.33573255625 0.148581921875 0.47397356874999996 0.14631883125 0.48369409062499996 0.1220192390625 0.484323971875 0.11773495781250001 0.490843459375 0.11166641875000001 0.4780864046875 0.103925303125 0.471000240625 0.0951729875 0.47435994062500003 0.09124434687500001 0.48592570312500005 0.03867665 0.488503578125 0.0277943375 0.47759435625 0 0.48826360312499995 0 0.564326940625