1 0.3675791484375 0.6494782203125 0.3704411484375 0.6507939171875 0.373791446875 0.6551451765625 0.3785751359375 0.649651246875 0.393083915625 0.6482853921875 0.3965774359375 0.658077740625 0.4039358609375 0.653456534375 0.40297709531250003 0.6462232375 0.411294284375 0.6488353265625 0.41111108124999995 0.64508056875 0.43779561562499997 0.642427140625 0.4342072578125 0.636239753125 0.44005931093750006 0.6352721953125 0.4459209421875 0.641486828125 0.447532640625 0.635741234375 0.4471380625 0.61807646875 0.4493741328125 0.6106154296875 0.44422799843750005 0.5980329703125 0.43152718125 0.5861066984375001 0.42320446875 0.5835693 0.4117917203125 0.5988792468749999 0.4107511625 0.6041990265625 0.4048895328125 0.59798439375 0.4078475046875 0.584312028125 0.399027903125 0.591769759375 0.393600696875 0.5944170015625 0.39188956406250003 0.5926515140624999 0.3931662734375 0.5855551250000001 0.38934960625000004 0.5866095437500001 0.38806625625 0.5852854265625 0.387304640625 0.5793404921875001 0.38424295 0.5779193390625 0.380847425 0.570994625 0.3755813828125 0.5669112234375 0.3765963375 0.5631871671875001 0.36971975156250003 0.5606965890625 0.361271384375 0.562490671875 0.3553031 0.5695646421875 0.35244265937499997 0.5787411265625 0.3556759640625 0.5872215046875 0.368068546875 0.5999946421875 0.373096128125 0.6062140406250001 0.3738858734375 0.609415528125 0.3705267171875 0.615975975 0.36113784375 0.6203540796875 0.360394528125 0.637125159375 0.36230716093750004 0.6519365875 0.36481235 0.6557624453125 0.3675791484375 0.6494782203125
1 0.7246799109375 0.48063365156250004 0.739593328125 0.4910413875 0.7529054953125 0.4784515359375 0.7284445296875 0.4514740234375 0.7222374265625 0.4616702078125 0.7246799109375 0.48063365156250004
1 0.5231609828125 0.5635877203125 0.52208073125 0.5747646484375 0.5352523609375 0.5868499875000001 0.5417321375 0.5926265953125001 0.55157749375 0.5867916234375 0.5634891984375 0.5799750718750001 0.5722560984375 0.575887 0.58285455625 0.570313840625 0.5804096015625 0.5664238359375 0.569551125 0.5633200671874999 0.563216165625 0.56187501875 0.5537861359375 0.561873225 0.551989503125 0.5620799921875 0.5479363578124999 0.5520347734375 0.54215643125 0.53963968125 0.5273931421875 0.538987771875 0.5179544140625 0.5484012015624999 0.5166960140625 0.5578042078125 0.5231609828125 0.5635877203125
1 0.258994071875 0.378455971875 0.24377166562500002 0.374808984375 0.22644519375 0.3828884515625 0.2179771125 0.3979791359375 0.2214685546875 0.41145939374999996 0.2302092734375 0.42250990312500003 0.2690265671875 0.4008213203125 0.258994071875 0.378455971875
1 0.395458628125 0.2944847359375 0.392146334375 0.3028082078125 0.4013881640625 0.32173811875 0.43468894375 0.30155821562499996 0.4369427375 0.30093995156250003 0.4191018546875 0.28263038125 0.40504324843750006 0.2824070953125 0.395458628125 0.2944847359375
1 0.291208771875 0.7541415765624999 0.2878231875 0.749896915625 0.2846568265625 0.7520765468749999 0.306085190625 0.7795487046875 0.30722547968749997 0.779016978125 0.307816040625 0.7747932343749999 0.3061241875 0.7711650421875 0.30346284687499997 0.7679708984375 0.298014109375 0.7672664578124999 0.29498258125 0.760765328125 0.29364290937500004 0.757892390625 0.291208771875 0.7541415765624999
1 0.26871905156250003 0.7842443125 0.264420140625 0.774097346875 0.2552806609375 0.769615065625 0.2518795078125 0.7646024171875 0.24749889375 0.7670778281249999 0.24677712812500002 0.771020203125 0.24798743124999997 0.77407966875 0.248208009375 0.7759059203125 0.2476639921875 0.78297458125 0.24603536718750002 0.7858614484374999 0.247671978125 0.7893711703124999 0.25271376874999996 0.7942678234375 0.260870953125 0.8058067890625 0.2684360953125 0.8165400843749999 0.2722155703125 0.8173378109374999 0.276112759375 0.8106166203124999 0.26832300625 0.8016827921875 0.26871905156250003 0.7842443125
1 0.275338240625 0.3573668625 0.270332815625 0.3597009296875 0.270663884375 0.3684529015625 0.2755115640625 0.378848784375 0.278871003125 0.38806362499999997 0.2812569625 0.39116983125 0.29067729062500003 0.387245815625 0.296863759375 0.38342350625 0.3063878703125 0.37570105468750004 0.3042074015625 0.3720302703125 0.29307154375 0.36222283593750004 0.2867594953125 0.35672859687499997 0.27957360000000003 0.35539188125 0.275338240625 0.3573668625
1 0.2231946953125 0.787605878125 0.2332877 0.8056160374999999 0.252285559375 0.8337528031250001 0.2559208984375 0.837953115625 0.275957409375 0.8286099374999999 0.2731039890625 0.8206735765625 0.2512830484375 0.7955299375 0.24820553437499998 0.7709130281250001 0.23426639218749998 0.75722041875 0.22091390781250003 0.7592460171875001 0.22160126875000002 0.7715458296875 0.2231946953125 0.787605878125
1 0.297211046875 0.8159227296875 0.302354503125 0.8141553140625 0.3007247984375 0.8106604015625001 0.29357219218749997 0.8035568953125001 0.284864721875 0.7835304437499999 0.2809212671875 0.7764268984375 0.2781052484375 0.772205109375 0.2744177796875 0.770715434375 0.27023091875 0.7722531312500001 0.26781143125 0.7757251328125 0.26689487343749996 0.77743259375 0.266966803125 0.7812212109375001 0.267810796875 0.7912664703125001 0.271657134375 0.7963059046875001 0.2815720765625 0.8189604453125 0.2842891796875 0.8238593734374999 0.2896332953125 0.821169053125 0.2929504609375 0.8164130625 0.297211046875 0.8159227296875
1 0.31286310624999997 0.7952825578125 0.3077611609375 0.7901795765624999 0.3049627875 0.7863822578125 0.30655724218749997 0.7788598296875 0.29776710624999997 0.768012653125 0.288020615625 0.7565837765625 0.28628393750000003 0.754328665625 0.28265574375 0.7560205203125 0.2816947203125 0.761228321875 0.281630934375 0.763295346875 0.283435034375 0.76789885625 0.27949545468750003 0.7710880906249999 0.2807073140625 0.7722177234375 0.28572703125 0.7749792125 0.2877676734375 0.7808245953124999 0.293597696875 0.794061721875 0.30392536875 0.8096367062500001 0.3036250390625 0.8104618562500001 0.30825165781249997 0.807276771875 0.305130359375 0.8005831265625 0.30330314999999997 0.7973606015625 0.301435265625 0.794824121875 0.3035402109375 0.7935000171875 0.3057125765625 0.7945243078125 0.312742403125 0.8095998203124999 0.3154775109375 0.8103617015625 0.317331103125 0.8078026265625 0.31286310624999997 0.7952825578125