1 0.3288692890625 0.8378741640625 0.32647593750000004 0.8365725062499999 0.325365371875 0.8370239515625 0.3252702609375 0.8385154640625 0.32604025000000003 0.8419741234375 0.3274066015625 0.8452782140625 0.331343184375 0.8499715765625 0.332438178125 0.8513994109375 0.334574328125 0.8550993312499999 0.336928834375 0.8537399562499999 0.33488779687500003 0.848548525 0.333347184375 0.8449113546874999 0.3304246484375 0.839849375 0.3288692890625 0.8378741640625
1 0.43713225 0.7496723624999999 0.433994178125 0.7449245624999999 0.432396328125 0.74525075625 0.4314835 0.746075940625 0.4313847984375 0.7476237359375 0.43215944687499996 0.748965465625 0.432229334375 0.7501177640625001 0.4321215609375 0.7540560953125001 0.4326379921875 0.7549505812499999 0.4341174 0.7564817406250001 0.4358945046875 0.7578410265625 0.4386543265625 0.7595274265625 0.4428369984375 0.7660845265625 0.4443558875 0.7669965703125 0.44480243125 0.7667387578125 0.445434640625 0.7633650249999999 0.44414356093749996 0.7611288093749999 0.44160088125 0.756037259375 0.44013054687500003 0.7521155640625 0.4385417703125 0.7500512234375 0.43783700937500003 0.7498617921874999 0.43713225 0.7496723624999999
1 0.36366360000000003 0.7948271765625 0.3656971703125 0.799318175 0.368140759375 0.8073943437500001 0.3705857625 0.8093167156250001 0.3717211609375 0.8076582828125 0.37319314531250003 0.8111453359375 0.37414287968750004 0.8126028234374999 0.374613478125 0.814011675 0.3778884265625 0.8129340515625 0.37835097812499996 0.8120164624999999 0.37777585937499997 0.8110203296874999 0.374017271875 0.8070102640625001 0.37115550625 0.802834790625 0.36924124687500004 0.7989254453125 0.3686621046875 0.79676609375 0.36659749218750004 0.793783828125 0.36456925 0.794114559375 0.36366360000000003 0.7948271765625
1 0.37664029375 0.7944909703125 0.3741047359375 0.7941930078125 0.3723669125 0.7967142578125 0.375000434375 0.8009944000000001 0.3784723828125 0.80582049375 0.3833902234375 0.8143384421875 0.3866256359375 0.8187860921875 0.3872275265625 0.818953596875 0.391593734375 0.8189535906250001 0.393488165625 0.817859840625 0.390581390625 0.8139814109374999 0.38769518125 0.8095760984375 0.384030634375 0.8061351671875 0.38017024843749997 0.8000425312500001 0.37664029375 0.7944909703125
1 0.27518451875 0.8505456640625001 0.27406328593749996 0.8489161328125 0.27309094843750004 0.8498569921874999 0.27280750781249996 0.8520535593749999 0.273849634375 0.8545148265625 0.274448225 0.8555516171875001 0.27409072968750003 0.8550261640624999 0.276500565625 0.859543875 0.27913394375 0.8634175187500001 0.2823127109375 0.8658920531250001 0.283787559375 0.86729031875 0.284828671875 0.8669060765625 0.2839849609375 0.8641947265625 0.2815607671875 0.8599021499999999 0.2777564453125 0.8541566218750001 0.2767262015625 0.8521221859375 0.27518451875 0.8505456640625001
1 0.49502148281249997 0.73381445625 0.496956509375 0.73269726875 0.4976601546875 0.73229101875 0.4974016484375 0.731030771875 0.49315267812499997 0.7232650890625 0.490359540625 0.7192397328125 0.48741382031249997 0.714950096875 0.4856887578125 0.7127747015625 0.48287417499999996 0.7143997015625 0.48267493437500003 0.7148671078125 0.48349711093750003 0.71791615625 0.48827381562500005 0.725377153125 0.4921816875 0.7305207859375 0.49502148281249997 0.73381445625
1 0.2248353234375 0.8955258 0.22650198906250002 0.89841255 0.22779131874999997 0.903333234375 0.22988149062500002 0.90714101875 0.2310738265625 0.908268703125 0.2342294640625 0.9066094281250001 0.23405049843749998 0.9057369515625 0.2342389265625 0.90278206875 0.232714075 0.9003284484374999 0.231083734375 0.8980983640625 0.229452134375 0.8948661 0.2282520421875 0.8922249796875 0.22707624843750002 0.8894071953125 0.2231996546875 0.8884739875 0.22245943750000002 0.8900668953125 0.2241506921875 0.893589984375 0.2248353234375 0.8955258
1 0.325888134375 0.8202419031250001 0.3291017234375 0.8242142515624999 0.3346236828125 0.8340910671874999 0.33831631875 0.8327993984375001 0.3336573734375 0.8241048703124999 0.3306465703125 0.8169525046875 0.32756267031249997 0.8148297828125 0.324577615625 0.8115657671875001 0.3231417546875 0.813235034375 0.32399914218750003 0.8163450734375 0.323605509375 0.81822578125 0.325888134375 0.8202419031250001
1 0.3523436765625 0.8335642453125001 0.3532776953125 0.8364945125000001 0.35441274843750004 0.8389292328125 0.35622535312500003 0.8411625078125 0.356755996875 0.8414253593750001 0.3573252953125 0.8412864125 0.359551084375 0.8382665921875001 0.3572095859375 0.833085996875 0.355815346875 0.8300148546875 0.3537127578125 0.8268105640625001 0.3514215515625 0.8234983281250001 0.34963246406250004 0.8239620390625 0.3511523671875 0.8277195875000001 0.35162020156249996 0.8289673984375 0.35199748125 0.8318396187499999 0.3523436765625 0.8335642453125001
1 0.36530348125 0.8061050359375 0.3654132390625 0.80520139375 0.3639226296875 0.8026195812499999 0.3621765671875 0.7997515625 0.36036483124999996 0.79995729375 0.35855416562500003 0.7981023765625 0.357593128125 0.7978440625000001 0.35699788125 0.7985943140625 0.35682046562499997 0.7995370203125 0.3572312625 0.8002485421875001 0.35778911562500004 0.800902271875 0.3571922171875 0.8020871640625 0.3575384109375 0.803811790625 0.358500853125 0.8054787875 0.35821561874999996 0.8077034968750001 0.359024796875 0.8097300359374999 0.360313503125 0.810368390625 0.361414415625 0.810681475 0.36243554218749996 0.8124501203125 0.36279968125 0.8138933265625001 0.36337411875000003 0.8155132828125 0.3647715125 0.8173086390625001 0.3677144671875 0.8214372375 0.36906016406250003 0.819955553125 0.3664818390625 0.8135835109375 0.37116334375000004 0.8172233640625001 0.372537653125 0.8175412390625001 0.3719808703125 0.8148268640625 0.369332746875 0.8126151796875 0.367756534375 0.8103538468749999 0.3668438046875 0.808929203125 0.36530348125 0.8061050359375
1 0.30223155 0.844986246875 0.29873311875 0.8418017843750001 0.2963782765625 0.8396918296875 0.29367456718749996 0.8410088671875 0.29435934218750004 0.8433511828125001 0.2987259296875 0.8494768328125 0.3028192640625 0.8560041953124999 0.3048181234375 0.8491850734374999 0.30223155 0.844986246875
1 0.3571899 0.8284894015625 0.3586158625 0.8294279906250001 0.3589744734375 0.830549121875 0.36173161875000004 0.8373871390625001 0.36253677500000003 0.838250459375 0.3659806015625 0.8375903421875 0.36325216718750003 0.8303020562500001 0.361714609375 0.827638928125 0.3601008546875 0.826375071875 0.35975921875 0.8247833421875 0.3591384140625 0.824708075 0.35697844375 0.825060646875 0.3571899 0.8284894015625
1 0.353850225 0.8150486625 0.35579820156249997 0.812297659375 0.3515611125 0.8049588062499999 0.34794749375 0.8001060843750001 0.346769315625 0.8032529187499999 0.3440349640625 0.7970793828125 0.34089605624999997 0.8001113859375 0.345321575 0.8044953578125 0.345783534375 0.809514246875 0.3489794671875 0.8145810140625 0.35295757031249997 0.8167837921875 0.353850225 0.8150486625
1 0.405627365625 0.7740418015625 0.41780584843749996 0.7670105515625 0.42466864531250004 0.7820222671875 0.46978596875 0.7168641921875001 0.492500840625 0.7066539296875 0.499534096875 0.7116930328125 0.50657635 0.7238905718749999 0.5141569703125 0.7276455921875 0.522275959375 0.7229580921875 0.5216406171875 0.71248265 0.529284325 0.6907219390625 0.6461317703125 0.64060765 0.6612105296874999 0.669849828125 0.6674379859374999 0.6743860984375 0.6767306828125 0.671731521875 0.676274796875 0.6584419046875001 0.6647171640625 0.6352984968750001 0.6580090843749999 0.62972815 0.7589662640625 0.53725240625 0.8464826249999999 0.5032505109375001 0.85271008125 0.5077867828125 0.862002778125 0.5051322046875 0.8615468921874999 0.4918425875 0.84863609375 0.4694804296875 0.8360017265625 0.46322206093749996 0.8302301562500001 0.471975409375 0.8356476468749999 0.4824004421875 0.8242914984375 0.4774151578125 0.764904921875 0.5318126546874999 0.6520827953125 0.629040128125 0.6520704281249999 0.6351679015625 0.51467839375 0.6969862250000001 0.51694578125 0.7043509546875 0.5081914515625 0.6985630109375001 0.4092129796875 0.744091553125 0.41094305000000003 0.7519988375 0.40218872031249997 0.74621089375 0.39406973125 0.75089839375 0.393531365625 0.759340915625 0.38824633125 0.7566322796875 0.3416591234375 0.8025033687500001 0.30738471093749997 0.8226305328124999 0.3007983421875 0.8237226078125 0.2977331015625 0.8309134546875001 0.3067187171875 0.8369066859375 0.3008953171875 0.8426405718750001 0.3077581140625 0.8576522875 0.31398557031249996 0.8621885578124999 0.3256256859375 0.863599828125 0.3325709640625 0.8568794046875 0.32336074843749996 0.8378018421875 0.31613903906249996 0.828418475 0.31836551874999997 0.8254389140624999 0.335835721875 0.8082372546875 0.4113164546875 0.7870205921875 0.405627365625 0.7740418015625