1 0.8460716937500001 0.75855393125 0.843432653125 0.7594807140625 0.8423288812499999 0.7647522328125 0.8430342218750001 0.768602825 0.8416456812499999 0.7882503187500001 0.8405305640625 0.7970829515625 0.8402998500000001 0.8093902421875001 0.8391689734375 0.8103638249999999 0.8450704484375 0.8102494578125 0.8497192359374999 0.7824483156250001 0.851137915625 0.766179015625 0.8460716937500001 0.75855393125
1 0.8837484906249999 0.751273403125 0.8857683062499999 0.74565874375 0.8832727984375 0.7441047249999999 0.8809131640625001 0.7454010921875 0.8800455250000001 0.7505642328125 0.8761695234375001 0.7549034765625 0.8751520875000001 0.7602343171875 0.8759202140625 0.76442405 0.875730003125 0.7725136874999999 0.876167153125 0.7752412578125 0.8730281828124999 0.7898295484375 0.87049889375 0.7933435125 0.87088515 0.79441234375 0.879257690625 0.795801375 0.8794720843749999 0.79337771875 0.8827326328125 0.7730967421875 0.885087940625 0.7640844953125 0.8855908828124999 0.752759228125 0.8837484906249999 0.751273403125
1 0.8667695125 0.7677860390625 0.8683278453125001 0.7598414890625 0.868527921875 0.7521307421875 0.867127978125 0.7483948796875 0.8691130296875 0.743813475 0.86813275625 0.7412455140625 0.8657980234375 0.7411297343750001 0.8637146546875 0.7432671281250001 0.8626817671874999 0.7453398124999999 0.863801296875 0.7479273453124999 0.8641935984375 0.750412671875 0.8632414359375 0.7529213921875 0.8620491937500001 0.7593837765625 0.8615405953125 0.7608695078125 0.8584924265625 0.760441115625 0.8577242578125001 0.76276335 0.8599834156249999 0.7635291421875 0.8589922124999999 0.7695714921875 0.8593299999999999 0.7755882734374999 0.8597705109374999 0.778741009375 0.8596687515625 0.7888957671875 0.8594438171875 0.7915066937499999 0.85810315 0.7937484671874999 0.8596215062500001 0.79551906875 0.8618324562499999 0.7956174515625001 0.861880665625 0.7962848609375001 0.8633731984375 0.78566493125 0.8637878875 0.776427134375 0.8657092578125001 0.771176146875 0.8667695125 0.7677860390625
1 0.8938834765625 0.736866140625 0.890093528125 0.7501360484374999 0.8871144390625 0.7658321359375 0.8861296968750001 0.778340178125 0.8945792734375001 0.778395171875 0.8960067734375 0.7682379828125 0.9017657124999999 0.754654946875 0.9036679624999999 0.7411197406250001 0.9002432234375 0.7325928375 0.8946867781250001 0.7283435953125 0.8938834765625 0.736866140625
1 0.9317071125 0.7540261453125 0.9340760031249999 0.7606351015625 0.9314342828125 0.777298775 0.935428596875 0.7872741859375 0.9387179937499999 0.761735778125 0.94139371875 0.7576289484375 0.9406651796875 0.752147103125 0.9416238453125001 0.7495921078125 0.9399047093749999 0.7426261796875 0.941342709375 0.7387936875000001 0.939097384375 0.7313055187499999 0.9362661640625 0.73225248125 0.9358038343749999 0.7398084 0.9352307890624999 0.7374864234375 0.9317817453125 0.742829434375 0.9317071125 0.7540261453125
1 0.7180886859375 0.624413328125 0.7176719406250001 0.621877378125 0.717790484375 0.6171044359375 0.7167866625 0.61481629375 0.712831725 0.619380384375 0.7129980890625001 0.623697890625 0.713295525 0.627868659375 0.7126321765625 0.63258863125 0.7120748906250001 0.6381257046875 0.71215020625 0.6430910515625 0.715467809375 0.643061834375 0.7162354515625 0.6352420999999999 0.7179874046875 0.62984933125 0.7186592640625 0.62664058125 0.7180886859375 0.624413328125
1 0.9594449609375 0.7535831296875 0.960251384375 0.747845128125 0.9610155359375 0.742407909375 0.95952790625 0.73974505 0.9595585453125001 0.7351485062500001 0.9575066218750001 0.7293155140625001 0.953373428125 0.73088169375 0.9530840734374999 0.74315715 0.9530738609375 0.7446893296875 0.9518144859375001 0.7463526765624999 0.9493988765625 0.7518645234375 0.9477674359374999 0.760553809375 0.9480327031250001 0.7630448765625 0.9470047046875001 0.7718189718749999 0.9462726124999999 0.778487590625 0.946145796875 0.7793899359375 0.9478715859375001 0.7802459265625 0.9492732500000001 0.7776824078125 0.9498260406249999 0.7737491000000001 0.9505869390624999 0.76833501875 0.9520609265625 0.7651446234375 0.9528636890625 0.7711087812499999 0.9518881765625 0.7780499109375001 0.951370696875 0.78319148125 0.952853065625 0.7843199859375 0.9556511328124999 0.7776585921875 0.955906596875 0.77000281875 0.9566284765624999 0.7648663796874999 0.9580383453125 0.7592131859375 0.9594449609375 0.7535831296875
1 0.857262378125 0.752128278125 0.8535333109375 0.7478999187500001 0.8490450453125 0.746042240625 0.8459093875000001 0.75083944375 0.8451452359375 0.7562766640625 0.8470587093749999 0.7587162421875 0.8480594984375 0.7619241265625 0.8498514140625 0.7668004078124999 0.8513625921875001 0.7691834484375 0.8537207625000001 0.768571103125 0.8566047953125 0.7671360875000001 0.85835609375 0.7590534984375 0.857262378125 0.752128278125
1 0.5505907578125 0.6371607578125 0.5527129953125 0.64080938125 0.551153678125 0.644719203125 0.550174915625 0.6516834703125001 0.552928421875 0.6526367093750001 0.55423279375 0.64515194375 0.5559097390625001 0.6393947203125 0.5572858671875001 0.6322975453125 0.5560010671875 0.6298755375 0.556140453125 0.6270874296875 0.5545727546875 0.6266783515625 0.5531925 0.6302122375 0.5517225703124999 0.630005653125 0.5505907578125 0.6371607578125
1 0.566115478125 0.6245963031249999 0.5653194171875 0.6227384578125 0.563648340625 0.622503603125 0.5626814890625 0.624892290625 0.5610574875000001 0.6273537796875 0.5597179328124999 0.630822603125 0.5593292796875 0.6366193203125 0.56027088125 0.637553853125 0.562545403125 0.637873515625 0.5652683328125 0.6336553484375 0.56609751875 0.6277553874999999 0.566115478125 0.6245963031249999
1 0.52115699375 0.6290131156250001 0.5199619765625 0.6307798828125 0.519999971875 0.6329794734374999 0.519749590625 0.6347610312499999 0.5194666921875 0.6367739593749999 0.518932975 0.6387752328125 0.51889720625 0.6390297406250001 0.517891903125 0.6406816046875 0.517713059375 0.6419541453125001 0.51741065 0.644105896875 0.5173258656249999 0.6470668374999999 0.5174567 0.649279478125 0.5182615109375 0.6502891625 0.519885165625 0.6497387453125001 0.52100864375 0.6484809953124999 0.521414759375 0.6474999296874999 0.521950265625 0.6461595453125 0.522365809375 0.6437641578125 0.522437346875 0.6432551421875 0.5228846203125 0.6407462453125 0.523197896875 0.6397521328125 0.5235939296875001 0.63749556875 0.5237261359375001 0.6353198984375 0.5233835046875 0.6328179578124999 0.52294725 0.6304208296875 0.5224470734375 0.6297134953125 0.52115699375 0.6290131156250001
1 0.5039251609375001 0.6304843671875 0.502174996875 0.6365380218750001 0.5018744468749999 0.6463109296875 0.5043049203125001 0.6483276906250001 0.5066495390625 0.6455663765625 0.507857453125 0.6432587578125 0.508715425 0.6418693171875 0.5095568109374999 0.6392506484375 0.5100183359375 0.6350685734375 0.509126753125 0.6322063546875001 0.508295709375 0.6304851609375001 0.508738159375 0.6282351203125 0.5076121265625 0.6256938625 0.5070469156249999 0.62544926875 0.506095778125 0.6254807546875 0.5039251609375001 0.6304843671875
1 0.8806719640624999 0.7313994859374999 0.8812408828124999 0.730158171875 0.8776705625 0.7290665453125 0.8757367734375 0.7301396312499999 0.8754213578125001 0.7323839296875 0.8766753218750001 0.735249890625 0.8765972796874999 0.7358051828125001 0.8756172046874999 0.7373898109375 0.8750970609375001 0.73828406875 0.8747816453124999 0.7405283671875 0.876907375 0.7417944765625 0.8774897375 0.742253828125 0.8789550625 0.743615878125 0.8812591984375 0.7418162328125 0.8844002046874999 0.742257671875 0.88513865 0.7416064437500001 0.8853763734375001 0.7380063609375 0.8845559796875 0.7365461984375 0.8809096468750001 0.7343113703124999 0.8806719640624999 0.7313994859374999
1 0.7870845156249999 0.6256004515625 0.731223359375 0.635366609375 0.14089256562500002 0.5627824312499999 0.13625068437500001 0.5621300578125 0.1313621921875 0.552005384375 0.1105970296875 0.5538058515625 0.104654465625 0.56240831875 0.1014813171875 0.5737594140625 0.1010775859375 0.587859134375 0.1035218328125 0.5929214703125 0.1128055953125 0.59422621875 0.136990515625 0.5905469562500001 0.142607909375 0.5842582000000001 0.144558934375 0.5703759359375 0.148629034375 0.563869721875 0.5416416749999999 0.619104046875 0.535699109375 0.6277065140625 0.53155045 0.6459987390624999 0.5345664765625 0.658219665625 0.543850240625 0.6595244140625 0.549467634375 0.6532356546875 0.553369684375 0.62547113125 0.55871466875 0.6217810765625 0.6740586046875 0.6424328515625 0.6681160390625001 0.6510353203125 0.6677123093749999 0.665135040625 0.6701565546875 0.6701973765625 0.67944031875 0.6715021250000001 0.6850577125 0.66521336875 0.6870087375 0.6513311046875 0.6833423671875 0.6437376 0.72324319375 0.636761775 0.7821225640625 0.6481826109375 0.7851385921875 0.6604035359375 0.7944223546875 0.6617082843750001 0.8000397484375 0.6554195265625 0.8047601906249999 0.644285890625 0.8067112156249999 0.6304036281250001 0.8030448453125001 0.622810121875 0.79506468125 0.6242052890625 0.7937610828125 0.621505375 0.7870845156249999 0.6256004515625