1 0.5519516328125 0.38594150156249996 0.543290090625 0.34319510000000003 0.53743453125 0.35008769375000004 0.5388506890625 0.35848529375 0.537706328125 0.3640611625 0.5358030328125001 0.3835716265625 0.534176325 0.386341153125 0.5519516328125 0.38594150156249996
1 0.1797845796875 0.3555585734375 0.1977228578125 0.358356409375 0.1977953640625 0.35420255312500004 0.19799757812500002 0.342617678125 0.1999433859375 0.3376822015625 0.20259976562499998 0.3269544859375 0.1959038015625 0.32021864375 0.19597594375 0.3160856609375 0.19357902656249998 0.3110535015625 0.1941747828125 0.31273430156250004 0.19356445312499998 0.3118884484375 0.1849226828125 0.310088084375 0.181771471875 0.313353 0.1798256640625 0.31828847968749996 0.1797247390625 0.324070478125 0.1825866546875 0.3373792375 0.18126575312499998 0.3423256234375 0.1797845796875 0.3555585734375
1 0.52823815 0.32276228125 0.5271618250000001 0.3190686125 0.525429803125 0.3135469375 0.5222909265625 0.309838146875 0.520798709375 0.304007459375 0.518832346875 0.29848169375 0.514979434375 0.2971825203125 0.512378934375 0.30202304999999996 0.513205253125 0.3066101953125 0.514537415625 0.30907640937499997 0.5151872828124999 0.3112383921875 0.5167115625 0.31523219999999996 0.51669553125 0.3161506421875 0.5164611484375 0.317044390625 0.5141642140625 0.3179230171875 0.5116380421875 0.31850532187499997 0.5093258484375001 0.3193628046875 0.5074925375 0.31964400312499996 0.502579071875 0.32628160156249997 0.5034957062500001 0.3265899203125 0.50783879375 0.3266657296875 0.5133540328125 0.3249454375 0.5191098484375 0.3219765453125 0.519972921875 0.32535329218750003 0.5187738109375 0.3286940421875 0.5165144484375 0.32652484375 0.51916820625 0.33206260625 0.52007431875 0.3320784234375 0.523287521875 0.3315289890625 0.52626675 0.3309545921875 0.5276626734375001 0.3297679171875 0.5286008468750001 0.327946853125 0.5288829171875 0.32521649531249996 0.52823815 0.32276228125
1 0.561710859375 0.316560546875 0.5593873265625 0.31896295 0.5589022078125 0.320791921875 0.5588916421875 0.3213972578125 0.5632191078125001 0.32147279375000004 0.5680152515625 0.3215565109375 0.5689107984375 0.3221776640625 0.5689534265625 0.319735446875 0.5673650203125 0.31941540156250003 0.5657981109375 0.3178638109375 0.5658618718749999 0.314210921875 0.565696759375 0.3102408390625 0.5627812484375 0.3080601875 0.5604737484375 0.30954415 0.5601916796874999 0.3122745078125 0.561278934375 0.3153419671875 0.561710859375 0.316560546875
1 0.6008668328125 0.312441615625 0.6036269796875 0.31188427343749997 0.602544184375 0.3067706515625 0.6023596734375001 0.30570255 0.6013544937499999 0.303304684375 0.6000498453125 0.30284343125 0.5995520171875001 0.3045051421875 0.5993088453125 0.3067976984375 0.598259215625 0.3069464171875 0.5981475374999999 0.30976326875 0.6008668328125 0.312441615625
1 0.49133457968750005 0.337506690625 0.490185259375 0.3478431125 0.48814640000000004 0.353633046875 0.48705391875000004 0.3607131796875 0.48695226406250003 0.3665369265625 0.487380090625 0.36978079531249997 0.488720046875 0.3762769875 0.4921666296875 0.37310074531250004 0.4950724359375 0.3731514671875 0.498958140625 0.3725720125 0.5005352890625 0.36547945937500004 0.49926273906249996 0.35512164375 0.49890268125 0.3479952765625 0.498058321875 0.3408604546875 0.4971236046875 0.3389023 0.49133457968750005 0.337506690625
1 0.574580103125 0.305363815625 0.574762340625 0.30835283750000003 0.5750605390625 0.310070203125 0.575572353125 0.3120836171875 0.5754884109375 0.3124162328125 0.5804495703125 0.31110387031250003 0.5807998703125 0.309836303125 0.580757871875 0.306870609375 0.5802704703125 0.30345866093749996 0.578967046875 0.30024126875 0.57513836875 0.3011349203125 0.5740719328125 0.303141665625 0.574580103125 0.305363815625
1 0.8814367140625 0.288503690625 0.8797406828125001 0.2898730484375 0.8786287921874999 0.2926933203125 0.878571953125 0.295949609375 0.8791885234375 0.295542771875 0.8832885718749999 0.2952176171875 0.8854628 0.29241588749999997 0.8869993265625 0.29123166875 0.8858266703125001 0.2885803171875 0.8849242015625001 0.288355765625 0.8848069609375001 0.2861195578125 0.8846755109375 0.28469742343750004 0.882873853125 0.28406045468749996 0.8819393218749999 0.28567278281249997 0.8814367140625 0.288503690625
1 0.949666996875 0.30186769999999996 0.9471600375 0.2959775375 0.9441078421875 0.2953605015625 0.9422112296874999 0.30463987812500004 0.9403904484375 0.3086796984375 0.9486802750000001 0.3082606390625 0.949666996875 0.30186769999999996
1 0.8551142078125 0.2995908734375 0.8515429093750001 0.29737789531250003 0.843156521875 0.29616663125 0.8403600734375001 0.29611781875 0.8380194078125 0.292339440625 0.8376477890625 0.29124719374999997 0.8356291468749999 0.2922977171875 0.8335737062499999 0.29545648125 0.8331019359375 0.2992066484375 0.8551142078125 0.2995908734375
1 0.8954860968749999 0.290273165625 0.8945985234375 0.29009063125 0.893446821875 0.28981996875 0.8925243140625 0.2907434671875 0.8922503046875001 0.2921167640625 0.8922891125 0.29347464218749997 0.892516484375 0.2947731703125 0.8925916828125 0.2949415234375 0.8918595609375 0.2957013046875 0.8899913609375 0.29619069531250003 0.889271946875 0.2971177390625 0.88865838125 0.29556190781249997 0.8878311562500001 0.29460786875 0.8873937218749999 0.29460023281250003 0.8868843703125 0.2942363828125 0.888705390625 0.30003104999999997 0.8912554765625 0.30076460156249996 0.8947774453124999 0.3013271984375 0.89632845625 0.3011037109375 0.897378859375 0.30001540625 0.8976740015625 0.2974314359375 0.8968879031249999 0.29501651562500003 0.89613441875 0.294314321875 0.8963561390624999 0.292355471875 0.8954860968749999 0.290273165625
1 0.212855890625 0.3553423953125 0.2125829296875 0.3575509109375 0.212030628125 0.35875231093750004 0.210867221875 0.36004744375 0.21035627968749998 0.36246060625 0.21049578906250002 0.36252568281249997 0.2173878265625 0.36429550312500003 0.21819122812499997 0.36213800625000003 0.2179453625 0.360108353125 0.2167788109375 0.35889783125 0.21711649375 0.35566732343749996 0.21634747499999998 0.3531691796875 0.2134638484375 0.35274300625 0.212855890625 0.3553423953125