1 0.7253839656250001 0.085376334375 0.7301134671875 0.09653441562500001 0.7297503296875 0.09927950937499999 0.7334692406250001 0.106839559375 0.7346109515625 0.118638615625 0.7402953343750001 0.11624951875 0.750683734375 0.1352214625 0.7524168953125 0.15212672656249998 0.7570013343750001 0.163045265625 0.7774716125000001 0.1486590015625 0.7655309515625001 0.1301957375 0.7658496328125 0.12397225781250001 0.7586104734375 0.11604861875000001 0.762382003125 0.1032391390625 0.74176669375 0.09289029531250001 0.7423083640625 0.088783584375 0.7325288859375 0.08060866718750001 0.7253839656250001 0.085376334375
1 0.8271370031249999 0.141121403125 0.8188460765625001 0.1286902375 0.801128728125 0.123059459375 0.7959225437499999 0.1116705109375 0.789419384375 0.1089252453125 0.7850213015625 0.1156971640625 0.7894939359375 0.12570650625 0.7858325125000001 0.12987002812499998 0.78710385625 0.1393834484375 0.79818615625 0.16182376406250001 0.8018720609375001 0.1616335734375 0.8131757484375 0.159162578125 0.8178368109375 0.16553245 0.8170957874999999 0.1752217296875 0.8216901234374999 0.18386241718750002 0.8324348921875 0.17637968125 0.837709203125 0.1744507875 0.8306970937499999 0.1604641578125 0.8271370031249999 0.141121403125
1 0.7767325046875 0.127965325 0.7796945843749999 0.13706408750000001 0.787762771875 0.138958584375 0.7861343781250001 0.1296722671875 0.788961871875 0.12394035156250001 0.7865492359374999 0.12026817812499999 0.785970765625 0.113888378125 0.7856014874999999 0.109632684375 0.780838884375 0.10819728437500001 0.7777577250000001 0.11082283906249998 0.7795709375000001 0.11779417968749999 0.7767963875 0.11876648125 0.774232575 0.12236502187500001 0.7767325046875 0.127965325
1 0.7958511406250001 0.10291615624999999 0.7930966734375 0.10292776562499999 0.7831922921875 0.0980791234375 0.7814126015625 0.0990254015625 0.7817341140625 0.10222608281250001 0.7941493765625001 0.10573966406249999 0.79967354375 0.10667699374999999 0.8008703859375 0.10892792968750001 0.808497878125 0.11981181406250001 0.820006659375 0.115629775 0.8175039359375 0.11262022187500001 0.8109682046875 0.0977655796875 0.8148983968750001 0.083623675 0.8124013109374999 0.0849514 0.8049351250000001 0.09760179375 0.800777415625 0.0906476125 0.794829984375 0.092375575 0.7945548515625 0.0987808046875 0.7958511406250001 0.10291615624999999
1 0.017124265625000003 0.5252060671875001 0.016618528125 0.5290142546875 0.016658057812499998 0.5298873703125 0.01739160625 0.5312669750000001 0.0181646859375 0.533519696875 0.01716404375 0.537162590625 0.01948328125 0.543920753125 0.0220940953125 0.5496297515624999 0.0254522546875 0.5567110171875 0.0272899875 0.5601672921875 0.033785571874999996 0.5549438875 0.0363672921875 0.5526770296875 0.040077431250000004 0.5453767640625 0.0377628046875 0.5426211234375 0.032146309375 0.53761614375 0.025002060937499997 0.5321009078125 0.021628854687499997 0.5281198578125 0.017124265625000003 0.5252060671875001
1 0.71296928125 0.1645698625 0.7151245359375 0.1669259203125 0.7194360578125 0.17446891874999998 0.7219378484375001 0.1791741015625 0.72653116875 0.184983903125 0.7278718359374999 0.1880711265625 0.731244359375 0.1853279078125 0.7310290921875 0.183225659375 0.7293621671875 0.17839324375 0.7264945796875 0.173565890625 0.7252099125 0.1717155796875 0.7311824312499999 0.1761587046875 0.7317433656250001 0.16982504375000002 0.7267704484374999 0.163900403125 0.7194292625 0.155751596875 0.716271140625 0.14981203125 0.7136352765625 0.1499468546875 0.7106285531250001 0.15281224843750002 0.71296928125 0.1645698625
1 0.7304059578125 0.1352923640625 0.7224816203125 0.12924189218749998 0.72258138125 0.1297290546875 0.72231925625 0.129868428125 0.7154188703125001 0.1317677890625 0.71508054375 0.134592828125 0.7178367375 0.1391441125 0.7249267359375 0.1429930609375 0.7287285703124999 0.142554953125 0.733932871875 0.1403279828125 0.7304059578125 0.1352923640625
1 0.06851529843750001 0.49711723125 0.068174403125 0.49910538437499996 0.0691123109375 0.5020342046875 0.070617396875 0.5051644 0.07231614374999999 0.508359278125 0.07322027812500001 0.5117903765625 0.070973984375 0.5142886984375 0.07158581875 0.519533090625 0.07889721562499999 0.5154779031250001 0.079310584375 0.5150904609375 0.080290103125 0.514569640625 0.07657534375 0.5008602093750001 0.0756873625 0.49919016093749996 0.0753077671875 0.49907532187500003 0.073557328125 0.49754717812499993 0.0728160578125 0.49615305000000004 0.070819240625 0.49589220312500004 0.06851529843750001 0.49711723125
1 0.0338847609375 0.50923441875 0.036133518749999996 0.5080387328125 0.0359241140625 0.5068461296875 0.035570503125 0.4991918453125 0.0277387203125 0.493781390625 0.025731176562500003 0.4970282734375 0.0338847609375 0.50923441875
1 0.03301996875 0.522118978125 0.025856957812499998 0.5214942031249999 0.023260715625 0.5245325234375 0.027195753125 0.52797268125 0.02501339375 0.5307909375000001 0.031516749999999996 0.5351008312500001 0.0316001328125 0.5372545765625001 0.041303925000000005 0.5287792296875 0.03301996875 0.522118978125
1 0.779477175 0.093255340625 0.780079865625 0.095021196875 0.7889678171875001 0.10987320468749999 0.7972754796875 0.11175213749999999 0.79145300625 0.1001692984375 0.7889211609375 0.0941761515625 0.78591623125 0.089123778125 0.779477175 0.093255340625
1 0.0603938015625 0.47235751718749996 0.05985924687500001 0.47428099062499995 0.060561803125 0.47606825781250006 0.0609059671875 0.479145128125 0.0619059625 0.480792871875 0.0636233546875 0.482059171875 0.0653236421875 0.48575617812500005 0.0657193140625 0.48310555468749994 0.0673996390625 0.48480137343749996 0.06804063437499999 0.4855409625 0.069526378125 0.48637159687500003 0.06940531093749999 0.4849457453125 0.067053209375 0.4819864984375 0.0651893328125 0.47701664375 0.0619690015625 0.47532003749999996 0.0603938015625 0.47235751718749996
1 0 0.5550377640625 0.0080790546875 0.556653240625 0.0163566875 0.55225194375 0.017571584374999998 0.5478804125 0.012887254687499999 0.52242941875 0.01934254375 0.524585421875 0.027620178125 0.520184125 0.028670365625 0.5121746125 0.0249742890625 0.5085515109375 0.0277335 0.5070844125 0.035568393749999996 0.508506865625 0.037884865625 0.512863515625 0.044340153125 0.5150195156249999 0.06503423750000001 0.504016275 0.0655903 0.4850928171875 0.0801585125 0.47920953906249997 0.0812087015625 0.471200025 0.0805842375 0.46498571718750004 0.3364534359375 0.3269684265625 0.6850332203125 0.15572917343749998 0.70241203125 0.165116490625 0.7120692703125 0.1599816453125 0.711739853125 0.15270568281250002 0.7158786703125 0.150505034375 0.7211190625 0.1570325671875 0.73621236875 0.1471445328125 0.73381354375 0.14096889375 0.7438002 0.1431100109375 0.7641648671875 0.1248308078125 0.768797809375 0.13354410781249998 0.77707544375 0.1291428109375 0.7753664203125 0.1226003953125 0.7787330796874999 0.11894753124999999 0.7784036624999999 0.1116715671875 0.7825424796875 0.10947091874999999 0.7870107140625 0.11454623593749999 0.7876181625 0.1123604703125 0.7960605046875 0.11159715625 0.8014656046875 0.12176267031250002 0.8207800828125 0.11149297968750001 0.8201212484375 0.096941053125 0.8260824109374999 0.08818310625 0.8271325984375 0.08017359375000001 0.8240439703125 0.07436472656250001 0.8168165249999999 0.070756509375 0.796122440625 0.08175974999999999 0.7929204890625 0.089050596875 0.78569304375 0.085442378125 0.76025269375 0.10083203125 0.738971765625 0.111639271875 0.7338754796875 0.1111314859375 0.7348123453125 0.1162216859375 0.7318781234375 0.115241684375 0.7277496078125 0.11625144843749999 0.7216237375000001 0.12137141250000001 0.7176908359375 0.1224465109375 0.7154978671875 0.1264913765625 0.71059719375 0.12604892343750002 0.7085998390625 0.130159121875 0.70350355 0.1296513359375 0.7013723921875 0.126550903125 0.6964099078125 0.13325375 0.6889559421875 0.1331528484375 0.689316265625 0.1368561640625 0.682222621875 0.1404585765625 0.680400278125 0.1470158734375 0.6753072390625 0.1441887734375 0.3433688203125 0.32323823125 0.0708926265625 0.46178294218750005 0.0781200734375 0.4653911609375 0.0667534703125 0.4724461125 0.06399459843750001 0.4654506875 0.0570965703125 0.469118434375 0.059838085937499993 0.4761763109375 0.055274224999999996 0.47567573281250003 0.052922701562499994 0.47990650625000003 0.046996592187500005 0.480077028125 0.045174246875000004 0.4866343265625 0.039091934375 0.48736690156250007 0.033643275 0.4815887734375 0.0321765515625 0.4910970984375 0.0253656421875 0.48599006874999995 0.0252611671875 0.49482729687499993 0.021556242187499998 0.4954666828125 0.0172527171875 0.494029346875 0.01015220625 0.49842568125 0.0114304 0.502287690625 0.0030516953125 0.50282201875 0.0045150171874999995 0.5060178859375 0 0.5084533109375 0 0.5550377640625