1 0.7742557703124999 0.357097096875 0.773539478125 0.362608225 0.7761039249999999 0.3784194640625 0.781458653125 0.3810602359375 0.782447984375 0.37938823906249997 0.783757734375 0.37769502187500004 0.782403153125 0.36362098125000003 0.784421709375 0.3568455265625 0.7842036359375 0.352149315625 0.78296828125 0.349580446875 0.78116495625 0.344025340625 0.7783872734374999 0.3392844515625 0.775810696875 0.3413577625 0.775431321875 0.34475648593749997 0.7746870796875001 0.3507229578125 0.7742557703124999 0.357097096875
1 0.6620965156249999 0.42139609218749996 0.6602148296875 0.41803834375 0.6582799265625 0.416583440625 0.65628279375 0.4186936796875 0.6562121421875 0.4227413203125 0.6561419578125001 0.42676215624999997 0.655019421875 0.4303356015625 0.656347965625 0.4355874703125 0.65770973125 0.43893614375 0.65794100625 0.44631395781250005 0.6616852375 0.4449581859375 0.6617437234375 0.44160748906249997 0.6616133484375 0.43876295781249997 0.6623996796875 0.4349691328125 0.6613614859375 0.43256458750000004 0.66141529375 0.4294819484375 0.6628973078125 0.42594159062500003 0.6622432671875 0.42330242812499996 0.6620965156249999 0.42139609218749996
1 0.9191089765625 0.3209333 0.9157209249999999 0.3270949484375 0.916428584375 0.341559903125 0.91718069375 0.35347832968750004 0.9254883203125001 0.3531138796875 0.9269591265624999 0.34563170625 0.9296858531250001 0.3441241046875 0.9301745125 0.3275885609375 0.9249194453125 0.3192382015625 0.92499196875 0.31508333906249997 0.9207568265624999 0.314768090625 0.9186011203125 0.3167951203125 0.91875395625 0.31835298437500004 0.9191089765625 0.3209333
1 0.9049974031250001 0.353560621875 0.9135980874999999 0.3524505015625 0.9146166015625001 0.3124353734375 0.91598776875 0.30607763593750004 0.9158166078125 0.29754788125 0.9021437156250001 0.2981672609375 0.8994108625000001 0.30919363125 0.89410891875 0.3218644234375 0.8978389703125 0.3270509546875 0.90136838125 0.3253964828125 0.9049974031250001 0.353560621875
1 0.954198353125 0.34935163125 0.9584668953125 0.3592131515625 0.9708650078125001 0.3594295609375 0.971556846875 0.3564653125 0.9692204203125 0.3436343796875 0.9638927953125 0.3222512796875 0.9627468078125 0.3145625484375 0.9584038703125 0.30896311249999997 0.9501451281250001 0.30881895625 0.9511897062499999 0.32117150625 0.9498409109375 0.34458316875 0.954198353125 0.34935163125
1 0.879248965625 0.32058611875 0.8771936124999999 0.319155928125 0.8746693171875 0.3193800046875 0.8742002531249999 0.32218725937500003 0.8736970312500001 0.32695132031249996 0.870493409375 0.3305688828125 0.8694143859375 0.3316494125 0.86809596875 0.33613110625 0.8718357453125 0.3373225609375 0.874393440625 0.3466447578125 0.8778896093749999 0.351478628125 0.885838571875 0.3521804671875 0.8851221671875 0.3324866796875 0.8823251984375 0.3254126609375 0.879248965625 0.32058611875
1 0.8382533734375001 0.337165396875 0.8362788437500001 0.3322508328125 0.8331152359375 0.33128394375000003 0.83188510625 0.3364375234375 0.8299638515625001 0.34222256875 0.8253250031249999 0.3466999328125 0.82684475 0.3513116078125 0.8286162796875001 0.3541043453125 0.826155553125 0.364438309375 0.8265251796875001 0.3696198109375 0.8299657140625 0.3684732484375 0.8363729375 0.36582327187499997 0.8389561875 0.36222169531250004 0.8410758859374999 0.35767354687499997 0.842118334375 0.35066654218750004 0.8422353078124999 0.34396515 0.8377616265625001 0.33898015 0.8382533734375001 0.337165396875
1 0.8071915453124999 0.36335650625000004 0.8066314859375 0.3690848703125 0.8048848328125 0.3728887453125 0.8067427781250001 0.3764605890625 0.8093679937499999 0.376184646875 0.814462215625 0.3708303796875 0.82251653125 0.3735182734375 0.8234983765624999 0.37227516562499996 0.8266872718749999 0.36720940468749996 0.8273290890625 0.3579430546875 0.82164318125 0.35594003125 0.8220506500000001 0.3463478265625 0.8196734749999999 0.3450192734375 0.8172826078125001 0.345621071875 0.8150872546875 0.34877358593749996 0.81355810625 0.35386831875 0.8128245250000001 0.3557861015625 0.8108547515625 0.3586207890625 0.8071915453124999 0.36335650625000004
1 0.6705525421874999 0.4205515828125 0.6666238250000001 0.411848984375 0.6636978421874999 0.4110203125 0.661589840625 0.4148983234375 0.6629471484375 0.42079422343750006 0.6625506859375 0.4274639234375 0.6646312390625 0.44120205781250005 0.6717390703125 0.436231515625 0.6705525421874999 0.4205515828125
1 0.80393244375 0.37702825156249997 0.8062565671874999 0.3699363640625 0.8095736656250001 0.35752587812500003 0.8066608265624999 0.3467763546875 0.8049633249999999 0.34318049687499996 0.801015403125 0.340162075 0.7996127859375 0.3448836234375 0.7994990890625 0.3513973765625 0.799167353125 0.3704025234375 0.80393244375 0.37702825156249997
1 0.6205388046875 0.4587193890625 0.619210259375 0.45346752031250004 0.6165035734375001 0.445805175 0.6140903921875001 0.44195550156249996 0.6113239828125 0.4274009828125 0.6092454796875 0.4250050953125 0.6085545984375 0.42333058437500004 0.6105475218749999 0.42146159375 0.61342873125 0.4191254640625 0.6157616015625 0.417262409375 0.6132904015625 0.4167366265625 0.6154548734375 0.4153532796875 0.6176119812499999 0.4132458328125 0.62050535625 0.4102127578125 0.6221425453125 0.40809623593750005 0.6248522046875 0.4052744640625 0.6277582125000001 0.4015176375 0.6287003078125 0.39796785625000003 0.629331465625 0.39275019375000003 0.6295488687499999 0.3906088890625 0.6297868609374999 0.387288140625 0.6294765124999999 0.38444046875 0.6325624921874999 0.3806867828125 0.6345269953125 0.3792999453125 0.6369130828125 0.3755340453125 0.6345089140625 0.370022078125 0.633130771875 0.3676116 0.6344618234375 0.36240615625 0.6360990109375 0.3602896328125 0.6346073375 0.3540696234375 0.6311258953125 0.3506839515625 0.627652875 0.346815778125 0.6245773546875 0.33965645625 0.619836571875 0.3362219875 0.6163467078125 0.3333188171875 0.614080278125 0.33137548125 0.6109055640625 0.3298989390625 0.6068303968750001 0.32958648125 0.603438746875 0.33022443749999997 0.60084138125 0.3266128734375 0.598611915625 0.3225518984375 0.5983726859375 0.31562977812500004 0.5948912453124999 0.31224410625 0.591704365625 0.3114645078125 0.587746471875 0.31474713906249996 0.586088696875 0.31804310625 0.583350496875 0.32250001875 0.582593175 0.3246318984375 0.5809801953125 0.32650751875 0.5825019359375 0.329858984375 0.5840558390624999 0.332513853125 0.5857897140625 0.3351718640625 0.5873356625 0.3382824296875 0.5888647671875 0.3423579921875 0.588099490625 0.34494556875 0.5882046 0.34923760000000004 0.587929178125 0.35470279531250004 0.5878753703124999 0.357785434375 0.5875957359374999 0.3634918796875 0.58755409375 0.365877575 0.587336690625 0.3680188796875 0.5846274984375001 0.370813846875 0.5819056734375 0.3743325625 0.5786428734375 0.37904845625 0.5753773875 0.38277219375 0.5732124468750001 0.3841823453125 0.5715873031250001 0.38675491093750003 0.5706252093749999 0.3903043453125 0.5718233781250001 0.39271168125 0.5740929609375 0.3956203671875 0.57565634375 0.3965861359375 0.5775992015625 0.39758534375 0.5795799578125 0.3964132984375 0.5801621078125 0.392857234375 0.5835954015625 0.3898335828125 0.5852452218749999 0.3869933109375 0.5890268843750001 0.38349309374999996 0.591196159375 0.3806887015625 0.593573825 0.37740530156249996 0.5963432078124999 0.3814757015625 0.5994520718749999 0.385578840625 0.6026057312499999 0.388261634375 0.6036613578125001 0.3885213828125 0.6048763703125 0.38996372031250004 0.60319695 0.39564573125 0.6018906984375 0.39943048124999997 0.5981016718750001 0.40220659843749995 0.5968038421874999 0.4055088484375 0.59515823125 0.40810787031249995 0.5936635859375 0.4123719796875 0.5916204765625 0.41826215156249996 0.5894349484375 0.4208517484375 0.5865247296875 0.424849825 0.5853820734374999 0.4295759109375 0.5875820625 0.4353256375 0.5887844421875 0.43749172343750004 0.5910460703125 0.4408561046875 0.5917127437499999 0.44277151718749996 0.59394115 0.44803909218750004 0.5950770890625 0.4540115703125 0.5945763078125 0.46207376250000004 0.593588359375 0.468250490625 0.5954532015625 0.4725732390625 0.5953788062500001 0.47683532343749996 0.592301246875 0.4801065078125 0.5874634890625 0.48337378124999997 0.58582676875 0.48546349843750003 0.5864760078125 0.48952370468749995 0.595581071875 0.48587508437500004 0.60128079375 0.48479476874999994 0.60786038125 0.4837298109375 0.61480459375 0.48240308125000003 0.6199438109375001 0.4824927875 0.6247552453125 0.48187961250000005 0.6278290609375 0.478822875 0.625293925 0.47164616875 0.62340861875 0.46734987656250004 0.6205388046875 0.4587193890625
1 1 0.3153200609375 0.9997792953125 0.31531620781249997 0.9982995203125 0.315290378125 0.9970640218750001 0.318459646875 0.9954944109375001 0.3235804859375 0.994839290625 0.326733071875 0.993051953125 0.328283884375 0.9918175124999999 0.330246553125 0.990316559375 0.3325799625 0.9893610171875 0.33575411875 0.98930580625 0.338917175 0.99076499375 0.3401224484375 0.9928100531249999 0.3421423625 0.9939416796874999 0.3449239296875 0.9947658671875 0.3481291515625 0.9949553984374999 0.35446050156250003 0.9979600234375001 0.36797344062500004 1 0.368195003125 1 0.3153200609375
1 0.701205275 0.40175392499999996 0.70350165 0.40198170468749994 0.7041085546875 0.406175240625 0.7051954874999999 0.413809315625 0.7060145484375 0.41272424843750005 0.7061567890625 0.40457535624999996 0.7062391375 0.399857575 0.7009824 0.398478759375 0.7057703390625 0.39577370625 0.7052470421875 0.3925201078125 0.7038830390624999 0.3927376234375 0.70325741875 0.38961630937499997 0.701891075 0.38996785312500004 0.70195891875 0.3860810453125 0.7017514859375 0.381921296875 0.698527175 0.38328614375000003 0.6988523734375 0.3864290265625 0.69889798125 0.3861080578125 0.698708284375 0.39009999375 0.696252746875 0.3909687984375 0.69322266875 0.3938117921875 0.6927656468750001 0.397075090625 0.6934137265625 0.39890973750000003 0.6976408140625 0.3962485203125 0.7000706171875 0.3968540203125 0.701205275 0.40175392499999996
1 0.733672475 0.406208634375 0.739811928125 0.39827167812500003 0.7498571953125001 0.39576564531249997 0.7658547578125 0.3960448828125 0.7720410015625 0.385427371875 0.770462409375 0.3612674546875 0.8464976234374999 0.35991328125 0.8523563421875 0.36805966562500003 0.8643545140625 0.36826909531249996 0.8705407578125 0.35765158124999996 0.8945838921875 0.3553898828125 0.900770134375 0.34477236875 0.968432253125 0.36472303125 0.97061910625 0.354035709375 0.98238333125 0.367647921875 0.988569575 0.3570304078125 0.9870845625 0.3275093796875 0.9812726328125001 0.3166824375 0.9692744609374999 0.316473009375 0.9651814906249999 0.3217643125 0.9592632234374999 0.3170295453125 0.8991957968750001 0.3203687671875 0.8931456671875001 0.323188296875 0.8891845593750001 0.320925303125 0.883147190625 0.323013771875 0.879173321875 0.321481840625 0.8772884718749999 0.3148673875 0.869162084375 0.32203837812499997 0.8652903000000001 0.3146579578125 0.8591508453125 0.3225949140625 0.8569172046875 0.3359627921875 0.8529178140625 0.3358929828125 0.8485644625000001 0.324847740625 0.7638733890625 0.34287035 0.76465048125 0.3504405140625 0.7532870046875 0.34512317656249997 0.75367555 0.34890825937500003 0.7427006203125 0.347376003125 0.7365611671875001 0.355312959375 0.7331665375 0.3533384375 0.7236324562500001 0.3593008765625 0.732281040625 0.371326490625 0.7222357734375 0.3738325234375 0.7160963203125 0.3817694796875 0.7140983734375 0.3652633109375 0.6950302078124999 0.37718818125000003 0.6940996703125 0.3813855265625 0.6854961265624999 0.38315061875 0.6821014984375 0.3811760984375 0.67596204375 0.389113053125 0.6737284015625 0.4024809328125 0.6696354328125 0.40777223749999997 0.671307603125 0.426571040625 0.675213415625 0.43200196249999995 0.6993033390625001 0.4270597078125 0.705536371875 0.41376163750000006 0.697818325 0.3975386765625 0.715815584375 0.3978528203125 0.7216743015625 0.4059992046875 0.733672475 0.406208634375