1 0.1357472296875 0.4410536625 0.1463866046875 0.422587359375 0.13335453125000002 0.41370500468750004 0.1335724203125 0.416195490625 0.133051225 0.42290708125 0.1324384609375 0.428811078125 0.1167469203125 0.44020642499999996 0.1357472296875 0.4410536625
1 0.04533371875 0.352769646875 0.044841996875 0.351212828125 0.0431404375 0.350169659375 0.0411408578125 0.34954468125 0.0379447328125 0.34982430625 0.038447350000000005 0.3515056484375 0.0387267390625 0.3525477640625 0.037962325000000005 0.3540890015625 0.036679059375 0.35567563281250003 0.03575950625 0.357355921875 0.034627621875 0.35852150625 0.0319588453125 0.35861383281250003 0.0294319171875 0.358176153125 0.0271258203125 0.3581112703125 0.024372720312500002 0.3591520546875 0.0209711796875 0.3609083265625 0.0182180796875 0.36194911093750004 0.015763 0.3625717046875 0.01226885625 0.36326951875 0.0137115625 0.36541757812500003 0.017472839062500002 0.3656217890625 0.0190610421875 0.36560831562499996 0.020283134375 0.36523475781250003 0.019315699999999998 0.368519071875 0.0189248578125 0.3700276265625 0.0228862140625 0.37060645000000003 0.0244294765625 0.3700793140625 0.027617321875 0.36779277499999996 0.030197471875 0.3647751671875 0.0376066703125 0.364126946875 0.040320385937499995 0.3645482828125 0.0440268625 0.36436517031250004 0.0484338625 0.35784689687500004 0.0461333234375 0.3537819328125 0.045380020312500005 0.353298875 0.04533371875 0.352769646875
1 0.5034363421875 0.5180033859375001 0.5056360546875001 0.5139838734375 0.5029174937499999 0.5120729140625 0.4973139515625 0.5135199265625 0.49582025625000004 0.5181991671875 0.48591860468750003 0.5324288015625 0.48533705468750005 0.5367772828125 0.48195359531250004 0.545433234375 0.4909395015625 0.5460743765625 0.48930058593750003 0.545747221875 0.500903253125 0.5289690125 0.5039339453125 0.5272765546875 0.50578095 0.519225565625 0.5034363421875 0.5180033859375001
1 0 0.35404226250000004 0.0059670875 0.3574528703125 0.005489745312500001 0.3574946328125 0.005474765625 0.3573234109375 0.0034341640625000004 0.3653129140625 0.0101231265625 0.3652766703125 0.0100264375 0.364171515625 0.0131064828125 0.3568282546875 0.017002090625 0.35593846875 0.016410903125 0.346312740625 0.0203131578125 0.3426305 0.0177847046875 0.33930697187500003 0.012280903125000001 0.34165496875 0.007611240625 0.3420635125 0 0.3501838390625 0 0.35404226250000004
1 0.10025193750000001 0.37668358281250003 0.09665625781250001 0.3747866234375 0.09522945625 0.37712299374999997 0.09266755625 0.3779588328125 0.08745392656249999 0.3855358140625 0.09518560000000001 0.38976868593749997 0.097952590625 0.3876914984375 0.1003819609375 0.3836675765625 0.10025193750000001 0.37668358281250003
1 0.10736044375 0.3833550484375 0.109195571875 0.38186129687500003 0.1099051875 0.3799327359375 0.10777759687499999 0.377844596875 0.10527381875 0.37767153124999997 0.10340328437499999 0.37876057812499997 0.10234085 0.38072000781250004 0.10094025 0.38311682343750003 0.10104374687499999 0.3842998046875 0.0997604828125 0.3858864359375 0.0980387125 0.388436828125 0.0965223578125 0.3895105734375 0.098530434375 0.3899936453125 0.10095228593750001 0.3913815984375 0.10209245156249999 0.392222928125 0.1034683203125 0.3916947546875 0.1072351546875 0.38789888281249996 0.109259465625 0.3866552203125 0.1094502296875 0.38477205312499996 0.10736044375 0.3833550484375
1 0.21676103906250002 0.4431727828125 0.2171981296875 0.4352608296875 0.21363987343750002 0.4333135421875 0.2095513234375 0.43367124375 0.20540786406249997 0.437703965625 0.2044818828125 0.44002788906249996 0.2038818125 0.44177433437499997 0.2002672828125 0.4434865015625 0.1946540453125 0.44793013750000005 0.1930261859375 0.450597790625 0.2163657265625 0.4558649078125 0.21746193281249998 0.45548667812500004 0.21881051093749998 0.45369043124999997 0.21676103906250002 0.4431727828125
1 0.259047778125 0.44868008281250005 0.2547279390625 0.4502186859375 0.2547181875 0.4522585484375 0.24923099999999998 0.45360127187500004 0.2484397296875 0.45555266093749996 0.24485102187500002 0.45660381250000004 0.2422842734375 0.4559500328125 0.23635738125 0.461111234375 0.240733871875 0.46261050312499996 0.2505801734375 0.46232939687499996 0.2510962984375 0.46822873749999994 0.2593356578125 0.46750788749999994 0.2605335109375 0.46566208906249995 0.2549566640625 0.463828665625 0.2544160265625 0.45764914531249995 0.25836605 0.456425221875 0.2597975890625 0.459640815625 0.26669757656250004 0.46106046875000006 0.2661275765625 0.4590870140625 0.2591094390625 0.456077859375 0.2603404125 0.450307990625 0.259047778125 0.44868008281250005
1 0.431269040625 0.5242544687499999 0.43477457187499996 0.5203402968749999 0.436264834375 0.5151437624999999 0.43585629218750005 0.5104740999999999 0.4331342421875 0.5070890859375 0.428554896875 0.5042273125000001 0.4220406296875 0.5069774078125 0.42248049375 0.512005078125 0.423906365625 0.51730723125 0.42149273750000005 0.522945296875 0.41188148125 0.5342792281250001 0.422089209375 0.5297630046874999 0.42666414531249997 0.526837515625 0.431269040625 0.5242544687499999
1 0.35532457812499996 0.47800999062500005 0.3555165921875 0.48020473125 0.3433777 0.49061481875 0.341960865625 0.494738371875 0.3507789953125 0.5006328765625 0.3558002796875 0.49707231875 0.3594465671875 0.49142051562500005 0.361349515625 0.48592123750000005 0.367030896875 0.48321264062499997 0.3658696546875 0.47663255937500004 0.360461615625 0.47577250312499997 0.35532457812499996 0.47800999062500005
1 0.5985402296875 0.839892546875 0.588905965625 0.9016390671875 0.589391940625 0.976036065625 0.592380525 0.9757745984374999 0.66699135625 0.9692469953125 0.6999266000000001 0.8987018046875 0.6688118890625 0.8179500953125001 0.6377729249999999 0.8071454546875 0.5985402296875 0.839892546875
1 0.476197540625 0.5212334453125 0.47463880625000004 0.524930240625 0.47111361093750004 0.530053853125 0.47099878281249996 0.533043990625 0.473064109375 0.5351375765624999 0.478365490625 0.533105296875 0.4774193015625 0.5330469156250001 0.48162900000000003 0.527141921875 0.48541452031250004 0.5228425062500001 0.48174835156249995 0.5199008390625 0.476197540625 0.5212334453125
1 0.036956384375 0.3442642890625 0.033840225 0.34474081875 0.0297528203125 0.34726290625 0.022972234375 0.3515106625 0.020566232812499998 0.3536503765625 0.0191626359375 0.357208121875 0.0165058984375 0.3595893578125 0.0144667171875 0.36257532187499997 0.020659540625 0.36117086249999997 0.023643606249999997 0.359184475 0.0272819921875 0.358223084375 0.030704723437499998 0.3581432203125 0.0338753546875 0.3582893125 0.0357661 0.3536067046875 0.0383479375 0.35036936406249997 0.037179721875 0.34681703750000004 0.036956384375 0.3442642890625
1 0.409568640625 0.489021903125 0.3906543421875 0.48276615156249997 0.385885384375 0.4864567078125 0.381197190625 0.4796382765625 0.2204256359375 0.42646440312499995 0.2176032453125 0.4274614671875 0.2109684859375 0.423336528125 0.19851605156250002 0.424425975 0.1780765765625 0.42386149531250006 0.17374736562499998 0.42816142343749997 0.16711260625 0.424036484375 0.15698206875 0.4217858546875 0.154660171875 0.42512593125000003 0.14685152968749998 0.419535225 0.136720990625 0.4172845953125 0.1332252125 0.41915890468750006 0.126590453125 0.415033965625 0.1120626125 0.4163049859375 0.0904587796875 0.43231129375000005 0.08685269062499999 0.43890065937499995 0.0875335953125 0.44668342968749997 0.0943045359375 0.4523649234375 0.1067569703125 0.4512754765625 0.1161807328125 0.43947172500000004 0.132103071875 0.4302363578125 0.1489786796875 0.4318968703125 0.149523403125 0.4381230875 0.1562943421875 0.44380458125000005 0.16874677656249998 0.44271513437500004 0.1745644515625 0.4375007484375 0.192834559375 0.431196915625 0.1933792828125 0.4374231328125 0.20015022187499998 0.44310462656249994 0.20984634687499998 0.4344139828125 0.2139971578125 0.43405083437499997 0.21842033125000002 0.43680079374999997 0.382006934375 0.489932965625 0.3807486140625 0.49945386562499994 0.3875195546875 0.5051353578125 0.39983580625 0.5024893578125 0.40651595937499996 0.507133146875 0.395243759375 0.52171273125 0.3957884828125 0.5279389484375 0.4025594234375 0.5336204421875 0.41293645312500005 0.53271256875 0.43607096875 0.5102984703125 0.42722462187500004 0.5047985515625 0.435117703125 0.4994025921875 0.42848294375 0.4952776515625 0.41902579375000004 0.49214977812500005 0.415020953125 0.4927956640625 0.409568640625 0.489021903125