1 0.3260913546875 0.308731253125 0.341617146875 0.331326028125 0.3522401171875 0.32863901093750003 0.3641659359375 0.3188270296875 0.383613803125 0.3047946921875 0.382911009375 0.27078200625000004 0.36104070781250003 0.2313269375 0.32571676250000003 0.2003456640625 0.304184815625 0.19830668906249999 0.28461773749999997 0.193044309375 0.26214965 0.1742977109375 0.2442591625 0.1788281015625 0.2478925671875 0.2058806734375 0.25724995 0.2200545890625 0.2665620140625 0.24497574375000003 0.2750240328125 0.2725531625 0.2749982921875 0.2723133515625 0.2792394609375 0.278804371875 0.30960138125 0.3253925234375 0.3126512015625 0.3377271234375 0.3138360859375 0.35211178906249996 0.32261949843750004 0.366603859375 0.3393405 0.362670909375 0.333806821875 0.348562559375 0.3260913546875 0.308731253125
1 0.1440115390625 0.377442565625 0.2041710578125 0.36208437187500003 0.2102067328125 0.36646273281249997 0.1975834625 0.31436122499999997 0.150680403125 0.2786697109375 0.1248976265625 0.2647077890625 0.10009525156250001 0.2655995875 0.10574473437500001 0.2855891875 0.12131664843750001 0.310394290625 0.126193746875 0.36160636562500004 0.1440115390625 0.377442565625
1 0.27292516875 0.2928741140625 0.24998999843749997 0.27128666562500003 0.240904075 0.2528970203125 0.227271715625 0.22630538437499997 0.2176315734375 0.22077443593749999 0.1991552328125 0.2310160390625 0.21303156093750003 0.2560495984375 0.21377016875 0.2712406125 0.2189242890625 0.3042595453125 0.226903665625 0.3166565140625 0.2419801546875 0.33792505625 0.26658256874999997 0.3585883359375 0.2852379859375 0.3685229484375 0.28530310000000003 0.36071204687499997 0.291890978125 0.350809990625 0.3100793109375 0.3579037515625 0.3036436796875 0.3442953609375 0.27292516875 0.2928741140625
1 0.470883028125 1 0.3609200375 0.7741058921875 0.16974679374999999 0.52726129375 0.1702838 0.48575206406250004 0.10681186093749999 0.3973512640625 0.1203964609375 0.343477246875 0 0.2382036125 0 0.6256508484375 0.2056504796875 1 0.470883028125 1
1 0.6321817453125 0 0.6306012187500001 0.011679759375 0.6328461515625 0.018565890625 0.6362598296875001 0.028462909375 0.6343267546875 0.0361912921875 0.62844383125 0.0527151578125 0.6358431375 0.070769315625 0.6443367265625 0.08892832187500001 0.6556926296875 0.10844803750000001 0.6572307484375 0.10464813125000001 0.667308625 0.1116133609375 0.6678128625 0.1172284828125 0.6685121890625 0.1212618078125 0.6755534703125 0.1320953265625 0.6841045765625 0.1288290265625 0.7020030875 0.139589725 0.6944698796875 0.1194247125 0.6930354453125 0.0944054375 0.6977677203125 0.0711002921875 0.695784803125 0.06848989062500001 0.6772820140625 0.046325715625 0.6696687796874999 0.0372320765625 0.6658451249999999 0.027562312500000002 0.666972303125 0.0136746 0.663955875 0 0.6321817453125 0
1 0.505302946875 0.205581465625 0.51917060625 0.19972386250000002 0.5133365921874999 0.180497153125 0.488597659375 0.13109702343750002 0.472000675 0.1177855109375 0.46523250781250003 0.11904719687500001 0.46062907500000005 0.114738796875 0.4528725921875 0.09281736406249999 0.4479469625 0.088636746875 0.4352112109375 0.089445953125 0.42911530625000005 0.099075303125 0.4450170625 0.1277628296875 0.44125784218749997 0.1304563875 0.435789671875 0.1459881140625 0.4407479 0.167631278125 0.4496157515625 0.185176303125 0.4714721328125 0.2024326078125 0.47975099375 0.21659456718749998 0.483254090625 0.21653295312499998 0.513438228125 0.274145034375 0.516592678125 0.24180542031250002 0.5140596734375 0.23568875781249998 0.503232534375 0.233559821875 0.4981957625 0.2157713765625 0.505302946875 0.205581465625
1 0.581061171875 0.1182603578125 0.5759914421875 0.0978985796875 0.5605945703125 0.0904262484375 0.5515751484375 0.076217446875 0.5409598718749999 0.07331046875 0.5342179796875001 0.08345034375 0.5395869249999999 0.1012579234375 0.5420102875 0.11272019687499998 0.5472669906250001 0.135417490625 0.55578818125 0.1578805359375 0.5707596921875 0.1767681125 0.5738803 0.17427609375 0.5877739671875 0.172977490625 0.6001917609375 0.1628928046875 0.59972095625 0.1519234984375 0.6063050671875 0.1434971859375 0.5960480671874999 0.12595994375 0.5888218468749999 0.140382728125 0.5843394671875 0.133263178125 0.581061171875 0.1182603578125
1 0.7152164937500001 0 0.7362734015625 0.0793310015625 0.7524295765625 0.09867985312500001 0.7908686375 0.118577034375 0.99042934375 0.3557844609375 1 0.373125509375 1 0.3719420328125 0.8869662890625 0.1683199953125 0.8100881671875 0.12852562812499999 0.7618026609374999 0 0.7152164937500001 0
1 0.5451396453124999 0.1838553328125 0.5554866484375001 0.19046811875 0.5618869234375 0.1888005703125 0.5661820609375 0.1892654171875 0.5602774640625 0.172618621875 0.5529098875 0.1425035453125 0.5485387421875 0.1297834203125 0.5484547765625 0.11880295 0.5306999234374999 0.0963766328125 0.523584984375 0.09559464375 0.5160212140625 0.0855589046875 0.5017697906249999 0.0839560546875 0.503448240625 0.09781305312500001 0.5145493453125 0.1153905609375 0.5173720140625 0.120482790625 0.51727999375 0.1299855265625 0.530250603125 0.1569947890625 0.5451396453124999 0.1838553328125
1 0.48140272656249994 0.1056121125 0.48187581718750006 0.12232233125 0.5165706734375 0.1877496734375 0.529353665625 0.1968233515625 0.5432109203125 0.1891421484375 0.5449167984375001 0.1837755953125 0.5191104875 0.1325787828125 0.509476446875 0.1217087984375 0.49821655312499996 0.1051339953125 0.491390159375 0.0956550203125 0.48140272656249994 0.1056121125
1 0.59559734375 0.060301775 0.5997603921875 0.07232419531249999 0.5976986171875 0.07885352343749999 0.6272208484374999 0.139525740625 0.6337976453125 0.1479743078125 0.653558584375 0.137020640625 0.6630420015625 0.1353718140625 0.6531680734374999 0.11929914999999999 0.6537821578125 0.107321953125 0.6460386328125 0.097284221875 0.6361938968749999 0.085260634375 0.620260253125 0.07127653125 0.6146674046875 0.062282554687500005 0.6090548671875 0.057313931250000005 0.5981237593750001 0.053514890625 0.59559734375 0.060301775