1 0.3939449578125 0.3324238234375 0.384157153125 0.3276499921875 0.3792508171875 0.33017679843750003 0.3764767484375 0.3358644796875 0.3704739515625 0.3427762921875 0.3722831625 0.35525410156250004 0.36872937656250004 0.35388587656250003 0.363147559375 0.36100301562500003 0.363931896875 0.3831682234375 0.3573742859375 0.39121757343749997 0.35172876249999996 0.39093265312500003 0.356305190625 0.397736825 0.37029120312499997 0.398230334375 0.378183346875 0.3960993546875 0.3884271125 0.3740280546875 0.3977082515625 0.3549989 0.392071275 0.3417146125 0.3942905296875 0.3371644671875 0.3939449578125 0.3324238234375
1 0.346970646875 0.3343900046875 0.33600195781250003 0.34929305 0.326034115625 0.3636933296875 0.322647896875 0.38425902968750003 0.3227117921875 0.390218275 0.3414264234375 0.39736418906250004 0.3372376640625 0.3953211953125 0.34697824375 0.396612496875 0.350059728125 0.3887452421875 0.359821459375 0.37177585 0.366438125 0.35820967812500004 0.36860318593749997 0.33555332031249996 0.3684892859375 0.322163928125 0.3598774453125 0.3140173921875 0.34163145625 0.314992571875 0.33633500625 0.31981507656249997 0.346970646875 0.3343900046875
1 0.327455696875 0.3012117515625 0.31952405 0.3087126296875 0.3179549953125 0.32357593125 0.31406476250000004 0.33304793906249996 0.3054343953125 0.346362109375 0.30611180781249997 0.3580619046875 0.30374827031249996 0.37017343281250004 0.30660427968750004 0.3701408796875 0.3140766890625 0.3737854171875 0.3227950921875 0.3718835875 0.3334324421875 0.3500737890625 0.342234425 0.3335229 0.3417621234375 0.324287421875 0.3447485265625 0.3181643875 0.3465504015625 0.3072044390625 0.327455696875 0.3012117515625
1 0.6692529203124999 0.5428094140625 0.6732641578125 0.4845810140625 0.659038015625 0.46625567500000004 0.6403557859375 0.4595775609375 0.634534578125 0.46649101875000004 0.630363203125 0.47504360625000003 0.640361615625 0.49455782656249997 0.6420276140625 0.4986212734375 0.6358751609375 0.503756421875 0.6220306609375 0.5246625984375 0.6017784749999999 0.5261717328125 0.6011743046875 0.5323788265625 0.618864759375 0.53612201875 0.6569269609374999 0.5530694453125 0.65852975625 0.5497832296875 0.6692529203124999 0.5428094140625
1 0.15876643906250001 0.48269270000000003 0.17427676718750001 0.48850176875000006 0.1886186765625 0.484579378125 0.1899829265625 0.48044667187499995 0.219173540625 0.43133511249999995 0.222530034375 0.4325201890625 0.228155821875 0.4343948484375 0.2344427328125 0.43090725937499996 0.2357888125 0.4241406453125 0.23909923593750002 0.42269559218749997 0.2501832109375 0.40670140468750005 0.259065671875 0.38175833125 0.257982540625 0.377301178125 0.2529843203125 0.368744071875 0.252883740625 0.35821221875 0.2501616625 0.3503306515625 0.2475612109375 0.352991203125 0.23390501718749998 0.338038271875 0.21726075625000002 0.396311365625 0.2023200109375 0.42966901718750006 0.1864215640625 0.4380649390625 0.176026184375 0.4325601640625 0.17157725937499999 0.4456885546875 0.162453659375 0.46439470624999996 0.163759759375 0.47245487500000005 0.15856452031249998 0.479099953125 0.15876643906250001 0.48269270000000003
1 0.25209414531249996 0.28503860312499996 0.2520653109375 0.280556746875 0.2539763359375 0.2766385671875 0.2518322125 0.2729677625 0.24502924531249998 0.26629454375 0.2390273890625 0.2659922890625 0.23293204531249997 0.2727198890625 0.23314728593749998 0.2791701765625 0.22308192500000001 0.2906718515625 0.2221988015625 0.2947262984375 0.2229815859375 0.29771575 0.23354836093750003 0.30361703906250004 0.240132428125 0.30272558437499997 0.24569272187500002 0.3050550640625 0.2552367625 0.3003919625 0.25627104375 0.2982713703125 0.2548525046875 0.290869121875 0.25209414531249996 0.28503860312499996
1 0.15765921249999998 0.22196027499999998 0.137432871875 0.2605455671875 0.1412918765625 0.27266714531249997 0.12009829375 0.287485578125 0.0651310125 0.3314829265625 0.0499287765625 0.3455032734375 0.057909579687500004 0.3577750546875 0.0867607828125 0.3616073109375 0.04373951875 0.4440442671875 0.0290805546875 0.514220446875 0.016062823437500002 0.5237084671875001 0.0518259234375 0.5448889453125 0.0692675859375 0.52916195 0.110984225 0.4293127375 0.111104078125 0.48062042031249996 0.125235978125 0.51174686875 0.1355510234375 0.49348274999999997 0.1552788015625 0.4816696578125 0.18025823125 0.43328567187499994 0.20451752656250002 0.4264990234375 0.23623545781250002 0.3385490640625 0.227058490625 0.3172972078125 0.22053751875 0.299200896875 0.21072103593749997 0.290692815625 0.2221516796875 0.272972809375 0.21600655624999998 0.2569373296875 0.19524379218750001 0.2393527421875 0.17263252812500002 0.2227267140625 0.15765921249999998 0.22196027499999998
1 0.4181808578125 0.38242061562499996 0.41346655468750004 0.3904302484375 0.414675696875 0.402963071875 0.4175433359375 0.40707368125 0.423632078125 0.406236175 0.43016886875000004 0.382843625 0.43680789531249997 0.3708877234375 0.4317493078125 0.366247434375 0.4362809875 0.36032178125000003 0.42708255624999997 0.35583540625 0.426690721875 0.361607146875 0.4195247859375 0.3629971046875 0.4128405359375 0.3716800640625 0.4181808578125 0.38242061562499996
1 0.2610070078125 0.316661828125 0.2687079859375 0.3179144921875 0.2693586921875 0.31658034375 0.26754916406249996 0.3143070265625 0.2707216625 0.3086572140625 0.27040574375 0.2982463296875 0.26660256875 0.2839267796875 0.2680124203125 0.2801813859375 0.263067271875 0.274987971875 0.256062725 0.27572649843749997 0.255352275 0.2839678859375 0.25545404375 0.29316171875 0.252245821875 0.308233840625 0.2610070078125 0.316661828125
1 0.2993151765625 0.31841355937500004 0.29638750625 0.3292242609375 0.29558585625 0.336691021875 0.30116685468750004 0.339725975 0.303892975 0.3341366 0.3075314890625 0.3334078671875 0.311528715625 0.3300204328125 0.3161724546875 0.326322484375 0.3216200046875 0.316114971875 0.3164178890625 0.3132648125 0.30802350624999997 0.3198446234375 0.2993151765625 0.31841355937500004
1 0.1009399046875 0.23899172656249998 0.08851965 0.24303430312500002 0.0841222390625 0.25205033125 0.0826084890625 0.25515397968750003 0.083166921875 0.2690209515625 0.0800656359375 0.28285878124999997 0.0709436359375 0.2951508671875 0.0640703796875 0.3081746671875 0.053981557812500004 0.32453253125 0.06954675 0.32584841249999996 0.11098155000000001 0.294477984375 0.13962199687500002 0.2711225453125 0.1451995890625 0.2672194609375 0.146168534375 0.26630129375 0.1439993921875 0.2600106265625 0.1449151390625 0.25279074375 0.1492925328125 0.241678825 0.15237277031250002 0.2278307265625 0.1563823828125 0.22281519843750003 0.1579640625 0.2238995546875 0.1531552171875 0.21981568437500001 0.14147265625 0.21481309375 0.13281120625 0.21755976875 0.129225734375 0.2238426125 0.1275322640625 0.23591588125000001 0.1302283203125 0.24107278906250001 0.131405346875 0.24512374375 0.127892625 0.2458616765625 0.11485119375 0.2426301390625 0.1009399046875 0.23899172656249998
1 0.468043046875 0.3830277015625 0.46412795781250005 0.3789277484375 0.462693809375 0.37647244375 0.46555007187499997 0.37061623906249996 0.46411592187500006 0.36816093125 0.4611909515625 0.36609110624999996 0.45855128125 0.3661074828125 0.45645000312499995 0.3683856578125 0.4544502796875 0.371791196875 0.4513722390625 0.37270636874999996 0.44322399843750004 0.386047075 0.44811585000000004 0.3915100296875 0.44954433906249996 0.3926413609375 0.44353540625 0.40768608281249996 0.44801403593750005 0.40790601875 0.45040593281249997 0.40973323281249996 0.4595139546875 0.3937836046875 0.4637468453125 0.3938663015625 0.4670200859375 0.38779624375 0.468043046875 0.3830277015625