1 0.6658600406249999 0.5141344906249999 0.6671836 0.5282523218749999 0.662908809375 0.524073253125 0.656489228125 0.49920730156250004 0.6528326843750001 0.48726526249999996 0.6429568078125001 0.48852449375000007 0.6374383359375 0.5023927421875001 0.640713190625 0.5177997171875 0.645967325 0.5319220296875 0.6453923484375 0.53710795 0.6446308375 0.5626843375 0.6479130828125 0.596688659375 0.6552888984374999 0.634094615625 0.6594507187499999 0.6509689625 0.69591228125 0.64492271875 0.6927103484375 0.6218926890625001 0.6899577140625001 0.6089425640624999 0.6847716203124999 0.58717423125 0.68751729375 0.560336146875 0.684541515625 0.5330342921875 0.6877140203125001 0.5188007421874999 0.6779638203125 0.5047941453125 0.665950546875 0.5039638421875 0.6658600406249999 0.5141344906249999
1 0.6413409890625 0.5221060140625 0.6399744328125 0.5156768765625 0.6393029421875001 0.50485224375 0.6411922921875 0.49653110937499995 0.6439678343749999 0.488621575 0.64595275 0.4827039875 0.6484277234375 0.46571487187500005 0.648587353125 0.46263311875 0.6408043828125 0.4526961140625 0.636722234375 0.44686819062499994 0.63781343125 0.45395582343749996 0.6395021265625 0.46761206718750004 0.63825905625 0.47701975937499996 0.635705971875 0.4879298296875 0.6311225984375 0.49499970312499997 0.6262122046874999 0.4948195109375 0.6233619609375001 0.4814101625 0.615934628125 0.4732214578125 0.6085526703124999 0.4747905421875 0.6071875859375 0.48362420312500004 0.60916280625 0.494795684375 0.6130637531249999 0.5055578390625 0.6074081078125 0.51712738125 0.613769453125 0.527966525 0.6152126484375 0.5252119078125 0.617594934375 0.51920985625 0.62688516875 0.5209069421875 0.6275753515625 0.5164884890625 0.633436003125 0.51159498125 0.6350577546875 0.5173459125 0.6393999765625 0.5225185890625 0.6413409890625 0.5221060140625
1 0.3021096203125 0.46308348749999995 0.3117841453125 0.46959460625 0.321463240625 0.4955916203125 0.3237781171875 0.4943076234375 0.330430559375 0.48900583124999997 0.323617303125 0.4569519796875 0.3195551859375 0.45001586250000003 0.31559217500000003 0.43137135937500004 0.309907034375 0.4216844046875 0.29993100156249997 0.42848460624999996 0.306713246875 0.4457379078125 0.3021096203125 0.46308348749999995
1 0.5873877109375 0.46412217343749995 0.5877124296875 0.47391657968749995 0.59355454375 0.4911057296875 0.588794684375 0.49343739218750005 0.5881738015625 0.4843539 0.5841217999999999 0.469424096875 0.5793132234375 0.46123072656249997 0.571350490625 0.46292325781250004 0.570518428125 0.477571278125 0.5726887265625 0.48567746874999995 0.5775937734375 0.49845806406250004 0.5721175234375 0.5035818484375 0.568535428125 0.5135587109374999 0.5757148140624999 0.5370392328125 0.5781048265625001 0.53588325625 0.585799128125 0.532927859375 0.585178246875 0.5238443671875 0.5943330640625 0.5133309484375 0.6065952453125 0.5153322734375 0.6041842515625 0.503989434375 0.5987825265625 0.4847387921875 0.59173304375 0.476373778125 0.5873877109375 0.46412217343749995
1 0.6169581609375 0.5519113140624999 0.615076778125 0.5616226734375 0.62081308125 0.58327405625 0.6182435390625 0.589747884375 0.6143955796875 0.5981733515625 0.6187907375 0.6082544921874999 0.6258357484375 0.6228360953125 0.6309190625000001 0.636154765625 0.636120440625 0.6579198500000001 0.6377404984374999 0.6575754953125 0.6606994984375001 0.6569191640625001 0.6483028859375 0.5985976875000001 0.6405296640625 0.5858507734375 0.6401028328125 0.5732462375 0.6348109484375 0.5616518 0.629004303125 0.550190778125 0.6209544734375 0.54681411875 0.6169581609375 0.5519113140624999
1 0.5707368359375 0.3964575640625 0.5736478171875 0.4064701984375 0.5747485546875 0.42277126875000004 0.58006076875 0.44408081875 0.59562481875 0.43959664531250003 0.597944809375 0.432023928125 0.5911195234375 0.41103599218750003 0.5895670640625 0.38892728125 0.58049509375 0.368416890625 0.5768617921875 0.35500599843749997 0.566867740625 0.352402575 0.5694549765625 0.371939471875 0.568606203125 0.382751265625 0.5707368359375 0.3964575640625
1 0.6046483125 0.6449785984374999 0.61235541875 0.665155134375 0.6360997562499999 0.65624434375 0.6316237890624999 0.6392447828125001 0.62306223125 0.62308964375 0.6150673156249999 0.605542134375 0.6077401828125 0.6032357875 0.6001301234375 0.6035814296875001 0.5973129796875 0.614451634375 0.5949889171875 0.6316246609375 0.6046483125 0.6449785984374999
1 0.6219683140625001 0.3774564484375 0.624168071875 0.36510956562499997 0.6194023703125 0.35095542968750004 0.61398144375 0.34814791093749997 0.6097431624999999 0.3530085578125 0.6105207203125 0.3587709375 0.6120576859375 0.35976416875 0.6203607390625 0.384397765625 0.6219683140625001 0.3774564484375
1 0.5706989859375 0.5389933265625 0.5681647046875 0.5300765562499999 0.5656102703125 0.5239959015625 0.561079753125 0.5159834140624999 0.54865318125 0.5153129562500001 0.54859515625 0.5224048781249999 0.5474297781249999 0.5287962296875001 0.5479994406250001 0.5447782078125 0.5510144515625 0.5545287453125 0.5474391515625 0.561456340625 0.545657559375 0.5708105078125 0.558354365625 0.5742553609375001 0.5638866703125001 0.5839748015625 0.5674800203125 0.5950183250000001 0.5696332765625 0.5798974875 0.5712995375000001 0.5715037796875 0.567154584375 0.565305228125 0.5647283171875 0.5568214703125001 0.5668905921875 0.5492582765625 0.5706989859375 0.5389933265625
1 0.609899525 0.6674290484375 0.5982072171875 0.63624428125 0.5920981109375 0.6244875703125 0.5855497546875 0.6106643515625 0.5739617531250001 0.6174712046875 0.5747731203125 0.631433921875 0.57990666875 0.648821678125 0.5778202484375 0.6764315828125 0.609899525 0.6674290484375
1 0.6571626796875 0.38581473437499997 0.6667091921875 0.401568528125 0.671189975 0.40145605937499995 0.6804976265625 0.424052228125 0.6891832906250001 0.4171183296875 0.6831229343749999 0.3913120734375 0.677748434375 0.3712876875 0.6665994515625 0.35333065937499997 0.6625859859375 0.3397845828125 0.6505879953125 0.33895103125000003 0.6518409375 0.3581475796875 0.6487188859375 0.36728269999999996 0.6571626796875 0.38581473437499997
1 0.5268914109375 0.5757113234375 0.5258354078125 0.5692401734375 0.5221693671875001 0.5595080234375 0.521529484375 0.55198848125 0.5066123015625 0.5432079187500001 0.49884724687500004 0.5501141265625 0.4990019421875 0.565872328125 0.5059050625 0.5878276640625 0.505684165625 0.5897945046874999 0.49789013750000005 0.5771000125 0.49516721874999997 0.57623886875 0.49772345781249994 0.5838310515625 0.49609993750000003 0.5851360859375 0.4973491484375 0.6030375015625 0.5023093765625 0.6039030609375 0.5067819796874999 0.6144237125 0.5227733171875 0.6402069546875 0.5275110640625 0.6655023875 0.5353464703124999 0.6844037234375 0.5658065984375 0.6779292234375001 0.56470676875 0.6638118328125 0.5653871796875001 0.6564916249999999 0.5439544546875 0.617057846875 0.539440903125 0.612281565625 0.534297859375 0.5971037 0.5307294312499999 0.5878307734375 0.52848925625 0.577291578125 0.5268914109375 0.5757113234375
1 0.6365489453125 0.5714817859375 0.639550078125 0.5793633796875 0.6405670375 0.585650840625 0.6427029171875 0.5941963234375 0.6484748671875 0.600984990625 0.6487251703125 0.5974279921875 0.6468359859375 0.5823024515624999 0.645727921875 0.5645390234375001 0.6443305671874999 0.5312859890625 0.6416399859374999 0.523362384375 0.6395245593750001 0.5228040921875 0.6371383765624999 0.517815609375 0.6332768718749999 0.5106208640625 0.6287281375 0.5080839296875 0.6241946875 0.5055437484375 0.61760298125 0.5074488296874999 0.615425678125 0.5144152515625 0.6188135359375 0.52569444375 0.6143825765625001 0.5236364453125 0.6123561609375 0.525075115625 0.6125293046875 0.52904608125 0.6143778734375 0.53616471875 0.6195754890625 0.548067175 0.6242432703125 0.54808295 0.629386790625 0.55349328125 0.6330267562499999 0.5627270015625 0.6365489453125 0.5714817859375
1 0.2919377890625 0.4530302875 0.2945706328125 0.442871215625 0.4436046734375 0.43759151875 0.45121509531250004 0.4458399671875 0.45271061875 0.442855571875 0.45827179687499997 0.446473228125 0.4588255171875 0.45408841562499996 0.5120984671875 0.5118275546875 0.508913378125 0.5269037296875 0.5133058796875 0.5475688203125 0.5208834687499999 0.553157734375 0.5401743921875 0.61385355625 0.5652190609375001 0.6565273609375 0.5655787390625 0.6732499328125 0.5604414281250001 0.679141621875 0.5619055953125 0.6860299859375 0.567954828125 0.6919437625 0.5786533171875 0.6896697281249999 0.5792697515625 0.6775393984375 0.5828145171875 0.6791857953125 0.5786660453125 0.659668765625 0.57903845 0.646390375 0.5949384390625 0.6310114265625 0.6007563734375 0.60577618125 0.6149996296875 0.6051485453125001 0.61506381875 0.59793531875 0.62026531875 0.584830403125 0.617825040625 0.573349796875 0.6133041625 0.5671111578125 0.6128802953125 0.5576018109375 0.6175295515625 0.549414 0.60715200625 0.5156219078125 0.5929087484375 0.51624954375 0.5877714375 0.522141234375 0.589659471875 0.53853894375 0.5850744046874999 0.5395135296875 0.5708953375 0.532927940625 0.5679028140625 0.526364440625 0.5705998484375 0.50899214375 0.565167046875 0.49094803750000005 0.5586297578125 0.48273813906249996 0.5509879796875 0.4843624484375 0.5461716125 0.45418801249999996 0.5396343234375001 0.4459781140625 0.5304641890624999 0.44792728593750003 0.5273432890625 0.45579023437500005 0.528126834375 0.4820221546875 0.5209838109375 0.48474038124999996 0.484677709375 0.450459921875 0.489326965625 0.44227211093749996 0.48896728749999996 0.4255495390625 0.48652700937500004 0.4140689328125 0.5166174812500001 0.38594795 0.587102990625 0.368692240625 0.591302925 0.41099700781250004 0.601744659375 0.437575875 0.6124431484375 0.4353018421875 0.61507599375 0.4251427703125 0.632799828125 0.43337475625 0.65523710625 0.4262057046875 0.662326640625 0.42949849999999995 0.676081840625 0.4265747421875 0.678162440625 0.42133277500000005 0.6737057515625 0.40788090937500004 0.661119228125 0.39375723281249997 0.6496371937500001 0.36979934999999997 0.6472611046875001 0.35110552031250003 0.6336984703125 0.33238960156249997 0.62299998125 0.33466363593750004 0.61987908125 0.342526584375 0.621279059375 0.3566281734375 0.6130850375 0.3631695875 0.608564159375 0.3569309484375 0.590223890625 0.3608292921875 0.5087857609374999 0.38786525312500003 0.47745886718749997 0.39553445625 0.4779733078125 0.40388777343750004 0.46962714375000003 0.39745175625 0.46807109062499996 0.40239276406249996 0.4617954203125 0.399369059375 0.453963696875 0.4012863609375 0.452119640625 0.394983978125 0.446131975 0.4032036609375 0.44142115156250006 0.3972580125 0.43774800625 0.41003806562499995 0.4302577578125 0.406062490625 0.2935353796875 0.4220684875 0.29011394375 0.42941935156250005 0.286081121875 0.42547683281250004 0.2854928875 0.4230100171875 0.2774503953125 0.423951546875 0.2748303875 0.43266797187500006 0.270245321875 0.43364255781249994 0.2694079015625 0.4248930765625 0.2587632875 0.40968467343750004 0.24347972968749998 0.41293329375 0.253322915625 0.426776134375 0.23723793125 0.42865919375 0.2339244640625 0.45816181875 0.242221409375 0.497195878125 0.2462542328125 0.501138396875 0.25272733281250004 0.5165615203125 0.258776565625 0.5224752968749999 0.307683946875 0.5120797125000001 0.310316790625 0.5019206421875 0.30091535625 0.4727207921875 0.29340195625 0.45991865 0.2919377890625 0.4530302875