1 0.4251635578125 0.7083068171875 0.3967302875 0.678839721875 0.3511912109375 0.7005277234375 0.2993257546875 0.7892563046875 0.27989684375 0.8467483984375 0.2503833875 0.8575275921875001 0.2016799640625 0.8589456343749999 0.18288040156250002 0.9023281187500001 0.3802449015625 0.976539496875 0.3833171421875 0.9680985859375 0.390633915625 0.939681346875 0.38139061406249997 0.9195754031250001 0.36382546250000003 0.8892580171875 0.3783002796875 0.8825643203125001 0.389825425 0.8508992453124999 0.4330198890625 0.7446496 0.4251635578125 0.7083068171875
1 0 0.8350257171875001 0.0647754953125 0.85860206875 0.072456096875 0.8374997890625 0.0812011046875 0.8382797312499999 0.093433025 0.8212105734374999 0.10484179687499999 0.8229864515624999 0.11323766093750001 0.8164567734375 0.11160943281249999 0.7919663578125 0.1348828875 0.723911465625 0.176741225 0.6171755109375 0.1530558578125 0.541588121875 0.0840884515625 0.46628747812500004 0.08719344375 0.3956714234375 0.0167311796875 0.37002525625 0.014980381249999999 0.378947134375 0 0.41954779843749995 0 0.8350257171875001
1 0.6682699249999999 1 0.6601933828125001 0.9851650203125001 0.594390325 0.9301343375 0.55864028125 0.92908448125 0.5273760265625 0.948785553125 0.478392396875 0.971622821875 0.4582402734375 1 0.6682699249999999 1
1 0.81172415625 1 0.8180856609375 0.9708341171875 0.828414221875 0.9052238046875001 0.815526371875 0.89097389375 0.8262368546875001 0.8781305359375 0.8472708250000001 0.8451468312499999 0.8666935406249999 0.787626075 0.8603224828125 0.7637859875 0.8396291703125 0.804102628125 0.8355784359375 0.8193435296875 0.827331721875 0.8378895906249999 0.8116637328125 0.8560846984375001 0.8070468859375 0.8687693812499999 0.7946658156249999 0.8738221578124999 0.7913935796875 0.8869698343750001 0.782517515625 0.919625503125 0.775335209375 0.9600537828125001 0.7632377546875 0.98913398125 0.7652425593750001 1 0.81172415625 1
1 0.75699805 1 0.742635925 0.9672968546874999 0.7125180234374999 0.9521890296875 0.655897865625 0.9812514109375 0.6552031921875 1 0.75699805 1
1 0.7568487 0.8333609859375001 0.749896265625 0.8431887 0.7413443921875 0.83041133125 0.726762878125 0.8444335765625001 0.706117240625 0.8648835531250001 0.690088425 0.8875420437500001 0.678911265625 0.9033579062499999 0.6676356640625001 0.9110839875 0.669812771875 0.9376754390625001 0.6637588109375 0.968242315625 0.665570446875 0.975371265625 0.69545088125 0.9555890281250001 0.7157032765625 0.9575997968750001 0.737267734375 0.96436595625 0.7568468453125 0.9747137515625001 0.765971875 0.9812565703124999 0.7772016640625 0.9402153484375001 0.782830175 0.9191319546875001 0.7942280171875 0.8878166406249999 0.8036438734375 0.8740531671875 0.8140877765625 0.8611655953125 0.8199352062499999 0.8525464812499999 0.8245401812500001 0.8408081062500001 0.8424559 0.8064781984374999 0.8523091359375 0.7794066578125001 0.855087171875 0.7578403109375 0.8506355734375 0.74494453125 0.8377548671874999 0.7235939015625 0.8224287828125 0.72015458125 0.802236359375 0.7235525421875 0.786317309375 0.7403359515625 0.772751384375 0.76550165 0.7651759984375001 0.7928477265625 0.7599192375 0.815650809375 0.7568487 0.8333609859375001
1 0.711735409375 0.801387725 0.6610348671875 0.8090237546875001 0.6791824015625 0.8569285203125 0.6698188468749999 0.916552534375 0.6802338031249999 0.9029678593750001 0.7405027375000001 0.8313989078124999 0.7579314593750001 0.839934175 0.7629293296874999 0.796096590625 0.7823761640625 0.73142848125 0.76471351875 0.68589193125 0.7343808890625 0.705271925 0.716219025 0.7551712359375 0.711735409375 0.801387725
1 0.8263142234374999 0.9097143390625 0.823895028125 0.9319394203125 0.842255425 0.9103672140624999 0.8625434625 0.8946458609375 0.8627152125 0.8741641953125001 0.8530507828125 0.8629359624999999 0.85309635625 0.85394796875 0.8669976546875 0.851296959375 0.877819796875 0.8526744781250001 0.886647609375 0.8417601171875001 0.8945561468750001 0.8266558328125001 0.904822865625 0.8162651890625 0.9043207359375 0.7865336734375 0.9169919671875 0.7539126046875 0.8953034015625001 0.7357465249999999 0.8717376734375 0.7271693015625 0.8602465578125 0.7409696328125001 0.8546150656249999 0.769736203125 0.8632402390625 0.78829684375 0.8570891187499999 0.8207296171875 0.8381720078124999 0.8549327046874999 0.8178221875 0.8886407359374999 0.8263142234374999 0.9097143390625
1 0.2416083625 0.658239846875 0.25425495625 0.6317625 0.25752719062499996 0.6186148234375 0.2112062046875 0.5969494 0.2021628984375 0.572136690625 0.19433934375 0.5812512484375 0.18357801406250002 0.61081775625 0.1812040625 0.6338779031249999 0.1849830796875 0.6400329109375 0.1810730078125 0.6673135140625 0.17360708281249998 0.6837143703125 0.1553385671875 0.6842477140625001 0.113488715625 0.7909603515625 0.1122362125 0.81920823125 0.0929953984375 0.8265702265625 0.072776090625 0.8407322140625 0.069853 0.8611895078125 0.1821165859375 0.9044266875 0.2001438421875 0.8631660906249999 0.23820231249999999 0.8578736015624999 0.2567097703125 0.7904870109375 0.25557022812499997 0.7398472859375 0.24443317343749998 0.7166755 0.2178281265625 0.7069920546875 0.2305402484375 0.663796903125 0.2416083625 0.658239846875
1 0.57115545625 0.9338508859375001 0.6081478421875001 0.9437765546874999 0.628848275 0.9725152328125001 0.6503911953125 0.9988935046874999 0.6554493156250001 0.9804279906250001 0.6557053453125 0.9690343968749999 0.6601192421875 0.95384645625 0.6655083937499999 0.9390398843750001 0.6714746500000001 0.9226477265625 0.6742011328124999 0.90597420625 0.67697918125 0.8769612609375 0.6794624812500001 0.848712446875 0.67550348125 0.8366561171875 0.666216853125 0.8209178671874999 0.6577689546875 0.808996940625 0.64016039375 0.800818721875 0.6301000828125 0.8024647515625001 0.6120451109375 0.8215074859374999 0.597687515625 0.8472036375 0.5901958265625 0.8586043078125 0.5856884859375 0.8649120953124999 0.5793311437499999 0.8900080515625 0.571303359375 0.9135717921875001 0.5638263546875 0.9249778078125 0.57115545625 0.9338508859375001
1 0.738873275 0.7059035765624999 0.7666914171875 0.6843408765625 0.7674212859375 0.682335578125 0.7595300765624999 0.67267696875 0.737401321875 0.6668673046875 0.7179220984375 0.673376740625 0.706531109375 0.6850745984375 0.6999792593749999 0.7030756578124999 0.7032113828125001 0.7020075109375 0.6973894031250001 0.7180032703125 0.6917644484375 0.72952884375 0.69330703125 0.752746984375 0.7037649265625 0.7474959546875 0.7093983671874999 0.735947065625 0.72291453125 0.7340801015625 0.7296549203125 0.711632171875 0.738873275 0.7059035765624999
1 0.50789455625 0.8373896125 0.5013423390625 0.8875535296875 0.480892228125 0.958906984375 0.47998229375 0.9727824359374999 0.52043974375 0.9524928625 0.56247230625 0.9316675140624999 0.598386246875 0.8462432609375 0.6131056515625 0.820969265625 0.6365073140625 0.8021297484375 0.640717609375 0.76972995 0.6591345265624999 0.7304596250000001 0.6666443671875 0.70036983125 0.6671748109375 0.674288534375 0.6228311984375 0.6844231421875 0.62002205 0.6921412140625 0.6133582703125 0.70286618125 0.5976088484375001 0.7518479140625 0.57294850625 0.75710533125 0.556344571875 0.7762272890624999 0.5394319078125 0.7810302375 0.5243006671875 0.8017708734375001 0.50789455625 0.8373896125
1 0.144030075 0.5297473312500001 0.144804828125 0.5263852359375 0.15283921875 0.475255621875 0.14862149375 0.46788468281249995 0.13863455156249999 0.4649891109375 0.1301988609375 0.4692069375 0.12193665312499999 0.47422728281250004 0.1142271484375 0.49920078281249997 0.11607987812500001 0.49913574218749995 0.144030075 0.5297473312500001