1 0.8365588374999999 0 0.8335115609375 0.02282900625 0.8440075578125 0.051090442187499994 0.847062628125 0.0801574984375 0.8455736921874999 0.1232423671875 0.84140240625 0.1553060234375 0.8504246078125 0.183745909375 0.8573190687500001 0.2349921578125 0.8609896625 0.24136469531250002 0.877953484375 0.230562765625 0.899760478125 0.23728971875 0.9118479953125 0.25184366406250003 0.9187551484375 0.2601602015625 0.9296521 0.2635361421875 0.9747068015625 0.2474975625 0.9693041250000001 0.1960945234375 0.9710309125000001 0.19817365781250001 0.96122194375 0.1765983484375 0.9489963124999999 0.10332970156250001 0.934341721875 0.0642022140625 0.9188006265625001 0.0454900015625 0.9094641171875001 0.0284098359375 0.9067973078125 0.0173869921875 0.8978621499999999 0.018326114062500003 0.8946435781250001 0.016403771875 0.88101971875 0 0.8365588374999999 0
1 0.662364565625 0.09945230625 0.65612795 0.08809821718750001 0.6514426140625 0.07745236562499999 0.6461506 0.0695547734375 0.6420953500000001 0.06774391874999999 0.6367375562500001 0.06475126718749999 0.6323243656249999 0.0652151125 0.6216576234375 0.07389520468750001 0.620193084375 0.0798419921875 0.619483371875 0.0928210015625 0.619929859375 0.099909178125 0.6219269859375001 0.11039015625 0.623757334375 0.1137535578125 0.6262588578125 0.1148328859375 0.6289470671874999 0.11499775781249999 0.634848846875 0.11748582031249999 0.6378601890625 0.12072509218750001 0.6763816265625 0.1198082375 0.67420951875 0.11603334218750001 0.66921030625 0.1080814265625 0.662364565625 0.09945230625
1 1 0.7297389140625 0.9996776781250001 0.7288827890625 0.970132271875 0.7255123796875 0.9489189609375 0.7293668140625 0.9422694546875 0.7689437906250001 0.9392356312500001 0.8016649843750001 0.9481176765624999 0.8039575484375 1 0.805192084375 1 0.7297389140625
1 0.48366352968750004 0.1367905265625 0.494811025 0.14240075937500002 0.4828077046875 0.11429775 0.49074687499999997 0.0750326421875 0.5037000640625 0.026221576562499998 0.5142957984375001 0.0409323125 0.5214379578125 0.0514847796875 0.5318804375 0.05038723125 0.5470994828125 0.03748450625 0.520980640625 0.0040832171875 0.4506629203125 0.009213279687500001 0.43817689531250004 0.0195681234375 0.4388005609375 0.082753046875 0.4683754265625 0.1203358984375 0.459189725 0.1190407265625 0.46852623437499996 0.1361208921875 0.48366352968750004 0.1367905265625
1 0.06793853749999999 0.084973471875 0.0664883734375 0.0786501328125 0.0661823765625 0.07573877031250001 0.07457462031249999 0.063953890625 0.0709800203125 0.057855942187499995 0.06576452968749999 0.054871882812499995 0.063303134375 0.050138365625 0.062489128125 0.044336871875 0.061410629687499996 0.0433434609375 0.056748809375 0.0438334375 0.0365475828125 0.045956671875 0.024893029687500002 0.047181615625 0.0244759109375 0.050687042187499996 0.017635160937499998 0.062285303125000004 0.0163948765625 0.070963659375 0.019734559375 0.0897337859375 0.022900764062500002 0.091755825 0.06793853749999999 0.084973471875
1 0.3132461546875 0.024386357812500002 0.3205027296875 0.0352800203125 0.324140109375 0.054042406249999994 0.3270445734375 0.0870578421875 0.34023752812499997 0.08567120624999999 0.35178330468749996 0.084457696875 0.355400053125 0.076565684375 0.36088546250000003 0.07598914531249999 0.365215928125 0.117190765625 0.3696135796875 0.116728553125 0.366104465625 0.07796026406249999 0.3637666515625 0.0557174421875 0.365289840625 0.0439009890625 0.3696874921875 0.043438778125 0.3727560828125 0.06725316249999999 0.3748344125 0.087027146875 0.37641623125 0.09684532968750001 0.37901353125 0.1215569859375 0.402089546875 0.11913159843750001 0.399580375 0.09525841562500001 0.39814714375000004 0.076240815625 0.3884919828125 0.037294312499999996 0.3996901484375 0.03277349375 0.4025557984375 0.0125034265625 0.40093108125 0.007658423437500001 0.3100623890625 0.020552951562499998 0.3132461546875 0.024386357812500002
1 0.7593141125 0.1714692765625 0.7568183359375 0.1702951515625 0.7517171546875 0.17153775468750002 0.7469146249999999 0.175621846875 0.7436202703125 0.1759680984375 0.736788146875 0.17882906875 0.733064859375 0.184212621875 0.7351176421875001 0.20822796718749997 0.771486871875 0.20581829843750002 0.7703754921875 0.195244225 0.7675331703125 0.186288521875 0.7644449843750001 0.179477996875 0.7593141125 0.1714692765625
1 0.907640225 0.24828272187499997 0.9028274875 0.2368731703125 0.8945557421875 0.2269339421875 0.882176265625 0.22604509374999998 0.871095071875 0.23048297343750002 0.8619469296875 0.246585978125 0.8614573312499999 0.248803871875 0.8637486375 0.2637280890625 0.8631072609375 0.27137802031249997 0.863178246875 0.2789295328125 0.8638538875 0.285357825 0.8603687984375 0.29330664375 0.8522023031250001 0.30499715156249996 0.8435462078124999 0.3189055515625 0.8444470624999999 0.32747660624999997 0.84670410625 0.3283225984375 0.8782504812499999 0.326066609375 0.8792370359375001 0.30107246718749997 0.9179233546875001 0.2775084609375 0.9228144359374999 0.2759111703125 0.9098899125000001 0.2696870703125 0.9067344625 0.2602933125 0.9080906531249999 0.25256825156249996 0.907640225 0.24828272187499997
1 0.1715165484375 0.06848251093749999 0.1710107671875 0.0768246390625 0.2172938171875 0.074715234375 0.20959479375 0.0672354671875 0.19774186093749999 0.04639304375 0.18347455937499998 0.0465268015625 0.1752499546875 0.051535728125 0.1715165484375 0.06848251093749999
1 0.8075088203125 0.5176017125000001 0.8069163078124999 0.5055366625 0.7859450453125 0.48553487500000003 0.7658265265625 0.473496946875 0.754919353125 0.478693628125 0.748845459375 0.49145934375 0.74589008125 0.5210403828125 0.7480957046875 0.5420254953125 0.7468526453125001 0.56233695625 0.7486100859375 0.5662025328125 0.794238778125 0.56444448125 0.7948383265625 0.5572934578125001 0.79866049375 0.548814696875 0.8052997656249999 0.5350005328125 0.8075088203125 0.5176017125000001
1 0.8733258734374999 0.49222226874999997 0.8617903874999999 0.5463004140625001 0.8530835250000001 0.5570351421875 0.8504341 0.5708420515625 0.8553846187499999 0.5789285984375 0.85547008125 0.5875147109375 0.8477846765624999 0.5846489609375001 0.8399713249999999 0.603884871875 0.841281496875 0.655364828125 0.8521597125 0.6652891375000001 0.849636359375 0.680295528125 0.869742315625 0.6779725125 0.87186958125 0.7516175015625 0.878839003125 0.7526040046875 0.8693877734375001 0.665698346875 0.867969596875 0.6166016890625 0.8738046421875 0.6177074203124999 0.9450321515625 0.590543865625 0.9426377 0.5799374828125 0.9529463203124999 0.58752569375 0.95115048125 0.5795709062500001 0.9608604859375 0.584507521875 0.9596632625 0.5792043296875 0.9687746546874999 0.5814893484375 0.9681760421875 0.5788377515625001 0.9766888234375 0.5784711765624999 0.977239834375 0.5759407000000001 0.9629166671875 0.55655886875 0.9463091968749999 0.5546073171875 0.9480663343750001 0.532310871875 0.9278781328125 0.4729719265625 0.916064575 0.4619214203125 0.8868660328125 0.4649903109375 0.8733258734374999 0.49222226874999997