1 0.522808296875 1 0.5285207062499999 0.9904857093749999 0.5462759515625 0.92538741875 0.5820664328125 0.7585536875 0.5936827515624999 0.761235525 0.6070210296874999 0.815221515625 0.60504376875 0.8473327609375 0.6249300078125 0.8376709703125 0.6263714109375 0.8196889031250001 0.6219527234375 0.7799960921875 0.6252141124999999 0.748157278125 0.6241266015625 0.7234864171875001 0.6207513953125 0.71455925 0.6097454156250001 0.6916604828125 0.6033934999999999 0.6779841328125 0.606517528125 0.6644524828125 0.6029504 0.6269752296875 0.5953044000000001 0.613000115625 0.5776466 0.61300948125 0.5713545140625 0.6461675625 0.5660901109375 0.6571620734375 0.5548335265625 0.664730184375 0.535749546875 0.68272513125 0.5161637875 0.7087281390625 0.5033724687500001 0.7464907015625 0.4810459515625 0.79019983125 0.467019803125 0.8215723625000001 0.4790193921875 0.828428675 0.499058215625 0.8004632375 0.5308401828125 0.7569181109375 0.511653490625 0.8400248031249999 0.48636663437500005 0.9848396625 0.49929851249999996 1 0.522808296875 1
1 0.6331878171875001 0.27414876875 0.6348002187499999 0.26396955625 0.6332905249999999 0.2620346921875 0.6322065859375 0.260895140625 0.6325600375 0.25804444531250004 0.6340131343750001 0.2550149859375 0.633750596875 0.25226243125000003 0.6305352234375 0.25063080000000004 0.6287616859375 0.25178363593749997 0.6280346296875 0.2543077265625 0.627291334375 0.25884702656249997 0.62571271875 0.2591555609375 0.622717690625 0.2598341125 0.6217493140625 0.26138915156250003 0.620764165625 0.26565629999999996 0.6201578890625 0.27022723437499996 0.620205303125 0.27002186250000004 0.6320923765625001 0.27569850625000003 0.6331878171875001 0.27414876875
1 0.690096828125 0.29110885 0.68967590625 0.29223746875 0.6868902515624999 0.2972185921875 0.6875613390625 0.297854228125 0.6991064640625 0.30369228125 0.700629353125 0.3020970140625 0.70007590625 0.2931723484375 0.698656303125 0.2901526625 0.6993042890625001 0.2873459296875 0.6999470062500001 0.2845620140625 0.7001519328125 0.2843689734375 0.70005236875 0.284105634375 0.6977057140625 0.2794057734375 0.6957956390625 0.27920515 0.6922862140625 0.283778825 0.692320384375 0.28647866093749996 0.690096828125 0.29110885
1 0.75967175 0.17041105625 0.7596409640624999 0.1660295375 0.756885178125 0.163518565625 0.7555606921875 0.1638377015625 0.75512715625 0.16842447968750002 0.75409459375 0.172896996875 0.7521845171875 0.18026746875 0.74974163125 0.1881398484375 0.755725065625 0.1920208984375 0.757612521875 0.1874573234375 0.7595376765624999 0.1782155859375 0.75967175 0.17041105625
1 0.7663410640625 0.15416472187500002 0.7671470953124999 0.15067341875 0.7702056796875001 0.146524434375 0.7678947421875 0.1418087828125 0.766629559375 0.1366615765625 0.7656150265624999 0.1319568 0.763478371875 0.1321124671875 0.760977390625 0.138361075 0.7604628984375 0.14100634375 0.757552934375 0.143747528125 0.7562252093749999 0.147623128125 0.7589962671875 0.150762540625 0.7581756890625 0.1554282109375 0.7626782828125 0.1594721203125 0.7641201203125 0.154685490625 0.7663410640625 0.15416472187500002
1 0.7174421765625 0.21829806093749998 0.720540878125 0.2104328765625 0.723627109375 0.2003295390625 0.7259089046875 0.1991979015625 0.7269433515625 0.1963842484375 0.7249785656250001 0.19287816875 0.726955484375 0.18667681875 0.72611248125 0.181506903125 0.7233424375 0.1839198625 0.72041120625 0.1918237109375 0.717885190625 0.192346153125 0.71479794375 0.196897121875 0.714765996875 0.20023064218750003 0.712852296875 0.2061581640625 0.7111070796875001 0.2176767203125 0.713546775 0.22155682968749998 0.71593470625 0.22239654999999997 0.7174421765625 0.21829806093749998
1 0.38449227812500003 0.2259143359375 0.38177196874999997 0.2278340359375 0.3982633265625 0.2350303328125 0.39565563125000003 0.22423736249999998 0.39609115156249997 0.2149882078125 0.388503871875 0.21833201562500001 0.38449227812500003 0.2259143359375
1 0.42499467031249993 0.142513115625 0.42704896718749996 0.13743525 0.42646661718749995 0.1333590265625 0.42360870625 0.1353190671875 0.422299928125 0.1418909859375 0.42063760156249996 0.1424926515625 0.4199211296875 0.14559603125 0.41766606250000005 0.1516129890625 0.419528721875 0.1595900796875 0.42351416718749996 0.15462156093749999 0.42170959999999996 0.1558393390625 0.4268069203125 0.14980558125000001 0.42499467031249993 0.142513115625
1 0.4037378359375 0.1620013421875 0.40195608125 0.170483025 0.39643320000000004 0.1782211765625 0.393643290625 0.1887774890625 0.4029363453125 0.1939514 0.40867464218749994 0.177778546875 0.41309749062499995 0.172790834375 0.41136837187499997 0.16527720937499998 0.41313847812500004 0.157610034375 0.40887445 0.1567698171875 0.40744430937500004 0.161366865625 0.4037378359375 0.1620013421875
1 0.72956013125 0.22623924843749998 0.7337217921875 0.22842584062500002 0.73763445 0.2211331375 0.7375015625 0.21774954218749998 0.7412152125 0.21527802812500002 0.739634084375 0.2133747421875 0.739806871875 0.2064444171875 0.7432658375 0.20813228593750002 0.7449549875 0.20609470000000002 0.74498925625 0.20247329218750001 0.74365176875 0.2012511703125 0.7406053640625 0.203888746875 0.72956013125 0.22623924843749998
1 0.6630148046875 0.26310459375 0.662321534375 0.25575800625 0.6538815359375 0.2646012953125 0.6489743046875 0.2754379140625 0.6511900296875 0.2831359859375 0.66333920625 0.28594084531249997 0.66643684375 0.2794694578125 0.66953448125 0.27299807187499997 0.6630148046875 0.26310459375
1 0.7545060328125001 0.2461311765625 0.7645130453125 0.2535609796875 0.7691153015625 0.23640479375 0.7715110640625 0.2324873484375 0.7733698609374999 0.2207546609375 0.7712387640625 0.2170659734375 0.7665336578125 0.22174816874999997 0.7545060328125001 0.2461311765625
1 0.5122254796875 0.224566675 0.5093641375 0.2275834703125 0.5079632859375 0.23233149218750002 0.5055988921875 0.2405584859375 0.5020947828125 0.24573426875 0.5050593125 0.25956595312499997 0.5045174625 0.2719151390625 0.5004960578125 0.28134590625 0.4997186875 0.29200632187500003 0.5006011781249999 0.2929070828125 0.5085517187499999 0.292435228125 0.5111047531249999 0.2854054765625 0.5110197390625 0.276396675 0.5118420578125 0.2715150890625 0.5186420609375 0.25671700625 0.51944006875 0.2479120671875 0.519041621875 0.2443590046875 0.518464684375 0.2421347453125 0.517069296875 0.23421746250000003 0.515960709375 0.232351165625 0.51389684375 0.2272599203125 0.5122254796875 0.224566675
1 0.82058419375 0.2220725140625 0.8253966328125 0.21579711875 0.8223517265625 0.215094146875 0.8215300875 0.19086923125 0.8185431796874999 0.18296908125 0.809935278125 0.17857826875 0.8060107343749999 0.160847559375 0.796876015625 0.1587386421875 0.7899065656250001 0.140304959375 0.7858660234375 0.1369686046875 0.7752088500000001 0.134508203125 0.771110309375 0.13836902499999998 0.7684762218750001 0.1497785109375 0.7633240453125001 0.15820312812499998 0.75729223125 0.14960000625 0.7578770484375 0.14012093125 0.7548901406249999 0.13222078125 0.745755421875 0.130111865625 0.7390807921875 0.13818499687500002 0.7359198874999999 0.1518763796875 0.7267851671875001 0.1497674625 0.7201105375 0.1578405921875 0.7140207249999999 0.1564346484375 0.71009618125 0.1387039390625 0.6801739343750001 0.129392321875 0.6734993046875 0.1374654515625 0.671392034375 0.146593040625 0.6733253078125 0.1590569828125 0.6595072296875 0.1702879640625 0.6565203234375 0.1623878140625 0.63719725 0.16273377656250002 0.6256005499999999 0.18145367968749998 0.6178012046875 0.1798289265625 0.6115523656249999 0.19046250468749998 0.610001859375 0.1782041734375 0.5086103625 0.1570823796875 0.50562345625 0.14918223125000002 0.49350182968749995 0.13917316562499998 0.48044256562500004 0.1193335390625 0.46065067343750005 0.1147642203125 0.4539760453125 0.12283735 0.45075714062500005 0.1437259109375 0.43096524843750006 0.13915659375 0.42686670781249997 0.143017415625 0.4208928921875 0.1272171171875 0.39805609375 0.12194482656250001 0.38933219375 0.1319483671875 0.36034758437500003 0.1324673109375 0.34652950625 0.143698290625 0.3286708875 0.151592915625 0.3219962578125 0.159666046875 0.3193041703125 0.178272709375 0.3243403484375 0.18424244843749998 0.3195989921875 0.204779521875 0.2936012890625 0.2131986140625 0.2742782140625 0.2135445765625 0.2676035859375 0.22161770625 0.26596513437499997 0.23566057499999998 0.268952040625 0.2435607234375 0.2780867609375 0.245669640625 0.284234571875 0.23987840781249997 0.29945910468750003 0.2433932671875 0.304379284375 0.263757359375 0.336350803125 0.2711385671875 0.34249861406250004 0.2653473328125 0.3461283375 0.25657123125000003 0.35221815 0.257977175 0.3505796984375 0.27202004375 0.3525709703125 0.277286809375 0.361705690625 0.2793957265625 0.3759925859375 0.2730800265625 0.39373520625 0.27957975468749996 0.4019322890625 0.2718581109375 0.41206264375 0.2766004109375 0.4207865453125 0.26659686875 0.42588072187500003 0.2653694296875 0.42980526562500004 0.2831001390625 0.438939984375 0.28520905625 0.44508779687500005 0.2794178234375 0.46892023125 0.2873234953125 0.47606367968749996 0.2841656453125 0.4779969515625 0.29662958906250003 0.48713167031250004 0.29873850625 0.4932794828125 0.292947271875 0.5048694671875 0.2427455359375 0.4985283296875 0.2364745234375 0.5009092109375 0.225941284375 0.507092734375 0.21922359375 0.5090840062499999 0.224490359375 0.520678815625 0.23678132187499998 0.510611284375 0.28733454375 0.5125445578125001 0.29979848750000004 0.5216792765625 0.30190740312500003 0.5278270890625001 0.29611617031250004 0.533858903125 0.3047192921875 0.542993621875 0.30682820781250003 0.553239975 0.297176153125 0.555231246875 0.30244291875 0.5684065078125 0.307888190625 0.571393415625 0.3157883390625 0.5805281359375 0.31789725625 0.586675946875 0.3121060234375 0.5968063015625 0.316848321875 0.6029541140625 0.3110570890625 0.60611501875 0.29736570625000003 0.5996143875 0.28384730468749997 0.603712928125 0.27998648125000003 0.6113251953125001 0.28174391249999997 0.6154237359375 0.27788308906250003 0.6341543187500001 0.27683480625 0.6342199921875 0.279819025 0.6433547109375 0.28192794062500004 0.650029340625 0.27385481093749997 0.6584112203125 0.27289155625 0.6595748796875001 0.28807618437500004 0.6853985859375 0.3012486234375 0.6926580312499999 0.2836964203125 0.6992746609375 0.2828204671875 0.7001543 0.2998482046875 0.7061281140625 0.3156485046875 0.7167852859375 0.31810890625 0.7242815546875 0.33426069062499997 0.7334162734375 0.33636960625 0.7393900875 0.3521699046875 0.7576595265625 0.3563877375 0.7703900953125 0.6693812234375 0.7662915546875 0.6732420453125 0.75651401875 0.68780938125 0.7548755671875 0.7018522500000001 0.7568668390625 0.7071190171875 0.773613825 0.7109853625 0.7797616374999999 0.7051941296875001 0.7829225421875 0.691502746875 0.782511721875 0.6793902890625 0.779524815625 0.6714901390625 0.7836879234375 0.667705853125 0.8260311390625 0.247066140625 0.8282095421875001 0.24528880000000003 0.8262182703125 0.2400220328125 0.8283835390625001 0.22369726874999998 0.82058419375 0.2220725140625