1 0.27059397343749997 0.785115271875 0.27101864999999997 0.788937803125 0.2703484921875 0.7955623875 0.27148839062499996 0.7897166484375 0.2725448109375 0.7834414468750001 0.2749423125 0.7790703390625 0.276987990625 0.7778025453125 0.272888896875 0.776859021875 0.26888861875000003 0.7763419781249999 0.2683353984375 0.7751336703125 0.2719330953125 0.7635892609375 0.2724019625 0.7509339484375 0.27110207656249996 0.7442466140625 0.267445884375 0.7371471453125 0.2636842234375 0.7361380296875 0.25771390156249996 0.7355582359375 0.24413326249999998 0.7343141875 0.24070132968750002 0.738440678125 0.241205509375 0.742672221875 0.2432627953125 0.746623096875 0.24379005 0.7543307687499999 0.243324178125 0.7552914796875 0.24933270156249998 0.7627826328125 0.2523983453125 0.7751965921874999 0.25430798593750004 0.7783060109375 0.254550471875 0.7795534953125001 0.255705603125 0.77542388125 0.26172098906249996 0.7729599890625 0.266468040625 0.7772369546875 0.27059397343749997 0.785115271875
1 0.74238185625 0.6912442234375 0.73884663125 0.7121996187499999 0.7663585625 0.7397479015624999 0.7678657609374999 0.7377570703125 0.7691993890625 0.731597771875 0.7710570453125001 0.7118386171875 0.77615905625 0.699025528125 0.7739488515625 0.6876550124999999 0.7668572124999999 0.6772121296875 0.7546635625 0.679582334375 0.74238185625 0.6912442234375
1 0.8095343046875 0.7029374359375 0.8023649171875 0.700447165625 0.7928393265625 0.7050790015625 0.7920669046875 0.7119144734375 0.7947779828125 0.7258617593750001 0.7861550140625 0.7126179390625 0.7891269750000001 0.7334757468750001 0.7924437609375 0.744970734375 0.8135052625 0.745885484375 0.828128003125 0.7427459859375001 0.8225914765625 0.72711946875 0.8184838718749999 0.716796915625 0.8157212906250001 0.708971940625 0.8095343046875 0.7029374359375
1 0.7679104531250001 0.271961396875 0.764828584375 0.27387629375 0.761132671875 0.275252628125 0.7596393328125 0.282801259375 0.75117409375 0.30025806875 0.7451599984375 0.327786384375 0.7392622796875 0.33814368125 0.7349684296875 0.35413173124999997 0.737860153125 0.35885423125 0.74328340625 0.3689847171875 0.7484940828125 0.3627084953125 0.7544587125 0.34507983593749997 0.7620962312499999 0.3284418421875 0.7778866265625 0.320745828125 0.7834524234375 0.33152775156250003 0.7913453671874999 0.3365939546875 0.7965734890625 0.332946025 0.8035609703125 0.3282769671875 0.7973099968749999 0.31896529375 0.7985917703125 0.3154053125 0.8014745328125 0.29969155000000003 0.7898158875 0.28548850937500003 0.8025807328125 0.28761272187500003 0.8113690765625 0.299742009375 0.813711559375 0.29402330781249997 0.8152263218750001 0.28912341874999997 0.800183028125 0.2676620078125 0.7985984765625 0.262048721875 0.7830476890625 0.253207684375 0.7720964109375 0.255336396875 0.7679104531250001 0.271961396875
1 0.29955598437500003 1 0.3016373265625 0.9727433421875 0.3003613421875 0.9285923 0.29656679375 0.917423634375 0.2904499078125 0.8525446125 0.24723512812499998 0.7764761234375 0.20983502187499997 0.7469448265625 0.15018051875 0.761787646875 0.10550328125 0.791037365625 0.10669098437499999 0.7929712734375001 0.1481411078125 1 0.29955598437500003 1
1 0.48732890468749995 1 0.563956234375 0.9851051562500001 0.5492572390625 0.953623109375 0.5220626609375 0.91083850625 0.493253059375 0.8775150593750001 0.4434411546875 0.8597133843749999 0.3846250375 0.8574146265625 0.353862140625 0.902317796875 0.3247557390625 0.9468989750000001 0.30514365468750004 0.98734253125 0.30200699375 1 0.48732890468749995 1
1 0.5285393265625 0.8714413640625001 0.534209965625 0.85868753125 0.5427042953125001 0.8485046484375 0.54897065 0.8387336171875001 0.5448277609375001 0.8294578609375 0.5415257140625 0.8184481421875001 0.5347344296875 0.810451221875 0.526938371875 0.80031505 0.5143452390625 0.7864634390624999 0.4947567796875 0.7755208812500001 0.4830921484375 0.775453696875 0.47445471250000004 0.784900359375 0.46764906718750004 0.797874815625 0.45741060625 0.8200482953125 0.45853125156249996 0.8407990484375001 0.4648862421875 0.867514803125 0.47602445624999995 0.87388150625 0.48362837187499996 0.87705135 0.49404310156250003 0.8796960484374999 0.4975774015625 0.8828929078125001 0.505501228125 0.8937682812500001 0.51696181875 0.9047414390625 0.5174842609375 0.8984214703125 0.5230117937500001 0.8849314171874999 0.5285393265625 0.8714413640625001
1 0.8157923 0.6629885468750001 0.8189012234374999 0.6553168875 0.8173438624999999 0.6509080421875 0.815562521875 0.6399423 0.8142387843750001 0.6331322609375001 0.8082324062499999 0.6276993484375 0.8015685375 0.626171978125 0.7915283875 0.629057409375 0.7871995390625 0.632254634375 0.7858969359375 0.6419309640625 0.7877369921875 0.6495956875 0.7913823484375 0.6573764078125001 0.7925282218749999 0.66515484375 0.7916534640624999 0.6733472734375 0.7880869390624999 0.6768632296875 0.7854933140625 0.683500903125 0.7844396734375 0.6907730578125 0.7857183140624999 0.6919464734375 0.79073736875 0.6886150843750001 0.7971195640625 0.6887752468749999 0.8120960921875 0.6967091921875 0.8186014125 0.6992224296875 0.8247875625000001 0.6819963984374999 0.8278377703125 0.67762575625 0.8290365609375 0.6656138234375 0.8157923 0.6629885468750001
1 0.5984794265625 0.7518786265624999 0.6020623031250001 0.7687550484375001 0.60903933125 0.77697054375 0.6142028265625 0.780360078125 0.6181611734375 0.7791874109375 0.6224161500000001 0.7671756671875001 0.6254497953125 0.7458508562499999 0.61675301875 0.7411531359375 0.601555284375 0.7369125890625 0.60000193125 0.7412045046875 0.5984794265625 0.7518786265624999
1 0.7963079828125 0.6214642453125 0.7973115953125001 0.6240069625 0.7972024 0.626065621875 0.795845803125 0.6270296859375 0.8068475968750001 0.6255702984375 0.8073969875 0.6152126703125 0.8072477953125 0.611824725 0.80272719375 0.6017522359374999 0.7968939640625 0.5981108671875 0.7928315593749999 0.6009591765625 0.791874590625 0.6065995703125 0.7906851953125 0.6136646578125 0.7935621796875 0.6179018859375 0.7963079828125 0.6214642453125
1 0.5427797562500001 0.8407859343749999 0.5203447859375 0.8932387687500001 0.5233460515624999 0.9086789468750001 0.561957309375 0.9835836140625001 0.6463312328125 0.967182984375 0.64418463125 0.956139678125 0.6419851953125 0.9359806390625 0.63009375 0.8924922984375 0.6025152984375 0.85665865 0.5804646124999999 0.840337078125 0.5427797562500001 0.8407859343749999
1 1 0.55067820625 0.9614785953125 0.5448743687500001 0.885610815625 0.562125915625 0.8427142453125 0.6132290421875 0.8220437109375001 0.720370828125 0.8482192765625 0.8259621390625 0.849842196875 0.8633816390625 0.8771621749999999 0.9360454468749999 1 0.9106808453124999 1 0.55067820625
1 0.56607966875 0.7827105953125 0.5863666000000001 0.7976559203125 0.596980078125 0.82908318125 0.6043926953125001 0.8207871984375 0.6111420203125 0.8091607562500001 0.6102213671875 0.78788299375 0.5943773375 0.762629703125 0.5889077515625 0.757665475 0.5807679265625 0.7489544140625 0.5646737703125 0.735762109375 0.551507990625 0.7409105171875 0.5336342703125 0.7615544375 0.5301424859375 0.7965724125 0.54392603125 0.814500953125 0.54753548125 0.7966297265625 0.56607966875 0.7827105953125