1 0.579192221875 1 0.9506104328125 0.8793189078125 0.935352003125 0.8711263828125 0.9131303374999999 0.7898555796875 0.8355636875 0.7243243328125 0.792269028125 0.7126237859375 0.745906196875 0.6940692312500001 0.6632062578125 0.6929291156249999 0.579608390625 0.720091709375 0.5559479374999999 0.7636413281250001 0.541291228125 0.7986576546874999 0.53135899375 0.8198017500000001 0.5293104296875 0.8988643921874999 0.5363505703125 0.925709425 0.5416162203125 0.941915428125 0.5412535968750001 0.958856646875 0.54499755625 0.975557078125 0.54689020625 0.9917374750000001 0.54839743125 1 0.579192221875 1
1 0.10750953593749998 0.412300575 0.113057709375 0.42322756562499997 0.10249287343749999 0.43355788124999994 0.1087226546875 0.45273118125 0.12074546718750001 0.4811256515625 0.13611332812500002 0.5015636984375 0.14151023125 0.5438033171875001 0.1601114734375 0.539890371875 0.15941437812499998 0.5353502421874999 0.1497757984375 0.5289207109375 0.15142231718750002 0.5119829124999999 0.1466864046875 0.4912587453125 0.149885665625 0.48278890937499996 0.1566712859375 0.5134458265624999 0.165671815625 0.5142225234375 0.1543925984375 0.46119252031249997 0.1488716875 0.450284709375 0.144154621875 0.440685896875 0.1258098015625 0.4233180484375 0.12446896562500001 0.42165078906250003 0.12473599375 0.4114699875 0.12437105781249999 0.407887415625 0.1146477234375 0.407345571875 0.10750953593749998 0.412300575
1 0.793982025 0.2081504234375 0.7871800109375 0.20242549531249998 0.77633203125 0.2178387515625 0.78564374375 0.2464972546875 0.7924939078125 0.2614313640625 0.8025137234375 0.27401776093749997 0.8114007640625 0.292243546875 0.8078593328125001 0.2630279984375 0.8077108125000001 0.2564870921875 0.8253553953124999 0.28639158125 0.8309498937500001 0.2792744484375 0.8145764968749999 0.24104993125 0.8075968343750001 0.219568734375 0.793982025 0.2081504234375
1 0.060881535937499995 0.3434180703125 0.063852803125 0.348873575 0.0638650765625 0.3544773859375 0.0632628515625 0.3618790828125 0.077250759375 0.36053058125000004 0.076862959375 0.35746013906249996 0.073566778125 0.34731553593750003 0.07144898125 0.340797628125 0.0677813078125 0.33876484375000004 0.060881535937499995 0.3434180703125
1 0.8244399375 0.3814327859375 0.8148885796875 0.3612918859375 0.8121562843750001 0.3565718640625 0.81013266875 0.35403293125 0.805188396875 0.3388160265625 0.793531515625 0.31776102968750003 0.7893941359375 0.3142826390625 0.7847324062500001 0.311002659375 0.7744463046875001 0.30711075625 0.7678539421874999 0.2868215515625 0.7652158265625 0.2860805046875 0.7601513093750001 0.2853147109375 0.7526999234375 0.2901471671875 0.7524063046875 0.2910557 0.74914694375 0.2977225296875 0.7494089703125 0.30403028125 0.750920509375 0.3123714359375 0.7538835359375 0.3178015796875 0.7531134640625 0.3228744984375 0.7519786484375001 0.33044924375 0.7554318953125 0.34295416562500003 0.7578828453125 0.35418653125 0.7589164375 0.3610567203125 0.75691736875 0.36972540781249996 0.7534380546875 0.375650571875 0.7525109171875 0.378363171875 0.7558629390625 0.40531302656249996 0.7562697593750001 0.4083772875 0.7591345734375 0.40425000781250003 0.7666994578125 0.39057643125 0.7678532953125 0.3829955046875 0.7688939328125 0.3714417859375 0.769257184375 0.36330460468750003 0.7768150234375 0.36805493437500003 0.778169496875 0.3740357703125 0.7783183218749999 0.376370728125 0.777567271875 0.381437465625 0.777340571875 0.3863057921875 0.7774347515625 0.39028476875 0.780636753125 0.3964503953125 0.7835261140625 0.4035307375 0.7916355671875 0.4081018375 0.7968065375 0.4184504140625 0.8061639828124999 0.454692625 0.8173757046875 0.4855096375 0.81708611875 0.4919966203125 0.820275846875 0.49255843749999995 0.8316338796875 0.4904942515625 0.8318768859375 0.496808184375 0.8352236796874999 0.4997303203125 0.8438534499999999 0.498524559375 0.84780246875 0.49404500156250003 0.8506672828124999 0.48991772187500005 0.8543773281249999 0.484702678125 0.8527292390625 0.479630378125 0.8489127390625001 0.47526263437500005 0.830793003125 0.4490734859375 0.8234361203124999 0.40979793906250006 0.8244644843750001 0.3926404078125 0.825943234375 0.3897485796875 0.8244399375 0.3814327859375
1 0.43801402968750003 1 0.41115438125 0.9279466749999999 0.3818776484375 0.885671240625 0.3553971625 0.8580208546874999 0.3357835125 0.8514397015625 0.2940918484375 0.8546397562499999 0.265103996875 0.9028924859374999 0.2632267703125 0.9449440640625 0.2618631859375 0.9945955515625 0.26334442343750003 1 0.43801402968750003 1
1 0.5192287296875 1 0.4849983203125 0.9723123875 0.48071698593749995 0.9430848984375 0.47883389374999996 0.9436967515625 0.45851915156249995 0.9614288921874999 0.44330664999999997 1 0.5192287296875 1
1 1 0.59350071875 0.9744224062500001 0.5653120109375 0.9020850484375 0.58881584375 0.8624968296875 0.6215304421875001 0.8246839312500001 0.6883804765625 0.83175319375 0.71583290625 0.9094545546875 0.7947230234375 0.939301459375 0.869366465625 1 0.847890925 1 0.59350071875
1 0.5455290359375 1 0.5405461390624999 0.9398517640625 0.5310933437500001 0.9070052140625 0.536823321875 0.815390615625 0.5533701953125 0.7871624328125 0.5552126265624999 0.770245096875 0.4900694875 0.7505866109375 0.46305242968749993 0.769178634375 0.43994477656250003 0.8223903234375 0.4352767609375 0.853263878125 0.44909174218750003 0.910797371875 0.47038744687499995 0.9349171421875001 0.48229971093749996 0.94899156875 0.5036313640625 0.9844834890625 0.5289984624999999 1 0.5455290359375 1
1 0.43091768437500005 0.8381652624999999 0.4278455484375 0.8334995828125 0.42053882500000006 0.8281629593750001 0.410067103125 0.83094856875 0.40340970781249996 0.8331116890624999 0.39831731718749996 0.8407386125 0.3916543515625 0.8497450546875 0.4016833234375 0.8497389671875 0.4128644046875 0.8484893281250001 0.42073470156250004 0.8548485140625001 0.43232534375 0.8712985984375001 0.4321578640625 0.8639226843750001 0.4313805890625 0.8546700171875001 0.43091768437500005 0.8381652624999999
1 0.2417451453125 0.3904430390625 0.2362596125 0.38126215 0.23259522187499998 0.3776861546875 0.23000605156249998 0.37521882500000003 0.22416451406250001 0.3704435765625 0.21940049374999998 0.3700848484375 0.21593735625 0.3802666859375 0.21308084218749998 0.38357813749999997 0.21206987812500003 0.388168546875 0.21286721874999998 0.3917227765625 0.2145050875 0.39786388281249996 0.22081007343749998 0.40296521093750004 0.2229463328125 0.408439678125 0.2277956828125 0.42116391406250003 0.2366129671875 0.4483007265625 0.240773453125 0.4479022296875 0.2382950578125 0.43917425000000004 0.23816859687499997 0.43444871249999995 0.24092820625 0.4297387578125 0.247276375 0.433872728125 0.24900061093749998 0.43807912031249996 0.2517486453125 0.44433617343750004 0.2548526859375 0.44618758593749996 0.25650212968749997 0.441361684375 0.2536140078125 0.43467348437500003 0.2436107265625 0.41268865468750004 0.241035428125 0.402562175 0.24291956718750002 0.3962580640625 0.2417451453125 0.3904430390625
1 0.2492141640625 1 0.2349155859375 0.9559934999999999 0.218910784375 0.9233691734375 0.19296654687499998 0.8975633578125001 0.186077528125 0.8763611375 0.1206098359375 0.8994554156250001 0.11208745312499999 0.9148420515625 0.139756946875 1 0.2492141640625 1
1 0.44365838125 1 0.4510136875 0.9775505921875001 0.45992349375 0.9616735671875001 0.4678736375 0.9511273359375 0.47307934218750003 0.9371828593749999 0.4646655953125 0.91465351875 0.44110021250000003 0.9237403640625 0.43948704843749997 0.900459409375 0.43496328437500004 0.8831711828125 0.42236990781249995 0.8627289015624999 0.4117539953125 0.8517381374999999 0.38682700937500003 0.8482853421875 0.368858859375 0.8562825500000001 0.3558060328125 0.86775773125 0.376804584375 0.8890860359375001 0.39751459843750003 0.9112090687500001 0.40451074218749994 0.9327409875000001 0.415031871875 0.9567726390625 0.41849261875000004 0.97078923125 0.43747672812499994 0.99420205625 0.4391208328125 1 0.44365838125 1
1 0.7228407890625 0 0.6444331390625 0.025476189062499998 0.6362546640625 0.0197218390625 0.586799725 0.0357907234375 0.583565521875 0.045253278125000004 0.5645443921875 0.0514336171875 0.533348515625 0.0783931671875 0.5240919734375 0.07579300312500001 0.5077970015625 0.083891459375 0.49689236875000004 0.0762189921875 0.48167546406249995 0.08116326406249999 0.4768551484375 0.10516067343749999 0.45757999531250004 0.11703135 0.4554238609375 0.12333971875000001 0.42499005156249997 0.1332282625 0.374965090625 0.14107065937500002 0.369004728125 0.14861509687500002 0.3665945703125 0.1606138015625 0.369128684375 0.1878294109375 0.3732489109375 0.2005101640625 0.38225143125 0.20880066562500002 0.3817433875 0.2201813359375 0.3760370484375 0.2220354375 0.37248684375 0.2175811703125 0.364054346875 0.21751715625 0.3457952828125 0.20662648906249997 0.3289302890625 0.20649846093750002 0.3175176109375 0.2102066640625 0.3145994078125 0.23358603906250003 0.30236268437499997 0.23475809375 0.2979884359375 0.227767675 0.30014457031249997 0.22145930468750002 0.2952002984375 0.2062424 0.2870218234375 0.20048805 0.27180491875 0.205432321875 0.26013821875 0.2148308625 0.2577280609375 0.22682956718749997 0.252021721875 0.22868366875 0.2412410453125 0.260225515625 0.216513575 0.2682599578125 0.2108692140625 0.2897212171875 0.170924840625 0.30269993125 0.1572940484375 0.293109346875 0.1306644671875 0.301761821875 0.1233100375 0.29854362343749996 0.1146235171875 0.30416994375 0.10371888437500001 0.29649747656250003 0.084697753125 0.30267781718750003 0.060540306249999995 0.3189387453125 0.029028431249999997 0.3319814734375 0.019263843750000002 0.34076197812500003 0.016853685937499998 0.352760684375 0.020149865625 0.36290528593750004 0.029152387499999998 0.3711957875 0.032956612499999996 0.36995971875 0.0465874046875 0.379550303125 0.061804309375 0.37460603125 0.071568896875 0.365825525 0.0770212125 0.369661759375 0.07336108125 0.3764588078125 0.2631314984375 0.90361750625 0.2517188203125 0.9073257109374999 0.22718339531249998 0.890062659375 0.208162265625 0.8962429999999999 0.2049280625 0.905705553125 0.20740019843750002 0.91331400625 0.21995292187499998 0.9260587734374999 0.25444702656249996 1 0.2639643875 1 0.262047321875 0.990890653125 0.265603634375 0.9112259578125 0.44839242031250004 0.910716165625 0.44535026093749996 0.8948812281249999 0.426775196875 0.8700737390625 0.4398359671875 0.8714378375 0.43191151406249995 0.8599931515625 0.43134149062500005 0.851766665625 0.43596976249999997 0.8530667484375 0.4386339421875 0.8353777078125001 0.44640298593749994 0.83997805625 0.7376392296875001 0.7041645203125 0.7382198 0.6959778734375 0.7439261390625 0.694123771875 0.7467403625 0.699920346875 0.7485544109375 0.6954238546875 0.7926809890625 0.7147330515625 0.8002894421875 0.712260915625 0.8067578484375 0.69333580625 0.8170924578125 0.6927817875 0.8271730453125 0.6979181031249999 0.825778978125 0.6871554671875 0.8409339046875 0.6626040375 0.84036388125 0.6543775515625 0.9924709453125 0.585327675 1 0.5938280484375 1 0.56325404375 0.99431108125 0.5651024859375 0.9899988093750001 0.5777192234374999 0.75191326875 0.599186846875 0.74260626875 0.534730365625 0.7578231734374999 0.5297860937500001 0.7645456015625001 0.5051706499999999 0.7904131171875 0.5135891796875 0.7985296140625 0.4997363734375 0.7990376593749999 0.48835570156249997 0.7916212515625001 0.4655303453125 0.766846934375 0.439621675 0.779768615625 0.416107415625 0.77482434375 0.4008905109375 0.76664586875 0.39513616093750004 0.755233190625 0.3988443640625 0.7532691 0.379855240625 0.7554252359375 0.373546871875 0.7447126453124999 0.3405769125 0.73869030625 0.32851419375 0.72860971875 0.3233778765625 0.7184671515625001 0.298634403125 0.7102886765624999 0.292880053125 0.67650281875 0.188897875 0.684111271875 0.18642573906249998 0.6884235421875 0.173809 0.7104248531249999 0.163856440625 0.7196813953125 0.16645660625 0.726719825 0.155757984375 0.738132503125 0.15204978125 0.746310978125 0.15780413124999998 0.75772365625 0.15409592656249999 0.7697063578125001 0.15861420937499998 0.81155284375 0.1450174609375 0.828925884375 0.13376481875 0.83545626875 0.13444686875 0.8889694562500001 0.11145158125000001 0.8932817265624999 0.09883484218750001 0.8822959906250001 0.0967965265625 0.8836472046875 0.0627106984375 0.8612524031250001 0 0.7228407890625 0