1 0.40618688125 0.25911195625 0.4125842140625 0.2857699421875 0.4234645515625 0.287068328125 0.4381145625 0.2821818859375 0.4612994515625 0.2760510640625 0.4728323921875 0.2440456265625 0.4665541390625 0.19937353124999999 0.44467909062500005 0.15779105 0.4253079890625 0.14817114375 0.40892641718749995 0.13624607500000002 0.39466883125 0.11069277656250001 0.37634307499999997 0.10851088281250001 0.370040375 0.13506873125000002 0.3736967671875 0.15165460625 0.3734593859375 0.178257653125 0.371476496875 0.2070359078125 0.3715384078125 0.2068028015625 0.3731717046875 0.21438258906250002 0.3848213 0.26875711562500004 0.3832482265625 0.28136541406250004 0.379199409375 0.29521928124999997 0.3822059375 0.3118964875 0.39922578125 0.3142170328125 0.399115628125 0.2990626609375 0.40618688125 0.25911195625
1 0.21157679687500003 0.2580079234375 0.27324442968749996 0.2652290578125 0.2773101546875 0.271479603125 0.2841968265625 0.218314878125 0.25319974375 0.16818542812499998 0.2341329546875 0.1459111296875 0.21065834843750003 0.13785531875 0.20876896406249998 0.1585418109375 0.21441724375 0.1872798453125 0.20061764218749997 0.23683823125 0.21157679687500003 0.2580079234375
1 0.3622346609375 0.2252549859375 0.348559084375 0.19688213593749998 0.3466669046875 0.17645781875 0.3434695890625 0.1467469890625 0.33645185781250003 0.138128684375 0.3155324453125 0.141068715625 0.31951588750000004 0.1694123890625 0.3147614640625 0.18385911562499999 0.3077403234375 0.21653201718749998 0.3107470375 0.2309651359375 0.3172001875 0.2562239609375 0.3327634640625 0.2843315125 0.3466195484375 0.300291775 0.349479515625 0.29302300625 0.3591784078125 0.28613952343750004 0.373616503125 0.2992802359375 0.3724851359375 0.2842693859375 0.3622346609375 0.2252549859375
1 0.37461050625 1 0.37100957968750004 0.9900545062500001 0.2951139734375 0.973433153125 0.2719269015625 0.7060580937500001 0.181912496875 0.4070984453125 0.1972894125 0.36853868749999996 0.1697132671875 0.263263121875 0.20170230312499998 0.21783567812500002 0.11672681562500001 0.056895724999999994 0 0.0703255296875 0 0.5246028296875 0.0514116359375 0.900776203125 0.0818923140625 1 0.37461050625 1
1 0.8072437656250001 0.073174990625 0.803102721875 0.079636415625 0.7969250640625 0.0909170734375 0.7965531218749999 0.09815034218749999 0.796193290625 0.1086133578125 0.7916190046875 0.1151356734375 0.7802051984375 0.128453778125 0.7806430140625 0.14796046093749998 0.7820648578125 0.167957184375 0.785671265625 0.19025 0.7884689875 0.1872536953125 0.79538138125 0.197367884375 0.793839846875 0.20279075624999998 0.793047309375 0.2068068046875 0.7957385265625 0.219444134375 0.8048922109375001 0.2194592234375 0.8177456203125001 0.2359194546875 0.817939259375 0.2143941328125 0.8255662046875001 0.190522571875 0.83833598125 0.170461240625 0.8374202531250001 0.16731360625 0.828089340625 0.139990759375 0.82424064375 0.1287727765625 0.8241362875 0.11837500000000001 0.8301655109375 0.10581364687499999 0.8334784984375 0.08380505 0.828633125 0.0753751328125 0.8213614375 0.06921610624999999 0.8153332875 0.0687617515625 0.8129876421875 0.0684630734375 0.8072437656250001 0.073174990625
1 0.61046089375 0.227037025 0.625506646875 0.22653820625 0.6269503609375 0.206497803125 0.6215580015625 0.15151316875 0.6108338015625 0.1331379734375 0.6040630250000001 0.13189036406250002 0.6013093421875 0.1262184046875 0.60192398125 0.102973309375 0.5988237078124999 0.097305178125 0.5866438671875 0.0934965515625 0.5775019984374999 0.10030174843749999 0.5820668765625 0.132782540625 0.5775920578125 0.1339500109375 0.566921009375 0.14649050937500002 0.563793696875 0.16847301406249998 0.5657849749999999 0.18803065937500002 0.5800055578125 0.211973434375 0.5826593484375 0.228161640625 0.5859518515625 0.22935951562499998 0.5934848484375 0.29396205468750003 0.6080192624999999 0.264900878125 0.6078465140625 0.258282734375 0.5985014515625 0.2524151015625 0.600174028125 0.2340031390625 0.61046089375 0.227037025
1 0.7124803765625 0.17266506718750002 0.715044384375 0.1518388828125 0.703348009375 0.1393451140625 0.700019634375 0.12284778437499999 0.6911511859374999 0.1163297109375 0.6812232828125 0.123380021875 0.679853959375 0.1419288875 0.6780086515625 0.153498296875 0.6747822234374999 0.17657187968750002 0.6746874046875 0.2005966609375 0.6818958125 0.2235950421875 0.6857022109375001 0.22238686875 0.69913844375 0.2261535640625 0.71434548125 0.2211888359375 0.7178369953125 0.2107793859375 0.7270035125 0.2052722796875 0.7237125640625 0.1852240734375 0.7117976406250001 0.19609925781249998 0.7101643984375 0.18784624218749998 0.7124803765625 0.17266506718750002
1 0.8881975765625001 0 0.8844902671874999 0.069544578125 0.871334509375 0.191944471875 0.8794835890625 0.21579803593750002 0.9082390328125 0.2481489828125 1 0.5135337578125 1 0.469795759375 0.9801276375000001 0.32902635468749997 0.922616753125 0.2643244578125 0.9245055515624999 0 0.8881975765625001 0
1 0.65543760625 0.221030128125 0.6627275546875 0.23091173125000003 0.669300321875 0.23164859375 0.6731435921875 0.23362180625 0.6735968546875 0.2159646640625 0.67751090625 0.18520951562500002 0.6779885765625 0.1717677765625 0.6818452359375 0.161486534375 0.6733065265625 0.13418699375 0.6669443984375001 0.1309071765625 0.6634794984375 0.1188273953125 0.65074905625 0.11222375312499999 0.647350121875 0.125761878125 0.6514146796875 0.146150175 0.6522249765625 0.151915734375 0.6487335921875 0.160754325 0.6511634453124999 0.190617896875 0.65543760625 0.221030128125
1 0.6239739281250001 0.1251425203125 0.6184271890625 0.14091239375 0.6273705656249999 0.2144276046875 0.6360528015625 0.227479628125 0.6517423609375 0.225274603125 0.655258134375 0.22087582656250002 0.6495131656249999 0.1638313296875 0.6444144671875 0.15023079374999998 0.6398423296875 0.130721696875 0.6368663031249999 0.11942595 0.6239739281250001 0.1251425203125
1 0.746821559375 0.1237653671875 0.7463996515625 0.1364811671875 0.7421349171875 0.141837946875 0.747953315625 0.2090601625 0.7510655890625 0.21930449218749998 0.7734394578125 0.21616005 0.7828838765625 0.21801928906249998 0.7794256984375 0.19947566562500002 0.7842912390625 0.1885140578125 0.7806592375 0.176367996875 0.7757772515625 0.1616149734375 0.7659133687499999 0.14284958125 0.763915146875 0.1324486828125 0.7604559875 0.1257987203125 0.751612375 0.1183346515625 0.746821559375 0.1237653671875