1 0.306579890625 0.605064025 0.30167805312499996 0.66564169375 0.3495857875 0.684061340625 0.3626829484375 0.634204384375 0.35790310625 0.6059125453124999 0.3895909265625 0.56649465 0.3901184890625 0.5461006171875 0.320033878125 0.5712091578125 0.306579890625 0.605064025
1 0.15829972812499998 0.3097857421875 0.163068790625 0.2891974578125 0.171984578125 0.2750589046875 0.170178665625 0.26445958125 0.1306585578125 0.24551064375 0.1092949625 0.240339265625 0.1228078140625 0.26600926875 0.1163974625 0.2832019953125 0.115475440625 0.295838228125 0.12210354375000002 0.309412325 0.124321075 0.30984336875 0.15829972812499998 0.3097857421875
1 0.191414196875 0.3288546296875 0.19485366875000001 0.326630040625 0.1950964453125 0.316856803125 0.18213879375 0.307431190625 0.1665321203125 0.304845796875 0.159431075 0.306806884375 0.15369376562499998 0.31217070156250004 0.156399303125 0.3189311515625 0.191414196875 0.3288546296875
1 0.058780295312499994 0.425706328125 0.088125078125 0.43275508125 0.096328965625 0.42575178593749996 0.09794320937499999 0.41744722031250003 0.0815010265625 0.3965866359375 0.08062367031249999 0.3941545453125 0.07137239375 0.38555125156250003 0.0658274203125 0.3790334703125 0.0599683921875 0.3774463546875 0.0444072125 0.3803097515625 0.0367379875 0.3951388453125 0.027912428125 0.39839466875 0.0095789765625 0.41204731875 0.058780295312499994 0.425706328125
1 0.4731741359375 0.4029584578125 0.47328205 0.40035114531250005 0.459492009375 0.3858942671875 0.43194169374999997 0.371350203125 0.43297471718749997 0.36998217968749997 0.42776055625 0.3663403609375 0.43124217187499997 0.3607418234375 0.4293759625 0.3540834 0.425570503125 0.35124513749999997 0.41933466875000003 0.3508072375 0.4119654296875 0.3562002046875 0.4136370140625 0.3638598875 0.41009931718750003 0.36580051875 0.401591696875 0.362842846875 0.398759559375 0.3693622296875 0.4064984375 0.37217047187499996 0.4019303734375 0.3794118890625 0.430639746875 0.3718917296875 0.4439684609375 0.380513371875 0.43060762343750003 0.3842119578125 0.44016691718749995 0.3939142140625 0.4502255984375 0.39299664375 0.457422578125 0.3985927078125 0.4731741359375 0.4029584578125
1 0.8795193546875 0.753431965625 0.88624754375 0.7500740703125001 0.8875884828125 0.733546271875 0.8927121515625001 0.7168165421875 0.8952751624999999 0.7132602484375 0.9063309640625 0.704529384375 0.9084298625 0.693731484375 0.9071932234375 0.6857284859375 0.8964252296874999 0.680823740625 0.8985629859375001 0.6747194921874999 0.8967739640625 0.6694004046875001 0.8902969468749999 0.6665725765625 0.8837053125000001 0.666860115625 0.880386696875 0.674303653125 0.8795091078124999 0.6762927453125 0.8671298578125001 0.6773093515624999 0.862144203125 0.68133195 0.8591400406249999 0.694419178125 0.8619657374999999 0.7015086 0.866001859375 0.7072644796875001 0.866155334375 0.7088427609375 0.853734171875 0.7269656609374999 0.8479967296875 0.7348558703125 0.8456444375000001 0.7396959578125 0.8498781718749999 0.7420673625 0.8468327953125 0.7408437953125 0.851426909375 0.7460969093750001 0.8564293546874999 0.7492493390625 0.858338140625 0.7443230437499999 0.8578481437500001 0.7395824484375 0.8760142484375001 0.7160564671875 0.8755969562500001 0.7253067984375 0.8710425953125001 0.7440012546875 0.87243785625 0.7464525203125 0.871238746875 0.7502535546875 0.8795193546875 0.753431965625
1 0.0174176421875 0.36730088906249997 0.007785835937500001 0.41243224375 0.03645661875 0.3951656515625 0.034799103125 0.3920114296875 0.038739425 0.38768376718750003 0.038988737499999995 0.3805604640625 0.03574445625 0.3710466296875 0.0170695734375 0.36609226875 0.0174176421875 0.36730088906249997
1 0.274166471875 0.549396484375 0.279949509375 0.5450602703125 0.29307550312499997 0.545411278125 0.30956743124999997 0.545336715625 0.31284934531249997 0.528452728125 0.301162053125 0.520700253125 0.29065923437499996 0.51537844375 0.267398234375 0.516337659375 0.25304343125 0.5223083328125 0.24566377187500002 0.52633419375 0.22793921718750002 0.5327500656249999 0.2099828375 0.5402007171875 0.181798965625 0.5664859140625 0.1928275203125 0.5861515749999999 0.192871021875 0.6113427078125 0.1893868484375 0.6292672203125 0.18589886093750002 0.6472113640625 0.185696603125 0.6482518890625 0.24365548750000002 0.6638984375 0.233973146875 0.65435563125 0.22691398281250003 0.6398420234375 0.2301219953125 0.631704634375 0.23340009374999998 0.6148402796875 0.2353210265625 0.5965915296875 0.2377824625 0.5839285390625 0.2461886734375 0.5746215234375 0.2589468546875 0.5683404984375 0.26851179062499997 0.5614387703125 0.274166471875 0.549396484375
1 0.47427618125000004 0.39492106875 0.4808234484375 0.40401747187500003 0.48113046875 0.405910840625 0.523928175 0.417469390625 0.525700209375 0.40124950625 0.5187324 0.39068590312499996 0.5148864234375 0.378426821875 0.5002280203125 0.3719101375 0.4854753703125 0.38008540156250004 0.4837542734375 0.38893967812499997 0.47427618125000004 0.39492106875
1 0.402830725 0.3798313921875 0.3991566078125 0.3823159875 0.3988551296875 0.3838669578125 0.4389345890625 0.3945711453125 0.4301421828125 0.3840807375 0.4293387953125 0.37163884999999997 0.4242420078125 0.3669196328125 0.4118533984375 0.36451153125 0.4077697890625 0.373049203125 0.4055176140625 0.37847923125 0.402830725 0.3798313921875
1 0.39671893125 0.39659316875 0.3958892953125 0.3935998703125 0.36116974062499996 0.3718963125 0.3564678453125 0.3667241203125 0.35157839375 0.35509755625 0.3399872671875 0.35048104687500004 0.3360271359375 0.35064849531250003 0.33077723593749997 0.35555694843749996 0.3255272359375 0.362360196875 0.3433484890625 0.3671282546875 0.3454443671875 0.3774987015625 0.3298404453125 0.37695127500000003 0.329718990625 0.3831010890625 0.36164173437499997 0.3925152 0.3680398125 0.385014875 0.37653579531250003 0.3976616765625 0.393389134375 0.3990428203125 0.39671893125 0.39659316875
1 0.246520171875 0.347023153125 0.2458644203125 0.338399590625 0.23944272187500001 0.3356028890625 0.23153314531250002 0.3322521078125 0.2267806109375 0.32876114218749997 0.2318865578125 0.322541125 0.22487282031250003 0.31473950156249997 0.2160790546875 0.31199107656249997 0.21359047343749998 0.31484873593749996 0.2124303546875 0.32081702968750003 0.210791521875 0.3251438203125 0.208398346875 0.3275106671875 0.1991188609375 0.329313175 0.1969344125 0.334552625 0.197830584375 0.3419393375 0.197874253125 0.34581895 0.20381023593749997 0.353166584375 0.21173985625 0.356256396875 0.2139869546875 0.35669318906249997 0.21437620468750002 0.35469066875 0.2344713015625 0.35912649218750003 0.2419517734375 0.3605805484375 0.25583771718750004 0.36507264375 0.255934184375 0.36252422968750003 0.24996757343749998 0.3572284484375 0.246520171875 0.347023153125
1 0.46383810312499996 0.7723844546875 0.48456811093749996 0.8008631609375 0.48213577656249995 0.8405277999999999 0.47763148906249997 0.8501246625000001 0.5050803609375001 0.87118916875 0.507951321875 0.869995034375 0.5207107296875 0.85849841875 0.5059127546875 0.8399133734375 0.4937288625 0.807880034375 0.5042679578125 0.740085409375 0.512036975 0.6595481109375 0.5248676984375 0.6341089390625 0.5151552609375 0.616512421875 0.5364190375 0.6154094765625 0.538932240625 0.61589799375 0.5414750109375001 0.616392259375 0.548092990625 0.6229148671875 0.562634090625 0.62924575625 0.57776025625 0.6461424046875 0.613464253125 0.6653071578125 0.6111745453124999 0.6770866843750001 0.6278331546875 0.6995174125 0.642807140625 0.6902034609375 0.643531021875 0.6729037390625 0.6144450109374999 0.66026159375 0.5744127406249999 0.6227947046875 0.5776832062499999 0.6059696156250001 0.5850250703125 0.595192503125 0.6019605734375 0.5757874234375 0.6176326890625 0.54914836875 0.6474759671875 0.5444769078125 0.664306771875 0.53902826875 0.6846649234375 0.5290087 0.7069512046875001 0.5089118874999999 0.6791741421874999 0.48953578125 0.6518736359374999 0.4947015078125 0.6503411921875 0.4891674265625 0.6673184421875 0.45581404374999995 0.7192996375 0.40481553750000004 0.7251128734375001 0.3884847109375 0.72740258125 0.376705184375 0.7163811953125 0.36584262968750003 0.7005311468750001 0.36624570312500004 0.6902136249999999 0.3921733921875 0.6611295328125 0.4336662265625 0.6047191828125 0.48029940625 0.574905471875 0.48497661562500005 0.5167058 0.5138215578125 0.49539645937500004 0.5288924390624999 0.47119040625 0.5451320734375 0.448069809375 0.542369703125 0.42306092968750003 0.58989088125 0.42648931250000005 0.6533917375 0.4115448921875 0.6627114375 0.401152240625 0.7026013156250001 0.40759421093750003 0.7370229234375001 0.409308403125 0.7687733515625 0.3812802 0.79125843125 0.4239303671875 0.815257396875 0.4808981390625 0.83331920625 0.47715111875 0.8256024625 0.46620486093749997 0.8007777171875 0.45205945312500007 0.77883550625 0.443478034375 0.7282690453125 0.45386686875000004 0.6883988000000001 0.4726591921875 0.6728590359375 0.4722596859375 0.688489990625 0.44689686562500003 0.7376741890625 0.46383810312499996 0.7723844546875
1 0.0960758046875 0.41537279062500004 0.0930228609375 0.431078825 0.10484969531249999 0.433377728125 0.11448305624999999 0.43117539687499995 0.12297156406250001 0.4348628296875 0.12068185625000001 0.44664235625000004 0.1284071265625 0.454256296875 0.1550175015625 0.4594288296875 0.1646508640625 0.45722649843749996 0.1753328421875 0.46541516562499996 0.20232483750000002 0.46862444375 0.20938310625 0.4638841328125 0.20871610624999998 0.4515298796875 0.18954561875 0.43965378125 0.177433403125 0.423037371875 0.1571180625 0.41705103593750004 0.15030820312499998 0.3618808796875 0.15530953281249998 0.3474267578125 0.187833325 0.35374874218749996 0.1974666859375 0.35154641249999996 0.19947018125 0.3412393265625 0.25478900000000004 0.356576440625 0.2524992921875 0.36835596718749997 0.26022456250000003 0.3759699078125 0.2838782296875 0.3805677140625 0.2890284109375 0.38564367499999996 0.3101069875 0.3877035015625 0.3171652578125 0.382963190625 0.3186917296875 0.3751101734375 0.3543062953125 0.3718457765625 0.4107313078125 0.390963421875 0.40472165625 0.40609473124999995 0.4124469265625 0.413708671875 0.433143884375 0.417731753125 0.442777246875 0.41552942187499997 0.4465934265625 0.39589687812499996 0.43180988437499995 0.3930232484375 0.4329547390625 0.3871334859375 0.3402000421875 0.367066365625 0.32609378906250003 0.3622869546875 0.31134807656249996 0.36553297812499996 0.30285956875000003 0.3618455453125 0.3119875359375 0.35750754218749997 0.297881284375 0.35272813125 0.29885424375 0.350879821875 0.2881722625 0.34269115625 0.2837750296875 0.3479487203125 0.2126460078125 0.3250221015625 0.2034771703125 0.32062515625 0.20548066406249998 0.3103180703125 0.194798684375 0.30212940312500003 0.17448334375000002 0.2961430671875 0.16484998281250002 0.2983453984375 0.1633235109375 0.306198415625 0.1556232359375 0.3068748984375 0.146631878125 0.31314105937500003 0.137761753125 0.31141688125 0.1413675453125 0.3023380953125 0.1370626734375 0.30448955 0.127111853125 0.29780129375 0.12081681875000001 0.2986150953125 0.1160161765625 0.29700280156250003 0.112856159375 0.29326449375 0.11496755781250001 0.2866118046875 0.10981737656249999 0.28153584375 0.11182170312499999 0.2554388109375 0.09894625 0.24274890937500002 0.0804427640625 0.2432270640625 0.0691866953125 0.269563171875 0.07008908124999999 0.2796540890625 0.055833390625 0.2751172859375 0.0464854109375 0.29163712343750003 0.05200214843749999 0.302113009375 0.044577321875 0.3014533953125 0.040379523437499995 0.32304919375 0.053636593749999996 0.333775840625 0.0772902609375 0.3383736484375 0.0740691 0.3440165421875 0.10716952500000002 0.406871846875 0.0916888609375 0.4063703203125 0.0960758046875 0.41537279062500004