1 0.2611744 0.8441732828124999 0.2605674140625 0.8605025734374999 0.2739771875 0.8530585546875 0.279532221875 0.835961915625 0.2808601890625 0.8222172140625 0.2716166921875 0.8168387515625 0.2611744 0.8441732828124999
1 0.20736662187500002 0.81070785 0.2093427890625 0.8055359781250001 0.2079897203125 0.8015089984375001 0.2036802453125 0.8001087640625 0.199941975 0.8033721187499999 0.1982374796875 0.8104383015625001 0.19853547031250002 0.8141224671874999 0.1922440984375 0.8170015953125 0.1861041953125 0.8203752609375 0.18212554375 0.828929153125 0.199060509375 0.8335410062499999 0.20160942187500003 0.83211783125 0.2051847671875 0.8265749140624999 0.20702586875 0.8199984406249999 0.2051172421875 0.8149002984375 0.20736662187500002 0.81070785
1 0.264201425 0.7104706953125 0.26268687968750004 0.715941 0.26128575781249996 0.71944419375 0.259510165625 0.720054803125 0.2582333859375 0.7256023609375 0.25801890625 0.730307546875 0.257320890625 0.7324558156250001 0.254910890625 0.743968684375 0.25116341875 0.753884184375 0.25096639375 0.76015368125 0.253106271875 0.7608489703125 0.25532392187499997 0.754023740625 0.2580047390625 0.746582053125 0.2604703390625 0.7414207671875 0.2589608875 0.747684415625 0.25778443125 0.748069109375 0.2576227078125 0.751752346875 0.2559867359375 0.7567873515625 0.25518034218749996 0.7605332640625 0.2565718453125 0.761307015625 0.2574966328125 0.7609889890625 0.2607097015625 0.7567632984375 0.2616140703125 0.7521090874999999 0.2628546640625 0.743234571875 0.2665767234375 0.7305151624999999 0.2698690890625 0.7247813359374999 0.27114946875 0.7221048203125 0.27113700625 0.7190082359375001 0.270192853125 0.717464446875 0.269521178125 0.7144752953125 0.268773659375 0.7123768890625 0.26839419531250003 0.7110165796875 0.268364425 0.7098441140625 0.26621945625 0.7083554828125 0.264201425 0.7104706953125
1 0.2373339921875 0.7294500609375001 0.2343859109375 0.7345288015625 0.230911771875 0.740822071875 0.2301803171875 0.74469129375 0.22983135781250003 0.7469282390624999 0.2277056828125 0.753065884375 0.226220175 0.7572838671875 0.2246514515625 0.7600893578125001 0.22729784999999997 0.761147146875 0.22887176406249998 0.7614606203125 0.229875896875 0.760797271875 0.23095932343749997 0.7586257890625 0.23100725625 0.75569726875 0.2333125765625 0.750978709375 0.23436765468749998 0.751321525 0.234268775 0.7532438796875 0.2327633140625 0.756663690625 0.2303391109375 0.7613436234375001 0.22995920937499997 0.7645353828125 0.2322999078125 0.7664834578125 0.23468599375000002 0.7651063375 0.23450634843749998 0.7636872515625 0.236588765625 0.7588962671874999 0.2384741296875 0.75228469375 0.2394382578125 0.74769938125 0.24012895156249997 0.74441068125 0.24062518906250002 0.740860875 0.24135919218750002 0.7373883234374999 0.24199940625 0.7366314703125 0.243099871875 0.7336490953125 0.24558988125 0.72998015625 0.2463811453125 0.727342640625 0.2470428046875 0.7253062609375001 0.2475663171875 0.7236950578125 0.248347396875 0.7194708546874999 0.24807991093749998 0.71938394375 0.24565768906250002 0.7185969156249999 0.24378189374999998 0.719768734375 0.24112688124999998 0.72429945 0.23983127187500003 0.7257587437499999 0.23883950468749998 0.727193059375 0.2373339921875 0.7294500609375001
1 0.6097815640625 0.80271685625 0.6097650125 0.800138490625 0.6098264343750001 0.79469084375 0.6086259578125001 0.7878683093750001 0.6067065375 0.7891743953125 0.6050913734375001 0.7928307046875 0.6030898437500001 0.7963614765625 0.60195556875 0.7998524125 0.6008212953125 0.8033433499999999 0.5959999859375 0.8030633078125 0.592765521875 0.8097313359375 0.594800153125 0.8113572984375 0.59876661875 0.813610953125 0.6055238984375 0.8151632796875001 0.60454970625 0.8135602499999999 0.6088528859375 0.8082043390625 0.6097815640625 0.80271685625
1 0.8449857546875 0.8600398281249999 0.8464621812500001 0.8578723374999999 0.8464468546875 0.8543294984375001 0.844155021875 0.85652893125 0.8433808468749999 0.8595183625 0.8368810421875 0.8680447734375001 0.8318836171875 0.87498115 0.83383413125 0.8762086765625 0.8359400015625 0.8727612875 0.8373631843749999 0.8750050093749999 0.8345928875 0.8823681406249999 0.8349988671874999 0.8901695406250001 0.8337011796875 0.8947701765625 0.8360917718750001 0.8952500421874999 0.8368812265625 0.894640640625 0.8435291656249999 0.882624503125 0.8479571968749999 0.8689964218749999 0.8481734875000001 0.8622631203125 0.8449857546875 0.8600398281249999
1 0.1771136921875 0.7123325875 0.17342663593750002 0.71548888125 0.170434340625 0.7217655281249999 0.16831067500000002 0.7305262984375 0.175723128125 0.73365221875 0.18181763906249998 0.7185863859375 0.183751184375 0.7148603421875 0.1823156375 0.71184565625 0.1771136921875 0.7123325875
1 0.6275522328124999 0.7642552640625 0.629786584375 0.7634968296875 0.6281113140625 0.7589445765625 0.627345703125 0.7551826937499999 0.6276889328124999 0.7520532375 0.627972034375 0.747642490625 0.62728459375 0.7456625671875 0.6250249296875 0.7459427078124999 0.62265061875 0.7491544343750001 0.6204153625 0.750926925 0.617759175 0.757584925 0.61523535625 0.761762425 0.6168848453125 0.7622983765625 0.6213360203125 0.7649816640625 0.6244105015625 0.7657332218749999 0.6256633890625001 0.7633941375 0.6275522328124999 0.7642552640625
1 0.6822687421875 0.85843174375 0.6816974890624999 0.8526053453125 0.6792455953125 0.852971471875 0.6764138 0.8565293578125001 0.6735067984375 0.861077159375 0.6686203265625 0.874902646875 0.6696804984375 0.8760388062500001 0.6796692359375001 0.8820057765625 0.6821315546875 0.8740230296875 0.6832603203125001 0.8673635453124999 0.6827719609375 0.862900059375 0.6822687421875 0.85843174375
1 0.642987309375 0.7546736546874999 0.64165671875 0.7587687921875 0.6394451359375 0.7596088421875 0.63886774375 0.7655320875 0.6349326390625001 0.7646988203125 0.633740196875 0.7683687796875 0.6434335421874999 0.772211065625 0.646884396875 0.7611353546874999 0.6461895859375 0.756852190625 0.6469035859375001 0.75141865625 0.642987309375 0.7546736546874999
1 0.25372871875 0.7215162359375 0.2605876875 0.705412296875 0.2665287703125 0.6883916109375 0.26540555781249997 0.68436509375 0.26739159218749997 0.6807303265625 0.2658968734375 0.6765831 0.2640611046875 0.674749609375 0.2607936375 0.678586521875 0.26025558437499996 0.680242478125 0.256980528125 0.684052184375 0.25593593124999997 0.6922729140625 0.2523440625 0.7033275484375 0.2492902484375 0.712726225 0.2500582359375 0.7203236234375 0.2538550640625 0.711166365625 0.25277895781250004 0.71447828125 0.2504601984375 0.7228787765625 0.25372871875 0.7215162359375
1 0.1747324203125 0.8045576062500001 0.17499980625 0.802318896875 0.174825690625 0.7971410859375 0.174330846875 0.7962875734375 0.1756294890625 0.7918356906249999 0.1764450640625 0.788364903125 0.174563809375 0.787530984375 0.172184625 0.7876733296875 0.1696898421875 0.7905985109375 0.1694522765625 0.79517249375 0.1688327 0.797989496875 0.1658014046875 0.8016557437499999 0.1634403640625 0.804624378125 0.16009690468749999 0.8058636109374999 0.15793781093749998 0.8067949359375 0.1540473859375 0.8083017734375 0.150922375 0.8089192531249999 0.14786730937499998 0.8111923203125 0.146078228125 0.8143220578125 0.1451867609375 0.8175207828125 0.14681426718749999 0.8215627124999999 0.1500418078125 0.823056728125 0.15359499999999998 0.8244586343750001 0.1604351265625 0.8262110593750001 0.1643833015625 0.8221499968750001 0.16658682656249998 0.8177447265625 0.16672497656250002 0.8173195484375 0.16686753125 0.8164257375 0.1686566125 0.813296 0.16892850312500002 0.812914278125 0.172335759375 0.8100629171874999 0.1747324203125 0.8045576062500001
1 0.877887659375 0.864000946875 0.8734614109375001 0.8675108296875 0.550635678125 0.7914619468749999 0.25281063593750003 0.7159482515625 0.2511667078125 0.7197436578125 0.2440842140625 0.713731371875 0.235357790625 0.7115144921875001 0.228149221875 0.71473885 0.2266313671875 0.7092976140625 0.21923306718750002 0.7118418171875 0.21705177031249998 0.71855515625 0.218569625 0.7239963953124999 0.22524082656250002 0.7236899718750001 0.2456816375 0.7315686078125 0.24019656875 0.7433935593750001 0.2417144234375 0.748834796875 0.250630578125 0.75173183125 0.2535708015625 0.7477391109375 0.25755393125000003 0.7329521203125 0.5582435359375 0.7933908078125 0.8701657296875001 0.8724742125 0.8694623671875 0.8798186203125 0.8654633234375 0.8921264109375 0.8737160359375 0.9071780234375 0.8796601390625 0.9091093796875 0.884781659375 0.89840331875 0.8832638046874999 0.8929620796875 0.8853814453125001 0.8763319421875 0.8777735874999999 0.8744030781250001 0.8838317625000001 0.865932303125 0.877887659375 0.864000946875