1 0.300311459375 0.49812725 0.30119613125 0.501150403125 0.30011018749999996 0.5065335890625 0.3073948921875 0.50653954375 0.3179443328125 0.5165933765624999 0.3128459078125 0.5256543296875 0.32116113749999997 0.52817601875 0.32599116875 0.522706959375 0.3294763671875 0.5306977078124999 0.3321899265625 0.5280960984374999 0.351699125 0.546494365625 0.3540146296875 0.5397269062500001 0.35858414843749997 0.5435087328125 0.35773948125 0.552009728125 0.36313310625 0.5494566437499999 0.37620600625 0.5375697234375 0.3833039171875 0.5343624250000001 0.38942385156250003 0.5222237515625 0.3900922390625 0.5048139843749999 0.38654704687499997 0.496868071875 0.36750504687499996 0.49829898906250003 0.362807490625 0.501003759375 0.3636521578125 0.492502765625 0.375911428125 0.48576529687500003 0.364496828125 0.48400177031249997 0.3589383609375 0.48164255312500004 0.3591481875 0.4791928796875 0.365341496875 0.475500775 0.36204175781250003 0.4733120609375 0.3621991296875 0.4714748046875 0.36618616249999997 0.4669997796875 0.3652500703125 0.46375673125 0.36824855312500004 0.456651075 0.36787550156250004 0.4499977890625 0.37135195312499997 0.44832058437500005 0.36872016875 0.44149679375 0.36182353125 0.43629775468750004 0.35256919062500003 0.436434375 0.3437669921875 0.44029588750000004 0.3394880078125 0.4482997234375 0.3379782640625 0.46603245624999995 0.3365828140625 0.47390711249999995 0.33468474062500003 0.47660350625000003 0.3275297046875 0.47837235937499994 0.3180658515625 0.47415878125 0.304920896875 0.48460061249999997 0.29499737187499997 0.495761265625 0.29375351250000004 0.5001619453124999 0.300311459375 0.49812725
1 0.662019253125 0.6568626140625 0.6639485171875 0.674946 0.6821837656249999 0.6767331359375001 0.686496115625 0.6405733703125 0.67472873125 0.642578109375 0.662019253125 0.6568626140625
1 0.46720470937499997 0.5591971124999999 0.45806066718749994 0.5657145625 0.45758111250000005 0.5835840125 0.4574725671875 0.5922641578125 0.46833541093750003 0.5958664578125 0.481294709375 0.6003842749999999 0.4901316203125 0.6043187203125 0.5012909515625 0.6086611578125 0.5026227390625 0.6042638546875 0.4978413828125 0.5940326015624999 0.49477586718750005 0.5883035109375 0.4885905640625 0.5811854000000001 0.48725581875 0.5799651156250001 0.4921779375 0.5703159109375 0.49774065937499995 0.5578218328125 0.4885470734375 0.546252146875 0.47525030468749996 0.5453044125 0.46732818125 0.5505236140624999 0.46720470937499997 0.5591971124999999
1 0.43361632656250004 0.2383704609375 0.42638194687500003 0.22448932500000002 0.4089171078125 0.21671347812500003 0.3919724609375 0.22022291562500002 0.3840893734375 0.2317017859375 0.3814838765625 0.24554827656249997 0.42331889375 0.26061506875 0.43361632656250004 0.2383704609375
1 0.5865190265625 0.28627148125 0.5780641640625 0.28923234999999997 0.5698407640625 0.30862638593749997 0.6069180078125 0.3205195953125 0.6088632390625001 0.3218149375 0.610976975 0.29633809375000003 0.6019222156249999 0.285581440625 0.5865190265625 0.28627148125
1 0.171217546875 0.509155134375 0.17219989062500002 0.5038152546875 0.16847758125 0.5028555390625 0.161802353125 0.5370510875 0.1629517484375 0.53756283125 0.1665268921875 0.53523750625 0.1681551671875 0.5315803406249999 0.168819821875 0.5274762546875 0.1657767765625 0.5229018859375001 0.16869438125 0.5163488375 0.169983709375 0.513452959375 0.171217546875 0.509155134375
1 0.1337441390625 0.5119311 0.13858181249999998 0.5020296625 0.13596859375 0.49219136875 0.1375203328125 0.4863358921875 0.1327781734375 0.4846538171875 0.12932930468749998 0.4866955234375 0.1278143265625 0.4896161421875 0.12658075 0.4909807421875 0.12088905624999999 0.4952076265625 0.1176418359375 0.49587244375 0.116066728125 0.49941019375 0.115678890625 0.5064277749999999 0.112321915625 0.520154321875 0.109184575 0.5329054828124999 0.1110620828125 0.53628124375 0.118691415625 0.5348129921875 0.1203233234375 0.5230728734375 0.1337441390625 0.5119311
1 0.4602552203125 0.236869859375 0.45520982187500003 0.234623503125 0.4488218265625 0.240615175 0.4441563171875 0.251094078125 0.4394057796875 0.2596749578125 0.43862682656249996 0.26351351875 0.4477686109375 0.2680487453125 0.45471203125 0.270210071875 0.46678861875 0.2723316265625 0.46812847812499997 0.268277753125 0.4682244640625 0.253439159375 0.4682299421875 0.24507085 0.464524403125 0.238770621875 0.4602552203125 0.236869859375
1 0.10134046875 0.47977881718750004 0.0943696359375 0.4992118328125 0.0855982671875 0.532009078125 0.0848132484375 0.53750835625 0.10500976875000001 0.5465004265625 0.109127403125 0.539140203125 0.11378772343750002 0.5061760171875 0.130347309375 0.48770324218749994 0.131536353125 0.4682000796875 0.121247596875 0.45945174218749996 0.112415759375 0.4680399046875 0.10134046875 0.47977881718750004
1 0.12852856562499998 0.55421719375 0.1332368625 0.5569394796875 0.134805325 0.5534166578125 0.13547387500000002 0.5433581984375 0.144875415625 0.5236480515624999 0.147649390625 0.51601154375 0.1489881421875 0.511116525 0.14769321562499999 0.5073562421875 0.1437858734375 0.5052051984375 0.13957819375 0.5056570265625 0.137688240625 0.5060854859374999 0.13487612499999999 0.508625328125 0.12784858125 0.5158525828125 0.126568696875 0.5220616171875 0.11597588437499999 0.5444072328125 0.114061196875 0.54967184375 0.1195976625 0.5519400906249999 0.1253633109375 0.5513233750000001 0.12852856562499998 0.55421719375
1 0.1543745765625 0.55248878125 0.1548786671875 0.5452904375000001 0.155908640625 0.5406872125 0.162631946875 0.5369554062499999 0.1650515671875 0.5232050187499999 0.16728277656249999 0.50835123125 0.1678453671875 0.5055610578125 0.16418819843750002 0.50393278125 0.1596273328125 0.5066241125000001 0.1580254828125 0.5079320640625 0.155734765625 0.5123138078125 0.1507432234375 0.5114328968749999 0.1506857296875 0.5130886046875001 0.1518948390625 0.5186887328124999 0.14882205312500002 0.5240637421875001 0.14265670625 0.5371480515625 0.1376776796875 0.555160553125 0.136857896875 0.5554752390625 0.1422970453125 0.5568773890625 0.1453010484375 0.5501302890625 0.1465343609375 0.5466371109375 0.1472232234375 0.54356331875 0.1496035078125 0.5442832515625 0.1502556640625 0.5465947515625 0.14349001249999999 0.56179065625 0.1447094046875 0.56435470625 0.1478568296875 0.5640747265625 0.1543745765625 0.55248878125