1 0.0806802203125 0.40220899687499995 0.085570140625 0.4401743734375 0.095008734375 0.45721754062500003 0.09993174375 0.45643781250000004 0.10567431249999999 0.45384083750000004 0.1061536625 0.4285008203125 0.10263939531249999 0.40631261093750004 0.099740975 0.39160846562499996 0.08803198125 0.3707181734375 0.0809217296875 0.38955058125 0.0806802203125 0.40220899687499995
1 0.5494767375 0.340840521875 0.5458405749999999 0.325373853125 0.53345896875 0.322011146875 0.528713915625 0.33699899375000003 0.5238087140625 0.3359933921875 0.5141290078125 0.319725184375 0.5002550718750001 0.3219226 0.487798565625 0.325678025 0.5111407828125001 0.36827868124999996 0.5230355515625 0.3984323640625 0.525960740625 0.394427809375 0.53118171875 0.39003587031250003 0.5369689546874999 0.3891192609375 0.5427561921875 0.388202653125 0.5446758875000001 0.3629672421875 0.5458891312499999 0.3556450484375 0.5494767375 0.340840521875
1 0.371596721875 0.2131751265625 0.37653472187500003 0.2016029015625 0.3738540375 0.1846777265625 0.3655667796875 0.1776006234375 0.3504305359375 0.17762128906250002 0.34468687187499997 0.191697796875 0.3269859953125 0.18311705 0.326028821875 0.1946529421875 0.3062786359375 0.17563041875000002 0.30280385625 0.1863529546875 0.30723245 0.19164076562500001 0.31079516875 0.20664373125000002 0.29768576874999997 0.24463167187499998 0.2965413140625 0.2549851203125 0.3029144203125 0.2599649484375 0.31259749062500003 0.2255143015625 0.3282074890625 0.2511580296875 0.31925706875 0.2549760828125 0.3153810390625 0.2657621703125 0.3427121625 0.269823021875 0.36757850312499996 0.243139765625 0.371596721875 0.2131751265625
1 0.3412490140625 0.60148260625 0.34167769375 0.59889543125 0.34107121875 0.5778865796875 0.33651598437499997 0.5597134625 0.332304571875 0.5503033671875001 0.33175412656250003 0.5428327109375 0.3242972859375 0.543395821875 0.3225825671875 0.553744525 0.32217050625 0.5670241218750001 0.3278971796875 0.5847027328125 0.3291006703125 0.5948982046875 0.3412490140625 0.60148260625
1 0.060309765625 0.39894702656250003 0.057569167187500006 0.40152010625 0.05644829999999999 0.4034326109375 0.0558639015625 0.405236378125 0.052124914062500007 0.4122931421875 0.04985068125 0.4178107375 0.0497050921875 0.41868940156249995 0.047496959374999995 0.42462432968749997 0.0460560890625 0.430009934375 0.046099078125 0.43387711093750003 0.0466315421875 0.43723896093750003 0.048539553125 0.4420941546875 0.08079798906249999 0.4541920734375 0.08044965625 0.44649927343750007 0.0799171921875 0.44313742187500005 0.077950759375 0.4344174953125 0.0776202640625 0.43233082968750003 0.073936440625 0.42345510781250006 0.07190391093750001 0.41431785000000004 0.067790996875 0.4046307171875 0.06478522812500001 0.3982381828125 0.060309765625 0.39894702656250003
1 0.46673027500000003 0.6739898265625001 0.4650589046875 0.630476125 0.458655171875 0.6230056328125 0.4577055125 0.66365465 0.46673027500000003 0.6739898265625001
1 0.5261814296875 0.7004615375000001 0.5278477265625 0.7046895453124999 0.5305330046875001 0.7042642390625 0.5323185828125 0.7060491421874999 0.5341043046875 0.7063367140625 0.5326969765625 0.699049309375 0.531350159375 0.6968384109375 0.5260654 0.6610745828125 0.5257891 0.660928209375 0.5243973296875 0.66003160625 0.5237643078125 0.6631264828125001 0.5241131625000001 0.6653290734375 0.5252872453124999 0.6679475984375001 0.5251775859375 0.6696524078125 0.5219726171875 0.671490965625 0.522290321875 0.67669310625 0.5238684859375 0.68036466875 0.5258051125 0.6933911046875 0.5261814296875 0.7004615375000001
1 0.5051568453125 0.6596090484375 0.5068677609375001 0.6660165328125001 0.5069043703125 0.67513718125 0.5081937296875 0.6787831859375 0.5098205015625 0.6890542171875 0.5098422796875 0.6995794546874999 0.5170063593750001 0.701962259375 0.5150415749999999 0.6836640578125001 0.51137649375 0.67091138125 0.511611625 0.6635064359375 0.5106602484375 0.6604961375 0.5082040546875 0.6552761984375 0.5114939125 0.649478909375 0.5116479703125 0.64455855 0.5080201 0.64232866875 0.50433410625 0.648521434375 0.5051568453125 0.6596090484375
1 0.4984158703125 0.674580284375 0.4953738078125 0.6634639078125 0.49062897968749997 0.6606741625 0.495378984375 0.655406146875 0.49438382656249996 0.6491229640625 0.49528501406250003 0.6467223859375 0.494219703125 0.6439915671875001 0.489625434375 0.6421524140625 0.4884680171875 0.649727203125 0.48356932031250005 0.6498613765625 0.4826362859375 0.6548575796875 0.4868475265625 0.6583735374999999 0.4838923890625 0.668181934375 0.4847518984375 0.6790022890625 0.487893109375 0.690744665625 0.49182331718750005 0.689789446875 0.4979196640625 0.6917234296875 0.49171158593750003 0.68239190625 0.494765871875 0.6732095109375 0.497364125 0.676030271875 0.4984158703125 0.674580284375
1 0.48512823281250006 0.678182146875 0.483909071875 0.6704846703125 0.48441860312499996 0.66001788125 0.4813618359375 0.6566993390625 0.48231611093750004 0.65243654375 0.4852168921875 0.6500757609375001 0.481575725 0.6485609890624999 0.48420788437500006 0.642606434375 0.478732846875 0.637104096875 0.477164134375 0.626800103125 0.47352231875 0.6243822953125 0.47052080625 0.6273056671874999 0.472554271875 0.6343513015625 0.46853646718749997 0.64454190625 0.4689371453125 0.6504676765624999 0.47266258125 0.6545121484374999 0.47322659062500005 0.6661636125 0.4766798578125 0.6729843718749999 0.47828092499999997 0.6830931062500001 0.48333552968750004 0.6817458984375 0.484051603125 0.6862670078125 0.4872739515625 0.6871351109375 0.4840903359375 0.6808182781250001 0.48512823281250006 0.678182146875
1 0.3108999890625 0.54870249375 0.3075757296875 0.5453431359375001 0.307859778125 0.54129344375 0.3051470390625 0.53685090625 0.3062695375 0.533250703125 0.30462904218750003 0.528186771875 0.30365325625 0.5268202484375 0.3002426453125 0.5273604359374999 0.2993141703125 0.5307873078124999 0.3052295484375 0.5578476796875 0.3042847359375 0.5707600859374999 0.30622747499999997 0.5736371375 0.30710373125 0.57837054375 0.31149430625 0.58162043125 0.311257025 0.57303066875 0.31288205625 0.570705578125 0.31081601718749996 0.558460178125 0.3126915015625 0.55761649375 0.3108999890625 0.54870249375
1 0.1484908828125 0.47187188437499994 0.1474810359375 0.4654959625 0.1514784203125 0.4613691203125 0.1508725125 0.4575435671875 0.150332703125 0.45413534687499996 0.14906450625 0.44433039062499996 0.1486414328125 0.43436781562500004 0.15396736875 0.4313377265625 0.153518809375 0.4266078796875 0.1504423359375 0.421866453125 0.14807273906250001 0.41789243750000005 0.1454411203125 0.4104662046875 0.143648578125 0.4046420515625 0.1402282171875 0.3995272890625 0.1374701453125 0.4003919265625 0.13444770781249998 0.4069786984375 0.134062903125 0.41184053593750003 0.1328102 0.41681606875000005 0.1310814125 0.42058359999999995 0.12886314999999998 0.42485645781250003 0.1312015484375 0.43232913125000005 0.13145755312500002 0.44493251562499997 0.133164559375 0.4538123640625 0.13579016093750002 0.4703897625 0.13588511406249998 0.4764827875 0.1401951859375 0.47622794218750003 0.1418363953125 0.4738052234375 0.14286772187500002 0.478419 0.14609583125 0.48052206406250003 0.1494910109375 0.47998432031249993 0.1484908828125 0.47187188437499994
1 0.2788659703125 0.5182448374999999 0.27670554375 0.5170897078125 0.2737887765625 0.517551678125 0.273526184375 0.52008878125 0.2735876765625 0.5225745546875 0.2718745125 0.5243432015625 0.2698526953125 0.526160734375 0.268537059375 0.528341753125 0.27205045625 0.5442319015625 0.27263613593749997 0.5521247796875 0.2830951203125 0.5574319078125 0.2837589140625 0.5553303640625 0.2843758390625 0.5592254718749999 0.2864435265625 0.5618925984375001 0.28718443437499996 0.5602779421874999 0.2813768640625 0.5278054359375 0.2799455875 0.5250612796875 0.2788659703125 0.5182448374999999
1 0 0.46274538749999994 0.0027859953125 0.4670470625 0.0071182046875 0.5043877671875 0.019166729687500002 0.540506328125 0.024898170312500002 0.5467285937499999 0.059877214062499996 0.5578252078125 0.0636981734375 0.561973384375 0.0698712265625 0.5609956687500001 0.0771459296875 0.5669735046875 0.0986772171875 0.57307 0.12439668125 0.5856331875 0.1290264703125 0.5848999015625 0.13284743125 0.5890480765625 0.1374772203125 0.5883147906249999 0.16319668437499998 0.600877978125 0.16782647343749998 0.6001446921875 0.17164743437500002 0.60429286875 0.1778204859375 0.603315153125 0.2104474375 0.6195376609375 0.2166204890625 0.6185599453124999 0.2238951921875 0.62453778125 0.26732498437499996 0.6390492859375 0.27959669531250003 0.646612353125 0.285769746875 0.6456346374999999 0.29304445 0.6516124734375001 0.32456975 0.660879428125 0.3487459515625 0.6736870453125 0.3630025359375 0.673805703125 0.365354628125 0.6686798109375001 0.3646945890625 0.654524278125 0.3136276328125 0.5818054140625 0.31289319843749996 0.5771683796875 0.3201979765625 0.576011415625 0.41202449375 0.6137544578125 0.4149622296875 0.6323025953125 0.42216253750000005 0.6477989296875 0.4305388921875 0.660732315625 0.4362703328125 0.6669545828125 0.44090012187500005 0.6662212953125 0.45273021875 0.6809843437499999 0.4592704890625 0.6823251453125 0.46470910625000006 0.6767103953125 0.46397467187499997 0.672073359375 0.4582432328125 0.6658510953125 0.466401159375 0.6574289703125 0.5018218140624999 0.661325603125 0.50569984375 0.6663890078125 0.5071116421874999 0.6747478499999999 0.5147535624999999 0.6830442046874999 0.518058515625 0.7039108578125 0.5249660031250001 0.707570178125 0.5323894953125 0.69451101875 0.5305534109375001 0.6829184328125 0.518430490625 0.6563183703125001 0.5146095296875 0.6521701921874999 0.5099797406250001 0.6529034796875 0.508314865625 0.6440565687500001 0.52269748125 0.521228159375 0.525277853125 0.5197631687500001 0.539827259375 0.5317188421875 0.550262884375 0.527689321875 0.618380128125 0.588200971875 0.62763970625 0.5867343984375 0.6299917984375 0.58160850625 0.6293317578125001 0.5674529734375 0.5976624265625 0.527312009375 0.595384728125 0.522919403125 0.5977368203125 0.5177935109375 0.813565703125 0.5620399703125 0.8228252812499999 0.5605733984375 0.8282638999999999 0.5549586484375 0.8524401015624999 0.5677662640625 0.8767650937499999 0.5615368843749999 0.879117184375 0.5564109921875 0.8784571453125001 0.5422554609375 0.8723584890625 0.5337146781250001 0.8661854359375001 0.53469239375 0.858543515625 0.526396040625 0.8385554921875 0.5200551171875001 0.8312807875000001 0.51407728125 0.8266509984375 0.51481056875 0.8193762953125001 0.50883273125 0.81474650625 0.5095660171875 0.8090150671874999 0.503343753125 0.8043852765624999 0.5040770390625 0.7986538375000001 0.49785477499999997 0.7921135687499999 0.4965139734375 0.7714655046875001 0.47601751718749996 0.7464804734375 0.46809136406249996 0.684313096875 0.43515749374999996 0.6820354 0.43076488749999997 0.67549513125 0.429424084375 0.660945725 0.4174684125 0.636769521875 0.4046607953125 0.634491825 0.400268190625 0.62795155625 0.39892738906249997 0.6237633796875001 0.3924606953125 0.601130440625 0.37940865 0.5969422625 0.3729419546875 0.59040199375 0.37160115312499997 0.550574734375 0.3398823125 0.5493986875 0.342445259375 0.540580721875 0.33671185000000003 0.530586709375 0.333541390625 0.529117840625 0.3242673203125 0.5172133484375 0.319022771875 0.5130251718750001 0.3125560765625 0.4395497171875 0.26216213125 0.44069721093750003 0.251411275 0.8291510625 0.374028046875 0.8848628968750001 0.41290023906249995 0.8871405937500001 0.41729284531250005 0.8936808624999999 0.41863364843750006 0.8987522640625001 0.41070037968750006 0.8972833953125001 0.40142631093750003 0.890817521875 0.3905670125 0.88464446875 0.391544728125 0.8822923765624999 0.39667061875 0.8767168390625001 0.3890423421875 0.41264819375000006 0.23814043906250001 0.4089866921875 0.24140174218750002 0.40105906406249997 0.2388993625 0.4053982890625 0.22898977031249998 0.390898478125 0.21068843125 0.386859090625 0.1851847421875 0.380760434375 0.176643959375 0.370324809375 0.180673478125 0.3759074609375 0.2059327390625 0.3712032765625 0.216184525 0.3772761734375 0.2313922109375 0.369548421875 0.2307066984375 0.3693485453125 0.22888982812499997 0.3534932859375 0.2238850625 0.3483339171875 0.2259860390625 0.3455656546875 0.22138267812499998 0.3461350265625 0.21397557968749997 0.341737246875 0.1899546609375 0.3386507203125 0.19044351875 0.3344625421875 0.183976825 0.3118296046875 0.1709247796875 0.3076414265625 0.1644580859375 0.27736656718749997 0.1431096859375 0.2742800421875 0.14359854375 0.25054545156249997 0.12359094687500001 0.24745892500000002 0.12407980468749999 0.229088559375 0.10797595625 0.22137224375 0.1091981 0.21564080312499997 0.10297583437499999 0.20638122499999997 0.10444240625000001 0.2028530875 0.112131246875 0.209170171875 0.142027540625 0.20064264999999998 0.1730866515625 0.19494069375 0.1738374 0.0205328421875 0.118784975 0.0166342671875 0.124988659375 0.013547740624999999 0.1254775171875 0.012605212499999999 0.11628259062499999 0.004999384375000001 0.118116953125 0.0046775828125 0.11378020625 0 0.1123037109375 0 0.1711411421875 0.16167245 0.40147838281250003 0.1574378015625 0.41051596406249996 0.13353825625 0.4060799109375 0.12799211875 0.41156618125 0.12470853281250001 0.397826178125 0.118609875 0.3892853953125 0.109350296875 0.39075196874999996 0.10310285 0.40124818281249996 0.0511479125 0.39284028437499996 0.042771559375000004 0.3799068953125 0.008819771875 0.38528433125 0 0.3693431 0 0.46274538749999994