1 0.500626325 0.304145228125 0.490737784375 0.3092510671875 0.485190525 0.31000370781250003 0.47382952968750003 0.306091803125 0.46410951875000006 0.3107081984375 0.4646479453125 0.3183591515625 0.48044543749999996 0.3227286 0.48115130156249997 0.3320049734375 0.5219612546875 0.33754623125 0.53576044375 0.322090896875 0.5383917984375 0.31344103125 0.538994775 0.30247520156249996 0.5338556999999999 0.2937875921875 0.5281519484375 0.293938875 0.5150580625 0.3032664546875 0.5043690062499999 0.3096893046875 0.500626325 0.304145228125
1 0.7588338421875 0.35612358125 0.7454340703125 0.3515096703125 0.7329754625 0.369790696875 0.72368554375 0.386500075 0.714519821875 0.39262624062499996 0.6994856796875 0.42860967812500006 0.698753553125 0.4230570421875 0.697506 0.429271821875 0.7081578578125 0.4315957484375 0.7255312109375 0.43494004531249997 0.742403909375 0.44736924218749996 0.7456672515625 0.43789180781250003 0.7492594171875 0.399287496875 0.7566134265625 0.3779299 0.7588338421875 0.35612358125
1 0.4434399796875 0.3043625453125 0.437015603125 0.308670375 0.42797956406250004 0.31715551875000003 0.4269694828125 0.32066492343749997 0.4278750640625 0.326625678125 0.4236503328125 0.3331840203125 0.4353204796875 0.33394241406249997 0.4395591625 0.3267916328125 0.4469906265625 0.3347008078125 0.45124326249999996 0.3269575859375 0.450993734375 0.30992485 0.4434399796875 0.3043625453125
1 0.7842898921875 0.74513454375 0.7818615359375001 0.7521869999999999 0.7810374953125 0.7563079390625 0.7704529546875001 0.7666986375 0.762739440625 0.778973778125 0.7592621515625 0.7856650562499999 0.76471858125 0.7884397234375 0.7622902265625 0.7954921796875001 0.7640663609375 0.8005084312499999 0.7821789406249999 0.7953227890625 0.7908642421875001 0.7903998875 0.7939136328124999 0.774776796875 0.793485734375 0.7658449859375 0.7901315484375 0.7620522171874999 0.7954281953125 0.7551164109374999 0.797883359375 0.7463063390625 0.79531436875 0.7419129515625 0.7900948671875 0.741857696875 0.7842898921875 0.74513454375
1 0.3878016046875 0.31750569687499997 0.38284420468749997 0.321920484375 0.3763142265625 0.32907863437499996 0.3732965625 0.3351069640625 0.3980950796875 0.3375240203125 0.39954290000000003 0.3333192453125 0.4052515671875 0.32398701875 0.40686846093750006 0.3165556125 0.40737459062500003 0.30966249375 0.4075540609375 0.3054938078125 0.4061757265625 0.30407357031250004 0.40296763750000003 0.30249611875000004 0.3984600125 0.30378093125 0.39135823593749997 0.3116878328125 0.3878016046875 0.31750569687499997
1 0.3768789015625 0.32023974375 0.3796689296875 0.302586303125 0.3790309203125 0.2985840703125 0.37125665625000004 0.2955338984375 0.3602661125 0.3084475140625 0.35639705 0.3204039828125 0.35423406874999996 0.3215504828125 0.3526587625 0.3312607609375 0.3531659984375 0.336362684375 0.36290762656250003 0.3351630046875 0.3640804875 0.32664551249999996 0.37264925312499997 0.333963325 0.374985684375 0.32717783906250003 0.37255293906250003 0.32253274374999996 0.3768789015625 0.32023974375
1 0.3321227296875 0.31953610625 0.33198538125 0.313167975 0.3280336828125 0.3111105109375 0.3185982 0.31346078125 0.3132594234375 0.3228706 0.3123243109375 0.33235338125 0.3294333796875 0.3354573640625 0.3321227296875 0.31953610625
1 0.8840634640625 0.8024086015625 0.8799930343750001 0.8064071281249999 0.8815760125000001 0.808768809375 0.9013925078125 0.8164880437500001 0.9026460828125 0.8137592640625 0.899527175 0.802756146875 0.9015298250000001 0.7926206546875 0.902296409375 0.7842992203125 0.8977461015625 0.7827324234375 0.8934929171875 0.7898533249999999 0.8928768046875 0.7959620203125 0.8878707046875001 0.8000863015625 0.8840634640625 0.8024086015625
1 0.7163282390625 0.3960609546875 0.7133592609375 0.3902855828125 0.7107519703125 0.387347234375 0.705751334375 0.382240990625 0.71211278125 0.3742284859375 0.721452490625 0.3536790453125 0.71586145 0.34630403906249996 0.71000339375 0.344983734375 0.7021065656250001 0.3456490234375 0.6942896359375 0.3565447546875 0.692337875 0.3687881234375 0.6846106734374999 0.3715524078125 0.67810203125 0.374761159375 0.6681363375 0.378795253125 0.663430090625 0.3832965203125 0.660082484375 0.3930186765625 0.656024653125 0.411330525 0.6767817421875 0.4204934640625 0.6816871609375 0.41675756406250003 0.69253270625 0.40623276875 0.698036734375 0.4033500015625 0.7022319296874999 0.40820379375 0.698986653125 0.426795428125 0.70040493125 0.42661187968750003 0.70271071875 0.41857158281249995 0.7081124171875001 0.4068193375 0.7163282390625 0.3960609546875
1 0.603340990625 0.3912241546875 0.6542720531249999 0.412916953125 0.6542950328125 0.410834509375 0.66946378125 0.3767638109375 0.6581596875 0.3676953765625 0.6680186578125 0.3410785515625 0.657365696875 0.32810338125 0.644646075 0.3350961984375 0.63131638125 0.36982502031250003 0.6158225828125 0.3769077890625 0.603340990625 0.3912241546875
1 0.59680111875 0.353585553125 0.5958577828125 0.3456707515625 0.6019636953124999 0.33326511875 0.6015877828125 0.3303734265625 0.6051504328124999 0.3240101609375 0.6066442140625 0.3183280984375 0.605057403125 0.3136258875 0.601386403125 0.3109931765625 0.5960530875 0.30915676875 0.5892714015625 0.3088871171875 0.58406886875 0.314685725 0.5754651046875 0.3303622203125 0.5629326453125 0.366759125 0.5622968312500001 0.3686056671875 0.5680137171874999 0.37196771875 0.5671179984375 0.378552496875 0.5988891734374999 0.3887954046875 0.6021065484375 0.375420053125 0.6036227640625 0.36972083125 0.6030930921875 0.361948465625 0.59680111875 0.353585553125
1 0.7281803734375 0.730418246875 0.7286290625 0.7367940421875 0.72285691875 0.740455471875 0.7188061828125 0.7413252453125 0.71295196875 0.7517520734375001 0.7347503328125 0.7626422390625 0.735095053125 0.7616411015625 0.7380645609375 0.7519131828125001 0.7362539546875 0.7473329953125 0.7385411390625001 0.739634684375 0.7409946625 0.73030145625 0.7354857015625 0.72556765625 0.7305742609375 0.7278332578125 0.7281803734375 0.730418246875
1 0.21050763749999998 0.32516650468749997 0.20760433906250003 0.3376297078125 0.218106265625 0.336069690625 0.22208968750000002 0.32450099374999997 0.236445915625 0.3237455296875 0.2397820328125 0.31506459531250003 0.243141128125 0.30430121875 0.2478074328125 0.3007318359375 0.25494095 0.29801198281249996 0.2572057109375 0.30242504062500003 0.2661317640625 0.2904678703125 0.26825698125 0.27930451875 0.27304857656250003 0.2643808609375 0.267860259375 0.2594837296875 0.2645848734375 0.26198916250000004 0.265192771875 0.24923329375 0.2604640828125 0.2450170140625 0.25303509062499996 0.247635128125 0.25580160625000004 0.2475674234375 0.24930007656250003 0.249459709375 0.247859915625 0.2536422375 0.24237777968750002 0.26260452968750003 0.23772679375 0.264113715625 0.233156796875 0.2723946765625 0.2144817453125 0.30167459218750003 0.20821606718750002 0.323854865625 0.21050763749999998 0.32516650468749997
1 0.4036423296875 0.328708575 0.4057763203125 0.3369089234375 0.41464055625 0.339961125 0.4229028890625 0.3303634796875 0.426787815625 0.31428153124999997 0.42541986718749997 0.3038564328125 0.41655563124999995 0.30080423125 0.40982538437500005 0.3059523796875 0.4036423296875 0.328708575