1 0.693661528125 0.8264693781249999 0.691717540625 0.8295295390625 0.69109490625 0.8302365796875 0.6886579421875 0.8306591515624999 0.6888551328125 0.8317141875 0.6895227875 0.833940259375 0.6879598625 0.837622278125 0.6877851828125 0.8380337984375 0.686365234375 0.8398594015624999 0.6848248203125 0.8450079765625 0.68457405625 0.846358534375 0.6859260468749999 0.8469324203124999 0.6888559859375001 0.8491474390624999 0.6917490328125 0.8498897968750001 0.69284213125 0.8503537906249999 0.693464765625 0.84964675 0.6933436609375 0.847652675 0.6943825453125 0.8452052140624999 0.6959010890624999 0.8439071312499999 0.6980422671875 0.8419020046875 0.6995383015625001 0.8391373640625 0.69985595625 0.8368694281250001 0.700805440625 0.833872790625 0.698793921875 0.832533284375 0.6997434046875 0.8295366468750001 0.69980216875 0.8271588187500001 0.7012756921875 0.8229276203125 0.701450371875 0.8225161015625 0.7016250515625 0.82210458125 0.698619028125 0.8208285999999999 0.6957484921875 0.8215527984375001 0.6944271390625001 0.8239059203125001 0.693661528125 0.8264693781249999
1 0.6625287125 0.8102380328125 0.6613632953125 0.8075450609375 0.6584950828125 0.8109030703125001 0.6559439796875 0.8172330046875 0.6551625171875 0.8190740140624999 0.6532052125 0.8206459609375001 0.651118746875 0.8228021171875 0.648604346875 0.82500668125 0.645925978125 0.8258380093750001 0.6440715578125 0.8285272078125001 0.6546398296875 0.834981403125 0.6550351578125 0.8340500687500001 0.6591280953124999 0.8257673406249999 0.6599364046875 0.8235031812500001 0.6607078671875 0.817286925 0.6625287125 0.8102380328125
1 0.5254031328125001 0.7759827296874999 0.5212717125 0.78051715625 0.5201960531250001 0.7830512515625 0.5231733109375 0.784315021875 0.5267115015625 0.7858168953125 0.5276522421875 0.78256093125 0.527663284375 0.778935896875 0.526510615625 0.7764528281249999 0.5254031328125001 0.7759827296874999
1 0.3192919359375 0.6863465578125 0.315828596875 0.686307896875 0.3141171046875 0.689620115625 0.312104425 0.6947215953125 0.3194324234375 0.6982922515625 0.320370178125 0.696083040625 0.3212704234375 0.6936022937499999 0.32164430781250003 0.6897222921874999 0.32039230937499996 0.6863535328125 0.3192919359375 0.6863465578125
1 0.31305914375 0.6582417203125 0.306890590625 0.6594575359375 0.30352570624999997 0.667384709375 0.303443246875 0.6682187953125001 0.29929998125 0.67198135 0.2956225109375 0.680644925 0.299002703125 0.6786800609375 0.303058109375 0.6791234078125 0.3032596125 0.68728635 0.308997815625 0.6884440015625 0.3113837390625 0.6741454765625 0.30990059531249997 0.6696817046875 0.3147279140625 0.663627809375 0.31305914375 0.6582417203125
1 0.42631133437499996 0.729984296875 0.4264796875 0.7269883874999999 0.4274440046875 0.723716871875 0.42510862187500004 0.7236202109375001 0.42319418124999997 0.7245713171875 0.42172544375000004 0.726631825 0.41950569375 0.7278623171875 0.4179072265625 0.729228721875 0.41583260624999996 0.7321567499999999 0.41637963125 0.738625934375 0.4222162640625 0.7412312453125 0.4251205640625 0.734948990625 0.42631133437499996 0.729984296875
1 0.45561494218750004 0.7486854890625 0.452845584375 0.7466920015625 0.441975059375 0.759024959375 0.45486506562500006 0.76592788125 0.45576061875 0.7606589484375 0.453542715625 0.7582860640625 0.4562593046875 0.7515662703125 0.45561494218750004 0.7486854890625
1 0.47652659531249997 0.759044521875 0.47503044375 0.760249865625 0.47297167656249994 0.7639003421874999 0.4777174125 0.767116175 0.48079094375000003 0.7662736515625 0.48105151875 0.763700309375 0.48098529062499995 0.760937125 0.4819055578125 0.7582092625 0.48085013437499996 0.7570966640625 0.4817002875 0.7532143375 0.47863137812499995 0.7528063125 0.477202234375 0.7546535734375001 0.47652659531249997 0.759044521875
1 0.6669228625 0.8222000015625 0.6618655359375001 0.8297155093749999 0.6579025406250001 0.8352927625 0.66190923125 0.8400097484375 0.6664165953125 0.84010815 0.6692168984375 0.8366701921875 0.6748355609375001 0.8315912359375 0.6751289515625001 0.8265012437499999 0.6758214390624999 0.8173119015625 0.671851359375 0.8134284203125001 0.6698466171875 0.8143923171875 0.6674970874999999 0.8174081453125 0.6669228625 0.8222000015625
1 0.3464120671875 0.69343624375 0.34331026875 0.6915061359375 0.3410884328125 0.693221409375 0.3401963609375 0.6946831703125 0.331943640625 0.7096865671875 0.341294153125 0.71345113125 0.34526999062499997 0.70312490625 0.3469693984375 0.6959222234375 0.3464120671875 0.69343624375
1 0.5882677046875 0.8061946328125 0.5983746109375 0.8164150093749999 0.6038129046875 0.7989644499999999 0.60190109375 0.794190915625 0.5952684500000001 0.7943406484375 0.5882677046875 0.8061946328125
1 0.7655301671875 0.8561833999999999 0.76116459375 0.8541513937499999 0.7579284203125 0.8617753406249999 0.7505497390625 0.8800381859374999 0.7578409625 0.883695478125 0.758574490625 0.8840068421874999 0.7638467546875 0.8721860031249999 0.763727946875 0.8663075687499999 0.7648115453125001 0.8596358921875 0.7655301671875 0.8561833999999999
1 0.7703016859375 0.8759739765625 0.7609674046875 0.8841279234374999 0.7542181828125 0.90150769375 0.756753125 0.9028137656249999 0.75251955625 0.9065891125000001 0.7543461828125 0.90736446875 0.7608667734375001 0.8971215328125 0.76562731875 0.8935443125000001 0.764906871875 0.8916025703124999 0.7677142828125 0.8886277343750001 0.771438146875 0.8885724906249999 0.774429740625 0.876806021875 0.77815358125 0.8702326046875 0.7782605640625 0.8663415578125001 0.7740137265625 0.8661492515625 0.7703016859375 0.8759739765625
1 0.7900699343750001 0.8723512328125 0.7821593453125 0.8689933875 0.7809212796875 0.8659117171874999 0.7879942484375 0.8612455890625 0.7584275796875 0.85891985 0.7568708156249999 0.8505906171875001 0.7517468968750001 0.8546639875 0.749066459375 0.8489819593749999 0.7450662109375 0.850408128125 0.7383855265625 0.846152265625 0.7334577484375 0.8457646437499999 0.73241990625 0.8402118218749999 0.7317048421875 0.8418964062500001 0.6983014187500001 0.8206171 0.6972635765625 0.8150642765624999 0.6892475453125 0.8203525562499999 0.6895532109375 0.8092352796875 0.680193671875 0.8200880140625 0.6777649296875 0.8170121609375001 0.671139796875 0.8198234718749999 0.65303205 0.8192943859374999 0.65199420625 0.8137415640624999 0.6203518515625001 0.8003101812500001 0.6104023062499999 0.803755275 0.6060874390625 0.8019237234375 0.596775290625 0.8158639453125 0.593449246875 0.8144521234375001 0.588546003125 0.8072585359375 0.593142840625 0.7964290671875001 0.44016530156250006 0.7289378125 0.416752234375 0.724111840625 0.4146765484375 0.71300619375 0.406046815625 0.709343090625 0.39897384687500004 0.71400921875 0.311238228125 0.6767676578125 0.2974927375 0.6811576125000001 0.2982936296875 0.6712730015624999 0.26665127499999997 0.65784161875 0.2586589390625 0.66467364375 0.2559008359375 0.671171325 0.25561886562499997 0.6838323453124999 0.39605225 0.7408866375 0.3985283828125 0.747049978125 0.4258558703125 0.7586498078125 0.43684325937499996 0.7607575375 0.44535451718749997 0.756701925 0.45398425 0.7603650296875 0.4598558796875 0.770525815625 0.5864252984375 0.8242513453125 0.5940171875 0.8223616265624999 0.59505503125 0.82791445 0.605123053125 0.832188071875 0.6165108874999999 0.82935349375 0.6409617984375 0.839732290625 0.6446392671875001 0.8310687140624999 0.6480347656250001 0.8350661609375001 0.673427553125 0.829229834375 0.669090178125 0.8414475093749999 0.670364971875 0.8624377640625 0.6789947046875 0.86610086875 0.6860676734375 0.8614347390624999 0.7004505609375 0.8675399140625 0.7006875124999999 0.8829773453125 0.7040830125 0.886974790625 0.723700134375 0.8927456234375001 0.7284154468749999 0.8896348703125 0.7390023890624999 0.8966849046875 0.7460753578125 0.892018775 0.754310171875 0.869952825 0.76633816875 0.8622776953125 0.7742487578125 0.8656355421875 0.775864759375 0.8778241343750001 0.7708082390625 0.88973655 0.76701229375 0.8906814078125 0.7642541921875 0.8971790890625 0.763972221875 0.9098401109375001 0.7726019546875 0.913503215625 0.7820325796875001 0.9072817093750001 0.787785734375 0.9097237796875 0.801931671875 0.900391521875 0.8074478765625 0.8873961578125 0.8058911125 0.8790669234375 0.7979805234375 0.875709078125 0.79662398125 0.86490869375 0.7900699343750001 0.8723512328125