1 0.644890375 0.45574456406249997 0.6110517703125 0.3557395953125 0.5702861796875001 0.3459219375 0.514391978125 0.2894006859375 0.4843966796875 0.29945363125 0.44838924375 0.32993196406249997 0.4728206859375 0.353812615625 0.46124523906250003 0.4081872171875 0.4192818734375 0.46137161562499995 0.4101906609375 0.4909256484375 0.46116856874999995 0.5026224203125 0.498273703125 0.5035780515625 0.4786243640625 0.5200081875 0.5760113328124999 0.5098688796874999 0.60731649375 0.5379966046875 0.631042315625 0.5416708234375001 0.644890375 0.45574456406249997
1 0.623869378125 0.336264778125 0.6259366156249999 0.3189633421875 0.61737264375 0.30322138125000003 0.6019629515625 0.29544193281250003 0.5886428593749999 0.2965011921875 0.5676912671875 0.308520965625 0.563741646875 0.322917575 0.5559443734375 0.32913098125 0.5621908078125 0.3295069625 0.567052178125 0.3412194375 0.5797522625 0.347905284375 0.6139219812500001 0.357406065625 0.620977103125 0.38093980625 0.6414744625 0.38141224687499997 0.6393859578125001 0.3896047078125 0.647287384375 0.3948738296875 0.6372974499999999 0.3977971703125 0.6235632 0.39124645625 0.626149296875 0.40155310625 0.6352089453125 0.4059896328125 0.67171528125 0.4059030265625 0.662881928125 0.38244701718749996 0.6504512250000001 0.38347521875 0.6489136546875 0.3819446140625 0.6598195109375 0.37125019843749996 0.657501975 0.35588421875 0.6535299921875 0.34414068593749997 0.63305335625 0.3442616328125 0.623869378125 0.336264778125
1 0.7140973484375001 0.33786684375 0.707189546875 0.3198938484375 0.6985919546875 0.3145969234375 0.6953580828125 0.311911271875 0.6921242125 0.30922562187499997 0.6792149890625 0.3005771296875 0.687348525 0.29258527968750003 0.6857336390625 0.27653811250000004 0.6769648234375001 0.2663379265625 0.6694193187499999 0.26030070781250003 0.649281959375 0.25470320625 0.6326707125000001 0.25948897187500003 0.6233852093750001 0.264018915625 0.6112814 0.2784344890625 0.6115993140625 0.28753831406249997 0.6117699937500001 0.292425959375 0.6174036828125 0.30343918125 0.62854836875 0.32195213906250003 0.6268323625 0.3332063828125 0.6302117859374999 0.339389084375 0.6375129921875 0.3384305671875 0.6396194375 0.3383570078125 0.6501048484374999 0.33799085 0.6555929859375 0.3455070203125 0.659143634375 0.35659298281249996 0.660416615625 0.3628492421875 0.6606363734375 0.36914228125 0.6650210750000001 0.3745863234375 0.6692350984375001 0.3751427203125 0.6817790109375 0.37400112343749997 0.6964293671874999 0.37278596875000003 0.69740951875 0.3706567140625 0.70245700625 0.3648832921875 0.7055932671875 0.36477377187500004 0.7076997125 0.3647002140625 0.7225698281249999 0.369778096875 0.7222764546875 0.36137696875 0.71990171875 0.353767709375 0.7140973484375001 0.33786684375
1 0.2584921375 0.305997821875 0.2581338453125 0.30379023125 0.2569760109375 0.3021734046875 0.2552695453125 0.3009509640625 0.2522203609375 0.3008698296875 0.249522921875 0.3028089 0.24933858281250001 0.3055826484375 0.24595943281250002 0.312157709375 0.25348341093750004 0.31355222656250004 0.2553491328125 0.31128260625 0.25771390625 0.30786987187500003 0.2584921375 0.305997821875
1 0.2368171421875 0.300657265625 0.23468343281249998 0.29995004999999997 0.23459400156250002 0.2973891109375 0.23217016250000003 0.296426240625 0.22852285156250002 0.2973353328125 0.2266043234375 0.2994348171875 0.22339311093749997 0.30209538281250004 0.2231940046875 0.3037752296875 0.22123839374999998 0.3048128625 0.218963925 0.30745635 0.21878935625 0.30983889375 0.23101454062500001 0.312320003125 0.2405845640625 0.313924490625 0.2454877171875 0.3067020984375 0.2449003265625 0.305315503125 0.2380418765625 0.3015056640625 0.2368171421875 0.300657265625
1 0.14359117187499998 0.30782141875 0.15436743125000002 0.31041566249999997 0.152422884375 0.3057306734375 0.1496511140625 0.30285690625 0.145349225 0.3071659140625 0.14359117187499998 0.30782141875
1 0.289882390625 0.3030098734375 0.28911833750000004 0.305287925 0.2893094375 0.306062978125 0.2916776984375 0.306105353125 0.2957027609375 0.3052768765625 0.2959595390625 0.3032354203125 0.2957646234375 0.302351059375 0.2945861953125 0.30215769375 0.2950466171875 0.301250446875 0.294854971875 0.300459778125 0.2941369671875 0.299359165625 0.294140784375 0.29946847499999996 0.291776884375 0.2995510234375 0.29029482500000003 0.3007284640625 0.2915397359375 0.30215463593749997 0.289882390625 0.3030098734375
1 0.257988178125 0.3070003953125 0.25472491875 0.31286785625 0.25559552343749997 0.3169962375 0.267525540625 0.3170643015625 0.267216784375 0.3149331546875 0.2656162234375 0.310032903125 0.263684303125 0.307051634375 0.2599944171875 0.30607043749999996 0.257988178125 0.3070003953125
1 0.3025432609375 0.4957948296875 0.2983792453125 0.47721007968749996 0.2729693171875 0.47295365624999997 0.2342485484375 0.529073553125 0.252228765625 0.5420164359374999 0.3040780890625 0.51961515 0.3025432609375 0.4957948296875
1 0.303580296875 0.49797871718750003 0.31628665625 0.517594096875 0.31719390937499997 0.5160615 0.3180488125 0.5130298171875001 0.31988672500000004 0.5099638078125001 0.3204139578125 0.5069435671875 0.322846721875 0.5027936375000001 0.326892834375 0.49921274843749996 0.3305965546875 0.49522168437499997 0.3391456390625 0.49107705 0.3419273828125 0.4881969640625 0.343764246875 0.48577200625000005 0.33863093125 0.4857323828125 0.3328646359375 0.48635587812500003 0.327083615625 0.48655775625000003 0.323543428125 0.48583711718749995 0.321846146875 0.483535575 0.3176124515625 0.4817447375 0.315900446875 0.4790215765625 0.3186532453125 0.4746415875 0.32075070625 0.4702844828125 0.318703396875 0.4673541484375 0.31798912343749997 0.46501827812499996 0.311129078125 0.46183387500000006 0.30924695468749996 0.46296274843749996 0.3023280765625 0.4674882203125 0.29827433124999997 0.47085049218749997 0.29743415 0.47430379218749996 0.29719645625 0.47689178906249996 0.29837375 0.4763816421875 0.30206127031249996 0.49138709062499997 0.303580296875 0.49797871718750003
1 0.09946362187499999 0.3010448203125 0.09991968125 0.30001265 0.09914182187500001 0.29921118281250003 0.0958416390625 0.297981859375 0.09384626406249999 0.29855184375 0.0918683390625 0.299621525 0.09248303906250001 0.3024611765625 0.09353580312500001 0.3037533484375 0.0905514640625 0.3048581734375 0.0863561125 0.3068495515625 0.0854663953125 0.310226409375 0.0855072921875 0.3113975703125 0.10453600781250001 0.3100764234375 0.10477546874999999 0.30955212187500003 0.10467622343750001 0.306710103125 0.1035765625 0.3040750015625 0.0998083671875 0.3042065890625 0.09946362187499999 0.3010448203125
1 0.12409619375 0.3038431109375 0.1246464171875 0.3028232859375 0.12459188750000001 0.3012617375 0.1230895640625 0.30051683906250004 0.1192440671875 0.300447878125 0.11720515312499999 0.301113190625 0.1172945828125 0.30367412968749996 0.1170246734375 0.30466853125000004 0.11353906093749999 0.3061817234375 0.1136693875 0.30991382343749996 0.1279013125 0.31080830625 0.1269290390625 0.3084658109375 0.12421288906250001 0.3071848234375 0.12355905625000001 0.30523770625 0.12409619375 0.3038431109375