1 0.2568106171875 0.6096967328125 0.2632943390625 0.6089636421875 0.2654976015625 0.6091627140625 0.2653912734375 0.6049453312499999 0.27039705625 0.6019614953125 0.271624378125 0.598859146875 0.26998234062500004 0.5908304890625 0.2674782109375 0.5891943234375 0.270465621875 0.5845589265625 0.27253486250000003 0.5781826359375 0.269647296875 0.5753332437500001 0.26582097031249996 0.5759753015625 0.264016528125 0.5782994453125 0.26247585 0.5827970859375 0.261726840625 0.5879367859375 0.25799735468749996 0.5883613343749999 0.25651309843750003 0.5913492875 0.25448138125 0.59487538125 0.25265958906249997 0.5969311703125 0.2499875015625 0.599129640625 0.247665259375 0.6033082640625 0.2497132890625 0.6062761703125 0.2569796125 0.5996364515625 0.25642821875 0.602257859375 0.2568106171875 0.6096967328125
1 0.3593458296875 0.6834961390625 0.34944121093749997 0.68956934375 0.3483089828125 0.6933800796875 0.348587675 0.6952127203125 0.3522201171875 0.697003740625 0.3552776265625 0.69685918125 0.35836541093749996 0.693919115625 0.360374096875 0.6931338390625 0.36499604375 0.6929328906250001 0.36734905625000003 0.6913742421875 0.369495859375 0.6893183609375 0.3731752203125 0.68328248125 0.3769195796875 0.6768701187499999 0.3783144953125 0.6776938875 0.3809637515625 0.6762381765625001 0.38023065312500004 0.66916441875 0.3824123390625 0.66376486875 0.3819698046875 0.6598032171875 0.377847434375 0.6583442828125 0.37423835156249996 0.664990625 0.3712447671875 0.6672197078125001 0.36846134531249997 0.6697450703125 0.3623930859375 0.6679699828125 0.3555472109375 0.665674928125 0.3546433515625 0.667705028125 0.355347409375 0.6693505921875 0.3652793578125 0.67339611875 0.364873346875 0.6765745515625 0.3593458296875 0.6834961390625
1 0.2331473125 0.502844740625 0.23159731093749997 0.49714479218749996 0.23660502343749998 0.48935468281250005 0.23582848437499998 0.486373709375 0.2329758578125 0.485827603125 0.23146589374999998 0.48729826249999997 0.2298751453125 0.4918315296875 0.2255795203125 0.491337965625 0.22326122656249997 0.4953156390625 0.2142143671875 0.5010757359375 0.20662492812500002 0.49914463124999997 0.20767944843750002 0.4986584984375 0.200752371875 0.5015398453125 0.1991036546875 0.5065106375 0.20642583593750002 0.5081200421875 0.20604265625 0.5105557140625 0.2099234578125 0.511327925 0.2174722609375 0.5120825921875001 0.22999937187500002 0.50737970625 0.2331473125 0.502844740625
1 0.23466878750000003 0.353371640625 0.23571910312500002 0.349437559375 0.23566351718749998 0.34671965625 0.23299756562499999 0.347559803125 0.22844678906250002 0.349790584375 0.2247831953125 0.351258021875 0.2256427390625 0.3537836546875 0.22920315625 0.355890109375 0.232564153125 0.355793796875 0.23466878750000003 0.353371640625
1 0.1783349625 0.42715497343750003 0.1873619046875 0.4281623296875 0.1910733828125 0.427816640625 0.1899329625 0.4246157390625 0.19162319218749999 0.42035843437500003 0.188610890625 0.41736663125 0.1846611765625 0.4209364921875 0.1774358921875 0.42475653593749996 0.1783349625 0.42715497343750003
1 0.8650501796875 0.577624103125 0.8574058109375 0.595331453125 0.8577040390624999 0.596275075 0.858703228125 0.5967199421875 0.8663967921875001 0.579439915625 0.8650501796875 0.577624103125
1 0.8515690828125001 0.5560421875 0.8479059250000001 0.5572781499999999 0.8446820078125 0.562329503125 0.8431666 0.5685759125 0.8414491328124999 0.5721260828125 0.84114480625 0.5763054249999999 0.8442490687499999 0.5740966609375 0.845154075 0.57713483125 0.8465672156249999 0.577764003125 0.84798095625 0.5723990031249999 0.8473886515625001 0.5683127531250001 0.8499728734374999 0.5634688859375 0.85197493125 0.55862645 0.8515690828125001 0.5560421875
1 0.22494515312500002 0.45277221875 0.22336558437499998 0.455167521875 0.22148278124999998 0.46116348125 0.22164995781250002 0.46720339062500005 0.21675989687500002 0.4694279078125 0.2161007203125 0.4761713703125 0.21937760156250002 0.475226765625 0.228325834375 0.46684544062500005 0.22872922343750002 0.465055853125 0.22705428749999998 0.46121154999999997 0.2288316734375 0.454299896875 0.22810827968749997 0.451545296875 0.22494515312500002 0.45277221875
1 0.2863826671875 0.84445450625 0.2918651953125 0.8405535437499999 0.30246187343750003 0.8443737734375001 0.3149407390625 0.846309890625 0.31941506406250003 0.8410623312500001 0.3257968640625 0.837561753125 0.332269078125 0.8277884453125001 0.3319595609375 0.8176888703125 0.3246895046875 0.8244138031249999 0.3205662796875 0.825300134375 0.310844821875 0.8327290671875 0.2952256453125 0.8293947906250001 0.284534309375 0.8246347015625 0.2780816453125 0.8126977406250001 0.2736281125 0.8107148984375 0.2693849390625 0.80703028125 0.268169634375 0.80376708125 0.2611382328125 0.805154046875 0.254640984375 0.814945165625 0.2546452265625 0.8221577546875001 0.26434589375 0.821959221875 0.27080181406250003 0.83027780625 0.284176690625 0.8362326859375001 0.281486634375 0.8422746515625 0.2863826671875 0.84445450625
1 0.423886453125 0.4151448734375 0.4240006453125 0.415195715625 0.424190159375 0.41507738281249995 0.4249161390625 0.412678496875 0.42306093593750005 0.41162084062500004 0.42208698125 0.4091601015625 0.41881206562499995 0.409063071875 0.4168971640625 0.4112511578125 0.41579170000000004 0.4122358640625 0.41826069062500004 0.4135667984375 0.42180198906250005 0.4144484796875 0.4228582765625 0.41491876875000006 0.423886453125 0.4151448734375
1 0.4555408359375 0.47765714531250003 0.45555840625000005 0.4778097609375 0.4563882546875 0.4752544109375 0.45929089375 0.470117934375 0.45966397031249995 0.467359215625 0.45859668593749997 0.46514651249999994 0.45566393125 0.46731580156249997 0.455005590625 0.4698316765625 0.454199465625 0.47306363749999997 0.45327628906250006 0.47586702187499996 0.4541483421875 0.4774425875 0.4555408359375 0.47765714531250003
1 0.23906803124999998 0.3727634046875 0.2348977953125 0.3720650421875 0.23404222031250002 0.3712207765625 0.2337472703125 0.368541096875 0.23139334687500002 0.36679805625 0.22603906718750003 0.37087195156249997 0.2223994328125 0.37478258124999997 0.22178810312500002 0.378883153125 0.226726084375 0.381545021875 0.226866640625 0.382765946875 0.23028165781249998 0.38243305781250003 0.2347768671875 0.37936669375 0.23922996406250002 0.381581009375 0.245956146875 0.38295401406249996 0.248122046875 0.38024059062500004 0.24733669531250002 0.37435983125 0.243967559375 0.3730914625 0.23906803124999998 0.3727634046875
1 0.3074300875 0.344761634375 0.3127883546875 0.34425142656249996 0.31384253125 0.353408365625 0.32240701875 0.357221521875 0.3309933546875 0.3494609515625 0.3766050875 0.4045189609375 0.38657514375 0.42054136875000003 0.3790648296875 0.42588515156250006 0.37260869375 0.44038587187499995 0.37366286875 0.44954281093750004 0.3822273578125 0.45335596718750004 0.3908136921875 0.4455953984375 0.395117784375 0.43592825 0.39513963125 0.42435452500000004 0.40196241875 0.424396503125 0.648158815625 0.4860786734375 0.817390403125 0.56312300625 0.818444578125 0.57227994375 0.8366495781250001 0.5774894703125 0.8434571078124999 0.5660410609375 0.8570284718750001 0.5662916953125 0.8412176734375001 0.6171695390624999 0.8422718484375 0.6263264765625001 0.8494089234375 0.6295041078125 0.8594226734375001 0.6223790625000001 0.8730595796875 0.5879085203125001 0.8806135859375 0.5594172859375 0.8872303640625001 0.5616949906250001 0.9317743359374999 0.6002389734375 0.9379523328125 0.6457592671875 0.946516821875 0.6495724234375 0.9551031578125 0.641811853125 0.9594072484374999 0.63214470625 0.959429096875 0.62057098125 0.9508646078125 0.616757825 0.9433542953125 0.6221016078125 0.9445011843750001 0.611251540625 0.8788566265625001 0.5441557203125 0.874503515625 0.550682421875 0.8681400921875 0.5451761390625001 0.859306596875 0.5419671796875 0.8502646359374999 0.5545926531250001 0.8504731031249999 0.5387582203125 0.8567426203125 0.52851820625 0.8542610296875001 0.518725740625 0.8499787859374999 0.5168191625 0.84211708125 0.5191106328124999 0.841639609375 0.5355492609375 0.655852453125 0.48800624375 0.3716200578125 0.39650775625 0.33529744687499996 0.33979380312499996 0.33531929374999997 0.32822007656249996 0.33173983281249997 0.3324181265625 0.3267548046875 0.324406921875 0.3192444921875 0.3297507046875 0.3189003828125 0.322840484375 0.3117560265625 0.3235207625 0.3110459609375 0.3212740421875 0.3031915375 0.31970760625 0.295681225 0.32505138906250003 0.29390241875 0.32136354843750004 0.2838886671875 0.32848859375 0.2846132984375 0.32301949375 0.275324178125 0.3246754375 0.267813865625 0.3300192203125 0.261357728125 0.344519940625 0.26241190468750003 0.3536768796875 0.27097639375 0.3574900359375 0.279562728125 0.34972946718750003 0.2838668203125 0.34006231875 0.28922508750000003 0.339552109375 0.2902792640625 0.3487090484375 0.2988437515625 0.3525222046875 0.3074300875 0.344761634375