1 0.46367324062500004 0.2920587421875 0.4139933125 0.3541129 0.3744772640625 0.36813793906250003 0.351277396875 0.47113216874999997 0.3740313359375 0.5551401984375001 0.3972431234375 0.549006084375 0.42543664375 0.5177601640625 0.5233499640625 0.51766421875 0.5020908484375 0.503378003125 0.538892825 0.4985490640625 0.588368825 0.4815877265625 0.576238178125 0.45314588437500003 0.528945409375 0.4046392015625 0.5117496796875 0.351772434375 0.5335510765625 0.3254688203125 0.494555040625 0.298921253125 0.46367324062500004 0.2920587421875
1 0.34253079531249997 0.4108454453125 0.3498381625 0.40477926562500005 0.34690475468750004 0.396849990625 0.3672404421875 0.39423758124999997 0.37179697031250003 0.3700953 0.40478640156249995 0.35707485625 0.41671805156249997 0.34909811562500004 0.4203285046875 0.33694165 0.42650142031250005 0.3359147984375 0.41809738281250003 0.33055046718750003 0.41266454374999995 0.316645571875 0.3905713171875 0.3068816828125 0.377213471875 0.3072205546875 0.36270136875 0.3165681375 0.3558297953125 0.3331190421875 0.35969419999999996 0.3501096125 0.3513964328125 0.359022646875 0.3310193265625 0.361042753125 0.3282966359375 0.3731371390625 0.32759797812499997 0.38866119062500004 0.33956196250000004 0.39815705 0.33819280625000003 0.3998399890625 0.32572272343750003 0.4001167828125 0.31938958125 0.42436763437499997 0.35570498437500003 0.42063781406249995 0.36425125937499997 0.41527860156249996 0.3657458515625 0.40475809218750003 0.352771575 0.412708540625 0.34253079531249997 0.4108454453125
1 0.32612600625 0.3803686703125 0.3267380546875 0.3740136203125 0.3291104546875 0.3626172453125 0.3337828734375 0.35456858125 0.34424911874999997 0.3538367109375 0.3463517125 0.3536896828125 0.353713115625 0.353879765625 0.3564277578125 0.3473776875 0.3535447640625 0.3363644671875 0.36269326562500004 0.3167879890625 0.3671448984375 0.3052462171875 0.36680374531250004 0.30036750625 0.3661683078125 0.291280321875 0.3526239671875 0.2782089109375 0.3429158234375 0.27467438125 0.32589532499999996 0.27165118125 0.306453378125 0.279322946875 0.29958027187499997 0.2861158125 0.2919257015625 0.2971767125 0.291997046875 0.313304771875 0.300921403125 0.32040265625000003 0.2889869125 0.330353153125 0.2860514828125 0.333362121875 0.2831160546875 0.3363710921875 0.2751192390625 0.34253769375 0.27012796875 0.3611342921875 0.2660174890625 0.377554775 0.26445114687500004 0.3853705765625 0.2650375375 0.3937563484375 0.279295409375 0.38715193124999997 0.2813980046875 0.38700490468750004 0.2845285328125 0.386785996875 0.29015185625 0.392000184375 0.29134920625 0.3940153203125 0.306046325 0.3936924390625 0.31864085000000003 0.3935165859375 0.322773628125 0.392522753125 0.326565253125 0.38665020625 0.32612600625 0.3803686703125
1 0.7235843046875 0.286743440625 0.725677046875 0.28880560625 0.733014040625 0.28663225937500003 0.7289661203125 0.280446434375 0.7284928546875 0.27770715 0.72560750625 0.2760606609375 0.72258350625 0.276460078125 0.72101416875 0.2778541953125 0.7200316812499999 0.2795831921875 0.7199061078125 0.281816140625 0.7208757578125 0.2835965875 0.7235843046875 0.286743440625
1 0.7450833859375 0.269545596875 0.7427734703125 0.270756553125 0.742952221875 0.2733128109375 0.7409041249999999 0.2742391859375 0.7397747828125001 0.27521095624999997 0.7333521390625 0.279716828125 0.7329129046875 0.28115722656250003 0.73854414375 0.2878275359375 0.7478940265625 0.285231496875 0.75979289375 0.2814861 0.7593702375 0.2791348546875 0.756831909375 0.27674359531250003 0.7547785484375 0.2759160640625 0.7544049421875 0.2742662328125 0.7509332171875001 0.2719559046875 0.7488057421875001 0.2700684625 0.7450833859375 0.269545596875
1 0.8253663781249999 0.2704631984375 0.823922196875 0.275325784375 0.8343682515624999 0.2716193265625 0.8325513109375 0.2711511796875 0.8278225734375001 0.2673154453125 0.8253663781249999 0.2704631984375
1 0.6892644390625 0.28510222500000004 0.6893734765625 0.28431144218750004 0.6883754875 0.282125734375 0.686637825 0.2814484234375 0.687726840625 0.279899934375 0.6861298234375 0.27888386249999997 0.6837702453125 0.279048859375 0.683762615625 0.2789397515625 0.6831635890625 0.2801093859375 0.6830556421875 0.28091575625 0.6836083734375 0.2817699046875 0.6824566140625 0.282085390625 0.68235520625 0.28298528125 0.68282396875 0.2849887125 0.68691358125 0.28539191875 0.6892644390625 0.28510222500000004
1 0.7120789515625 0.2937662453125 0.7239365015625 0.2924515265625 0.724370803125 0.2882547578125 0.7205121046875 0.28276054375 0.7184196484375 0.2820453890625 0.7148525390625 0.283406909375 0.7132428296875 0.2865737859375 0.7121632515625 0.2916144984375 0.7120789515625 0.2937662453125
1 0.6968989703124999 0.4990282796875 0.75080583125 0.5158871203125 0.7673346515625 0.50113569375 0.722959871875 0.44937065 0.6981340609375 0.45625981718749997 0.6959354906249999 0.47517801562499995 0.6968989703124999 0.4990282796875
1 0.6808981953125001 0.45989285625000004 0.679480215625 0.4627800515625 0.67545690625 0.46500362031250003 0.6740095 0.46746996875 0.6705640328125 0.46855671093750006 0.6647935796875 0.4689602203125 0.6589937 0.46894288125 0.6538926468749999 0.469518865625 0.655972925 0.47173853593750004 0.65904048125 0.474312071875 0.667975965625 0.47754037812499994 0.6720765765625 0.481122434375 0.676474828125 0.4842607734375 0.6793280515625 0.4881336765625 0.6801680984375 0.49108226093749996 0.6823164265624999 0.4939393609375 0.68348354375 0.4968650734375 0.6845460265625001 0.49829444062499995 0.6951324140625 0.477458340625 0.69595410625 0.4707440421875 0.6980529296875 0.45543534374999994 0.6992770984375001 0.45581963593749997 0.6987701875 0.45327066250000003 0.697573640625 0.44992410156249996 0.69319065 0.44700398124999996 0.6858366328125001 0.44322651874999996 0.6838468203125 0.442300565625 0.6773572171875 0.44618459374999997 0.676891021875 0.4485823296875 0.6751612296875 0.45171061406249996 0.6777026421875 0.45582460625000004 0.6808981953125001 0.45989285625000004
1 0.8828717171875 0.257200771875 0.8808276921875 0.2568424828125 0.8776740890625 0.2584100359375 0.8769842656250001 0.2592884203125 0.8775457187500001 0.260267265625 0.8775333562500001 0.26344775 0.8737720484375 0.263710765625 0.87295385625 0.26644637968749996 0.8731522249999999 0.2692832015625 0.873445178125 0.26977960156249997 0.89250775 0.26910446875 0.8924260046875 0.2679354484375 0.8911881828125001 0.264670090625 0.8868076593750001 0.263128153125 0.8837241828125 0.2623413296875 0.8846361109374999 0.26094619375 0.8849506187499999 0.25805784374999996 0.8828717171875 0.257200771875
1 0.8526867781249999 0.2646683078125 0.8533405875 0.26562503125000003 0.8540205578125001 0.266955840625 0.8535738359374999 0.26896063593749997 0.851006465625 0.27051852187500003 0.850284375 0.2729498140625 0.8643448359375 0.270572590625 0.8640843390624999 0.2668473125 0.8604596484375 0.2657067546875 0.860087275 0.2647460140625 0.859908525 0.26218975625 0.8578112359375 0.2617412140625 0.8539940125 0.2622117609375 0.8525777828125 0.2631096140625 0.8526867781249999 0.2646683078125