1 0.6170184109375 0.692642390625 0.6152207640625 0.698566484375 0.617437721875 0.7058682421875 0.6124599703125 0.7220910171875 0.6136509421875 0.7254943968750001 0.618862246875 0.7263299875 0.6196611484375001 0.725702890625 0.620992578125 0.7129461484374999 0.6227623890625 0.7047714968750001 0.6266330859375 0.6996832640624999 0.6262356234374999 0.695672909375 0.627562071875 0.6907225390625 0.626997584375 0.6858262703125 0.62131508125 0.6859644046875 0.6170184109375 0.692642390625
1 0.6570709375 0.7281994921875 0.65769595 0.731300246875 0.6684530750000001 0.7293081828125 0.6745926171875001 0.717322134375 0.676778653125 0.6955200328125 0.677227128125 0.6829796359375 0.6729822171875 0.676967790625 0.6678283375 0.6853356625 0.6638323515625 0.7056822171875 0.6570709375 0.7281994921875
1 0.39618543281249996 0.6751186703125 0.3999620640625 0.6732189015625 0.4053464328125 0.6673715687499999 0.40334597812500006 0.6748373703125 0.40513185468749996 0.6804275703125 0.409971625 0.67661270625 0.411092271875 0.670377803125 0.41665437812499995 0.6536645578125 0.4229133640625 0.656808290625 0.42299675 0.652452278125 0.42320034218749997 0.629234684375 0.42324688593750004 0.6270687625 0.42251875468750005 0.619583590625 0.41844375468750006 0.6184916968749999 0.41367787187499994 0.6281282187499999 0.411677415625 0.6355940203125 0.40309805781249997 0.6493204015625 0.4000084046875 0.6608511406249999 0.39454604375 0.6710343625 0.39618543281249996 0.6751186703125
1 0.5330934890625 0.6749644953125 0.5363042453125 0.659238828125 0.5358212625000001 0.6467939406250001 0.52927438125 0.6442416828125 0.5262439109375 0.6570608078125 0.52321009375 0.65866354375 0.5232810140625 0.661357009375 0.525637521875 0.663066846875 0.522000228125 0.6744077093749999 0.5224881671875 0.6793481734375 0.518406375 0.694581628125 0.5257575 0.6970905625 0.5292895609375 0.6808902140625 0.5330934890625 0.6749644953125
1 0.50183780625 0.6917597125 0.5026015187499999 0.686615421875 0.501710828125 0.6764769328125 0.49834848281250005 0.6747779703125001 0.49469153437499996 0.6764725578124999 0.49188805 0.6824075265625 0.4901894203125 0.69025615625 0.4936353015625 0.69840484375 0.50183780625 0.6917597125
1 0.749949365625 0.7189220781250001 0.7523559 0.7155552109375 0.7546960546875 0.7068216328125 0.7526343328125 0.69960460625 0.7487578078125 0.6972286624999999 0.74004299375 0.731624271875 0.746110215625 0.733249978125 0.749949365625 0.7189220781250001
1 0.44609310625000004 0.666772159375 0.4465551484375 0.659433346875 0.45133096093749997 0.6597208828125 0.45605572656250004 0.639310784375 0.4537425875 0.6347224234375 0.4516027171875 0.6336529765625001 0.4508495078125 0.6294610265625 0.44873455937499995 0.62691005 0.44569217656250004 0.6278203046875 0.4444389984375 0.6332216734375 0.44608501875 0.6354097515625 0.44153956718750004 0.6391525 0.43772085 0.6540682171875 0.4376063 0.6572727609375 0.43900991093749997 0.6576488578124999 0.436181115625 0.6695945859375 0.43549219062500005 0.682609759375 0.43568276875 0.68539999375 0.4372523984375 0.6858205749999999 0.439764321875 0.685501503125 0.44341864218750005 0.6767533921875 0.44609310625000004 0.666772159375
1 0.5897196203124999 0.7049332453125 0.5905014703125 0.7020153421875001 0.5913695921875 0.6987754671874999 0.5920825046875 0.6951489109375 0.5931231734375 0.6912650828125 0.5938414796875 0.6876184046875 0.5936943234375 0.6813457484375001 0.59532695625 0.6762186031249999 0.59288551875 0.671746840625 0.5904556125 0.6710957484375 0.58869274375 0.6737507859375 0.586042171875 0.6817110046875 0.5833996515625001 0.6837852484375 0.5819969687500001 0.6851564296875 0.5795323859375 0.6865665984375 0.577888221875 0.687873075 0.5776756093750001 0.6905984109375 0.579622553125 0.6911200921875 0.582060096875 0.6907163859375001 0.584835096875 0.6900795765625001 0.5852984765625 0.692274290625 0.5849595234375 0.6974029859375 0.5835048281249999 0.701866059375 0.5830199515625 0.71146341875 0.5829336781250001 0.7117853953125 0.5827899999999999 0.715219384375 0.5812321093749999 0.7162038859375001 0.5818356046875001 0.7187812359375 0.5847484749999999 0.7195617375000001 0.5865748859375 0.717635478125 0.5879487 0.7134742578125 0.589161915625 0.7089464796875 0.5897196203124999 0.7049332453125
1 0.8215004828125 0.72114149375 0.8266008250000001 0.7210630546875 0.8274820015625 0.7164463078125001 0.8307495921875001 0.7042514953125 0.8292001156250001 0.6951227390625 0.8288529859375 0.695029725 0.824839103125 0.6978149265625 0.8202077875 0.7096658984374999 0.8158883625 0.7176965890625 0.8174254828124999 0.7200496015625 0.8215004828125 0.72114149375
1 0.6069066546874999 0.6992288703125 0.6047074703125 0.69838078125 0.60637531875 0.6974688796875 0.6082889828125 0.6963640265625 0.6087721796875 0.6937758984375 0.6092466812499999 0.6920050343749999 0.610637703125 0.688322925 0.6104117546875 0.6831291390625001 0.6083289781250001 0.6825710609375 0.6051229515625 0.6808924140625 0.60366183125 0.6848361265625 0.6011851734375 0.6887665468749999 0.5992014125 0.6901330078125001 0.5976274484374999 0.689970084375 0.5943531546874999 0.6923495453124999 0.59394875 0.6938588046875 0.59349346875 0.69779164375 0.5930373624999999 0.6987694125 0.5914501359375001 0.702398946875 0.5909723312499999 0.7049669515625 0.5907971765625 0.7108728578125 0.5904593078125 0.7159371375 0.5897119 0.7195113156249999 0.590135525 0.7201640312500001 0.5936078515625 0.7216336453125 0.5955591296875 0.7218976703125 0.5994698171875 0.715633896875 0.6004082953125 0.7091129296875 0.6020776171875 0.7036073843749999 0.603181646875 0.7025659765625 0.6054455359375 0.7031725828125001 0.6069066546874999 0.6992288703125
1 0.4682406265625 0.6575872234375 0.46948335625000004 0.6483007703125 0.4709986046875 0.641740234375 0.4679891953125 0.6352829828125001 0.46590641875000005 0.6347249046875 0.46102895468750005 0.638076734375 0.4583692265625 0.6396718671875 0.45588464687499997 0.64797851875 0.4537332140625 0.656007778125 0.4520724578125 0.6622058015625 0.44958388125 0.6668447796875 0.4447337359375 0.6784861390625 0.4465496671875 0.6855941718749999 0.4594794828125 0.6791157390625 0.464757353125 0.670586975 0.4682406265625 0.6575872234375
1 0.0970250546875 0.5748357078125 0.09780351875 0.5862382203125 0.10739688437499999 0.5903401015624999 0.10816255781249999 0.5874825703125001 0.1097409859375 0.5858780921875 0.1138904734375 0.5732294 0.11091241249999999 0.565809975 0.11029521718749999 0.5595407828125001 0.10459021875 0.5580121328125001 0.1010299125 0.5641756765625 0.0970250546875 0.5748357078125
1 0.6333322625 0.6988901125 0.6312685234375001 0.70260765 0.63091235625 0.7198746578125 0.628566809375 0.7286283609375 0.6308239109375 0.7329428890624999 0.63744223125 0.7321496421875 0.639451796875 0.7190353984375 0.642686828125 0.7093769140624999 0.6450909359375 0.7091583625 0.646618103125 0.7018892671875 0.645624834375 0.69364286875 0.6480430296875 0.692586928125 0.649999134375 0.6868562734375 0.6478486609375 0.6837134328125 0.6470652671875 0.6795133953125 0.6447356421875 0.6786087875 0.64391868125 0.6761036500000001 0.6429366578125 0.6749993546875 0.63998485625 0.6756319265624999 0.638903140625 0.6804537578125001 0.631271365625 0.6946281562500001 0.6333322625 0.6988901125
1 0.1666523046875 0.6091076890625 0.17064346875 0.5821383875 0.1687033640625 0.5773048875 0.18135276250000001 0.5763806328125 0.1982409796875 0.5938467703125 0.191770503125 0.617994915625 0.1946806609375 0.625245165625 0.203736215625 0.6276715937499999 0.21042081875 0.620835428125 0.216172353125 0.5993704078125 0.3952105171875 0.6343347640625 0.605310090625 0.6986069578125 0.5967911499999999 0.7243630453125001 0.5987312546875 0.7291965453125 0.6077868093750001 0.7316229734374999 0.611883740625 0.72840709375 0.6163057515625 0.7058668875 0.6154440578125 0.697008696875 0.6130995484375 0.6936844546875001 0.6520468328125 0.6690719359374999 0.6582451125000001 0.6761248234375 0.6611552703125 0.683375075 0.6671923078125 0.68499269375 0.673337703125 0.6801688718750001 0.677757121875 0.6878235265625 0.6837941578125 0.6894411453125 0.6878910890625 0.6862252640625 0.6926355859375 0.6745555953125 0.7403926703125 0.68950889375 0.7397451046875 0.69796268125 0.7426552625 0.70521293125 0.7456737812500001 0.706021740625 0.750849125 0.6987811671874999 0.75763949375 0.7156984203125 0.7666950484374999 0.7181248484375 0.7707919796875 0.7149089671875 0.7802809734375 0.6915696312499999 0.887384190625 0.7235030890624999 0.885173184375 0.734773190625 0.88808334375 0.7420234421874999 0.8971388984375 0.7444498703125 0.9017724421875 0.7694165046875 0.895301965625 0.79356465 0.8982121234375 0.8008149015624999 0.907267678125 0.8032413296875 0.9139522812499999 0.7964051624999999 0.9193443453125001 0.77628170625 0.9169733921875001 0.7670191109375 0.9079178375 0.7645926828125 0.9038587546875 0.745531509375 0.9038235 0.737613703125 0.9018292156250001 0.7360009234375 0.9096464109375001 0.72191934375 0.899799675 0.7264703359375 0.89777013125 0.7169397515625 0.9063054046874999 0.7102399984375001 0.8957405921875001 0.707409165625 0.8895951953125 0.7122329875 0.8880581031249999 0.7055776812500001 0.780503259375 0.6799369265624999 0.777910021875 0.6823070359375001 0.772820771875 0.678105446875 0.7673452078125 0.6794762015625 0.7651382828125 0.6762739640625 0.7497733046875 0.6726109984375 0.743627909375 0.6774348203125 0.7415585484375 0.6712725921875 0.6922700140625 0.6632421500000001 0.690264634375 0.6652929999999999 0.684055259375 0.6619037421875 0.6827183375 0.6632709765625 0.667625746875 0.6592269296875 0.609407021875 0.695391078125 0.3877069625 0.6320393281250001 0.2226287265625 0.5815397453125 0.2190481203125 0.5886378984375 0.21667716874999998 0.579375303125 0.20762161406250002 0.576948875 0.20147621718750003 0.581772696875 0.19886533125 0.5767594609375 0.19010904687500002 0.576570046875 0.1538274921875 0.5603779578125 0.1447719375 0.5579515296875 0.13679349999999998 0.5665978390624999 0.13757134375 0.5754335640625 0.1288150609375 0.57524415 0.11598246875 0.6170990015625 0.11889262656249999 0.6243492515625 0.12794818125000001 0.6267756796875 0.1320451125 0.6235597984375 0.14045569375 0.604245153125 0.14509183125 0.5990169265625 0.14811035 0.5998257359375 0.15091214687500001 0.613517428125 0.1599677015625 0.61594385625 0.1666523046875 0.6091076890625