1 0.6524313953124999 0.847637328125 0.6501289578125 0.8504377671875 0.6494247984375 0.8510636578125 0.6469545015625 0.8511860875 0.6470216453125001 0.852257290625 0.6474130328125 0.8545481359375 0.6454130328125001 0.8580122375 0.645189503125 0.8583994031250001 0.6435576546874999 0.8600383484374999 0.6414012687499999 0.86496081875 0.64098778125 0.86627075 0.64225975625 0.867005125 0.6448979125000001 0.8695607031250001 0.6476789234375 0.8706501 0.6487073296875 0.8712438499999999 0.6494114890625 0.8706179593750001 0.649534303125 0.8686239890625 0.650863715625 0.86632138125 0.6525291359375001 0.8652180359375 0.6548987171875 0.8634888000000001 0.656720525 0.8609270875 0.6573122046875 0.85871476875 0.658619809375 0.8558561796875 0.6567865281249999 0.8542815171875 0.6580941328125001 0.851422928125 0.6584422437499999 0.849069984375 0.6604204359375 0.8450499031250001 0.660643965625 0.844662740625 0.6608674953125 0.844275575 0.6580393812499999 0.8426427625 0.655101984375 0.8430117328125 0.65350370625 0.84518628125 0.6524313953124999 0.847637328125
1 0.6235087421875 0.8277328328125 0.622680203125 0.8249179062499999 0.61942413125 0.8279013375 0.61612061875 0.8338731875000001 0.61512061875 0.8356052390625001 0.61298633125 0.8369269328125 0.6106526484375 0.8388127421875 0.607888321875 0.84069444375 0.6051286046875 0.8411931656249999 0.6029602749999999 0.8436363218749999 0.612663203125 0.8513303578125001 0.6131690859375001 0.8504541421875 0.6182409265625 0.84273195625 0.6193191421875001 0.8405831828125001 0.6208424265625 0.834507278125 0.6235087421875 0.8277328328125
1 0.49157994687500006 0.777021459375 0.486926715625 0.78101859375 0.4855502453125 0.783402709375 0.4883512953125 0.785019896875 0.49168008125 0.786941771875 0.4930106109375 0.7838247265625 0.49346335156250004 0.7802280578125 0.492621884375 0.777623021875 0.49157994687500006 0.777021459375
1 0.2979289734375 0.6629347859375 0.2944961625 0.6624743390625001 0.29239376875 0.665553290625 0.2897743765625 0.670371459375 0.2966126 0.674808559375 0.2978126 0.6727300984375 0.2990084625 0.6703775546874999 0.2998524125 0.666572040625 0.29902029531249996 0.6630758109375 0.2979289734375 0.6629347859375
1 0.2951677578125 0.63427985 0.2888970140625 0.634734846875 0.28459113125 0.6421928546875 0.28440763750000003 0.643010675 0.2798367140625 0.6462402468749999 0.27513083125 0.654391075 0.278725284375 0.6528527984375 0.28269643125 0.6537870703124999 0.2819016203125 0.6619137234375 0.28745597031250003 0.6637620578125001 0.2915666609375 0.64986088125 0.2906385703125 0.645249634375 0.29616769062500004 0.6398291656249999 0.2951677578125 0.63427985
1 0.3988325640625 0.719289640625 0.399364771875 0.7163365796875001 0.400720596875 0.71320696875 0.3984144015625 0.7128264171875001 0.3963983203125 0.713537121875 0.39468941874999997 0.7154032765625 0.3923362546875 0.716354078125 0.3905831796875 0.71751549375 0.3881671875 0.7201688640625 0.38792173750000003 0.72665649375 0.39339735781249996 0.7299536921875001 0.39704562499999996 0.7240722093749999 0.3988325640625 0.719289640625
1 0.42563864375 0.741422646875 0.42313287343750006 0.73910651875 0.4108403671875 0.750022765625 0.42279303749999997 0.75844513125 0.42432403750000003 0.7533246109375 0.4224118484375 0.7506991203125 0.425927125 0.7443604828125 0.42563864375 0.741422646875
1 0.4451319765625 0.7542529546875001 0.44350008281250003 0.755266978125 0.44101177968750005 0.7586393453125 0.44533023125 0.7624095671875 0.44848353124999996 0.7619478921875 0.44905577343749997 0.7594254890625 0.4493267875 0.7566748296875 0.4505726390625 0.7540794515625 0.449660671875 0.7528465234375 0.45097762656249996 0.7490967421875 0.44798131718749995 0.748317753125 0.44633770312500004 0.7499770765625 0.4451319765625 0.7542529546875001
1 0.6264123421875001 0.84014115 0.6204768031250001 0.8469843078125001 0.6158636515625 0.8520370203125 0.61926561875 0.8572071390625 0.6237273937500001 0.8578541171875 0.6269258062499999 0.8547830546874999 0.63312155625 0.8504267015625 0.634033075 0.845410403125 0.6358403 0.8363739499999999 0.6323730890625 0.832035584375 0.6302658203125 0.8327479796875 0.6275662671875 0.83545499375 0.6264123421875001 0.84014115
1 0.323982940625 0.6732767390625 0.3211394828125 0.670983003125 0.31872516875 0.6724147171875 0.317661603125 0.6737568671874999 0.30764194375 0.6876426765625 0.3164639734375 0.692518721875 0.3216686265625 0.682754 0.324233153125 0.675812109375 0.323982940625 0.6732767390625
1 0.55029403125 0.8146694328124999 0.5590800515625001 0.82604535 0.5666044984374999 0.8093876249999999 0.565288684375 0.8044166796875001 0.5586872328125 0.80375698125 0.55029403125 0.8146694328124999
1 0.720143109375 0.88588845 0.7160577140625 0.8833395609375 0.7119165375 0.8905122890625 0.702367175 0.907739771875 0.7091583390625 0.9122583796875 0.709848453125 0.9126568171875 0.7165220171875 0.901566615625 0.7171204953125 0.89571751875 0.7190090890625 0.8892276296875 0.720143109375 0.88588845
1 0.722467196875 0.9061130125 0.712208775 0.91306861875 0.7033918 0.92949631875 0.7057486765625 0.9311015875 0.701086565625 0.9343328515625 0.702805084375 0.9353250390625 0.7105253703125001 0.9259531109375001 0.7156863859375 0.9229827203125 0.715207946875 0.9209676515625 0.7183569734375 0.9183571265625 0.7220598140625001 0.91875611875 0.7264630796875 0.9074419390624999 0.7309602625 0.901371340625 0.731540646875 0.8975223343750001 0.7273489 0.8968139031250001 0.722467196875 0.9061130125
1 0.7425295968750001 0.9049264156250001 0.735087190625 0.900629540625 0.7342339140624999 0.8974199593750001 0.7418228203125 0.8936505890625 0.7127599734375 0.8877389156250001 0.7122298921875 0.8792820453125 0.7066477453125 0.8827006046875001 0.704679753125 0.8767342671874999 0.700535515625 0.8776622984375001 0.6944232875 0.8726239874999999 0.6895794796875 0.8716387093750001 0.6892260921875 0.8660007953125 0.6883110578125 0.8675856796874999 0.657749915625 0.8423941328125 0.6573965265624999 0.8367562187500001 0.6487957671875 0.8410281718749999 0.650454009375 0.8300310124999999 0.63984161875 0.8396622109375 0.6378058328125 0.8363132953125 0.6308874703125 0.8382962515625 0.612979175 0.8355643296874999 0.6126257859375001 0.829926415625 0.5828561624999999 0.812738915625 0.5725609281249999 0.8149457859375 0.568501434375 0.8126020359374999 0.557559809375 0.8253034843749999 0.5544306171875 0.8234968437499999 0.5504405984375 0.8157593203125 0.5563229515625 0.8055707859375 0.4127108 0.7199393296875 0.3900603875 0.71229599375 0.3893536125 0.7010201656249999 0.38123462343750003 0.696332665625 0.37364571875 0.7001020359375 0.291102671875 0.6524457859374999 0.2769246359375 0.6551278640625 0.2789241890625 0.6454145359375 0.249154565625 0.6282270359375 0.2403891890625 0.6340341140625 0.236859778125 0.640147234375 0.23503691875000002 0.6526795187500001 0.367470365625 0.7264230609375 0.3691769171875 0.732842225 0.394887046875 0.747685975 0.4055356703125 0.75111701875 0.41447774062500004 0.7481288984375001 0.422596728125 0.7528163984375 0.42718630468749996 0.76361701875 0.5462647984375 0.83236701875 0.5540303984375 0.8314166046875 0.5543837859375 0.8370545187499999 0.5638559390625 0.8425232687499999 0.5755043390625 0.8410976484375 0.5985081390625 0.8543788984375 0.6032140218750001 0.8462280703125 0.6060970453125 0.8506095281249999 0.6320118265625 0.8479113078125 0.626217821875 0.8595093203124999 0.6249250453124999 0.8804984749999999 0.6330440328125 0.885185975 0.6406329390625001 0.8814166046875 0.6541645859375 0.8892291046875 0.6525184203125 0.9045803453125 0.6554014453125 0.9089618015625 0.67416905625 0.9170803453125 0.6792283265625 0.9145674312500001 0.6888771734375 0.9228551390625 0.6964660796875 0.9190857687499999 0.7073286750000001 0.8981878671875 0.7202023796875 0.892035790625 0.7276447859374999 0.896332665625 0.7277633265625 0.9086273468750001 0.7212927375 0.919834734375 0.7174099375 0.920309940625 0.7138805265625 0.9264230609374999 0.7120576671875 0.9389553453125 0.7201766562499999 0.9436428453125 0.730295196875 0.9386170187499999 0.7357078546875 0.94174201875 0.7508856671874999 0.9342032781249999 0.757944490625 0.9219770359374999 0.757414409375 0.913520165625 0.749972003125 0.9092232906250001 0.7499418078125 0.8983380890625 0.7425295968750001 0.9049264156250001