1 0.7474101875 0.787880603125 0.7460271234375 0.79123184375 0.745536725 0.7920362625 0.7432101640625 0.7928755890625 0.7435875625 0.7938803546875 0.744631628125 0.7959566687499999 0.7437318234375 0.79985415 0.7436312578125001 0.8002897515624999 0.7425498937499999 0.8023341890625 0.741926921875 0.8076720375 0.7419144890625 0.8090456218750001 0.7433455953125 0.8093760187499999 0.74661565625 0.8110486078125 0.749593659375 0.8112773140625 0.7507507234374999 0.8115444437500001 0.7512411218749999 0.810740025 0.7507755890625 0.8087972750000001 0.7513736953125 0.806206596875 0.7526437578125 0.8046645421875 0.7544042203125 0.8023180671875 0.7553974515624999 0.79933564375 0.7553164578125 0.7970470015625 0.75573115625 0.7939310140625 0.75351759375 0.7929611546875 0.7539322921875 0.7898451671875 0.7535772578125 0.7874932578125 0.7542936546875 0.7830704671875 0.7543942203125 0.7826348671875001 0.7544947875 0.7821992671875 0.751312859375 0.7814646609375 0.748611690625 0.7826763203125 0.7477190265625 0.7852231421875 0.7474101875 0.787880603125
1 0.7139318046875001 0.7773020046875 0.7123164640625 0.77485231875 0.7100749375000001 0.778657371875 0.7086617734375 0.785334134375 0.708211871875 0.787282875 0.7065572687499999 0.789170821875 0.7048769125 0.7916565328125 0.7027835312499999 0.7942642249999999 0.7002902125 0.7955480171875 0.6989309375 0.798518378125 0.7104594125 0.8030393578125 0.7106870109375001 0.802053525 0.7132794875 0.7931858984375 0.71368235 0.7908157765625 0.71336265 0.7845599953125 0.7139318046875001 0.7773020046875
1 0.5729411 0.7673787234375 0.569659840625 0.7725616750000001 0.5690405640625 0.7752440578125 0.5721920421875 0.775971634375 0.5759372765624999 0.776836290625 0.5762983328125 0.773466434375 0.5756797265625 0.7698945546875 0.5741133890625 0.7676493671875 0.5729411 0.7673787234375
1 0.35439603750000004 0.7148951609374999 0.3509786015625 0.715458490625 0.349868271875 0.7190175859375 0.34877203125 0.7243910609374999 0.3566087390625 0.726634978125 0.357148621875 0.7242964890625 0.3576044125 0.7216971046875 0.35729886093749996 0.7178111265625 0.3554809046875 0.7147109515625 0.35439603750000004 0.7148951609374999
1 0.34337758125 0.6882996109375 0.3375138671875 0.690568115625 0.3355766421875 0.6989591625 0.3356402734375 0.6997948953125 0.3322133125 0.704219759375 0.3300961265625 0.7133903 0.33308377031249997 0.7108683234375001 0.337154553125 0.710600721875 0.3387704734375 0.7186046593750001 0.344622525 0.7187482953125001 0.3444892890625 0.704252684375 0.3422535515625 0.7001142734375 0.34595628437500003 0.6933140953125 0.34337758125 0.6882996109375
1 0.46736718593750004 0.739286221875 0.46701274687499994 0.7363065921875 0.4673943203125 0.7329173265625 0.46507763124999996 0.73322766875 0.46335743437500004 0.734496765625 0.4622688140625 0.7367810125 0.46029645781250006 0.738378265625 0.45895955 0.7400014828125 0.4574248953125 0.7432452828125 0.45908697031249995 0.7495211953124999 0.4652873390625 0.7510734046875001 0.46705661562499995 0.744382265625 0.46736718593750004 0.739286221875
1 0.4994730328125 0.7526147812499999 0.49639958125000005 0.7511324734375 0.48783580000000004 0.7651657140625 0.5017286578125 0.7697254390625 0.501695665625 0.764381040625 0.49909941093750004 0.762429340625 0.5006078484375001 0.7553399046875 0.4994730328125 0.7526147812499999
1 0.5218658171875 0.7591851671875001 0.5206017015625 0.760632003125 0.5192081109375 0.764584521875 0.524440171875 0.7669274109375 0.5273207078125 0.7655639734374999 0.527130465625 0.762984478125 0.5265854234375 0.7602747734374999 0.527018021875 0.75742855 0.5257854296875 0.756516128125 0.525948509375 0.7525451546874999 0.5228553703125 0.7526762390624999 0.5217687140625 0.7547436046875 0.5218658171875 0.7591851671875001
1 0.720336371875 0.7883192078125 0.7166609328125 0.7965987343750001 0.7137266234374999 0.8027794234375 0.7184915390625 0.80672899375 0.7229475140625 0.8060432046875 0.725108278125 0.8021712093750001 0.7297596296875 0.79619374375 0.7291646953125 0.7911301328125 0.72825095 0.7819601484375001 0.723666825 0.7788250624999999 0.72185991875 0.7801224359375001 0.7200697765624999 0.7835004390625 0.720336371875 0.7883192078125
1 0.382335265625 0.717167778125 0.3789454296875 0.7158056140625 0.3770552015625 0.7178806453125001 0.37643051562499996 0.71947510625 0.3709084859375 0.7356836375 0.380770653125 0.7377673109375 0.3828929578125 0.7269075671875 0.38331581406250004 0.719519209375 0.382335265625 0.717167778125
1 0.640096859375 0.7862153234375 0.65182496875 0.7945253828125 0.6541503859375 0.7763955859375 0.651438703125 0.7720265546875 0.6449328265625 0.7733257609375 0.640096859375 0.7862153234375
1 0.823346765625 0.8046633453125001 0.8186946609374999 0.8034202828125 0.8168315375 0.811490359375 0.8127362640625 0.8307570468750001 0.8205517999999999 0.83309266875 0.8213282515625 0.8332719265625 0.8244677499999999 0.8207151546875 0.8233299687500001 0.8149466562500001 0.8232385796875 0.8081881718749999 0.823346765625 0.8046633453125001
1 0.8314823921875 0.8233246921875 0.8237058375 0.83297564375 0.820077115625 0.8512633656249999 0.8228003453125 0.85210940625 0.8192866750000001 0.8565625499999999 0.821220190625 0.8570089359375 0.82586305 0.8457893249999999 0.829930096875 0.8414397906250001 0.8288834140624999 0.8396526515625 0.8311315984375 0.836235509375 0.8347892968749999 0.8355344609375001 0.8356922156250001 0.8234272671875 0.8382180203124999 0.8163070765624999 0.8376477046874999 0.812456565625 0.8334319921875 0.8130046375 0.8314823921875 0.8233246921875
1 0.8503212328125 0.816324265625 0.841947740625 0.8143910921874999 0.8401933578125 0.8115712281249999 0.84634860625 0.8057477796875 0.8168272625 0.8085915734375 0.8138477921874999 0.8006592078124999 0.80950905 0.8055604546874999 0.8058826625 0.8004302031250001 0.8021908375000001 0.802529340625 0.794872625 0.7994982234375 0.7899524015625 0.7999721890625 0.7879660875 0.794683946875 0.7875544125 0.796467109375 0.7509633499999999 0.781311525 0.7489770375 0.7760232828125 0.7420010875 0.7826231906250001 0.7403716140625 0.77162173125 0.7330388250000001 0.7839348546875 0.730112865625 0.7813274765625 0.7240765625 0.785246521875 0.7061520375 0.78786985 0.7041657234375001 0.7825816078125001 0.6706717531249999 0.7748489140625 0.661471596875 0.779969390625 0.6569042375 0.7789149328125 0.6501542546875 0.794260409375 0.6466335812499999 0.7934475984375 0.640555675 0.7872147359375 0.6432021578125 0.7757515578125 0.480828959375 0.7358499187499999 0.4569335671875 0.7351629 0.45296094218749994 0.7245864140625 0.44382622187500004 0.7224774968750001 0.4376709734375 0.7283009453125 0.3448013265625 0.7068602984375 0.3320269671875 0.7135704390625001 0.331099246875 0.7036969234375 0.2976052765625 0.69596423125 0.2909207296875 0.704080315625 0.28933283906249996 0.710958221875 0.291253715625 0.7234758578125 0.4394609765625 0.755277365625 0.44296974218749996 0.7609170953125 0.471896353125 0.7675953296875 0.4830828234375 0.767763096875 0.49076052499999995 0.7622911343750001 0.49989524531249996 0.7644000515625 0.5074420749999999 0.7733868734375 0.6414179578125 0.8043176437499999 0.6485663640625 0.801138315625 0.6505526781250001 0.806426559375 0.66120985 0.8088869609374999 0.671932459375 0.804117971875 0.6978141640625 0.8100932343749999 0.6999313515625001 0.800922690625 0.7039694140625 0.8042697859375 0.7279629609375 0.7941127156250001 0.72581305625 0.8068979531249999 0.7307134015625001 0.8273479531250001 0.7398481218749999 0.82945686875 0.746003371875 0.8236334218750001 0.761227903125 0.8271482812500001 0.7641419375 0.8423100375000001 0.76818 0.84565713125 0.7885011890625 0.8479338140625 0.7926046875 0.8440515156249999 0.8042550171875 0.8491560390625 0.8104102671875 0.8433325921874999 0.8146882640625 0.8201719125 0.8252007546875 0.8105247453125 0.8335742484375 0.8124579187500001 0.8372822265625001 0.8241807234375 0.8343710953125001 0.83679021875 0.8307968921875 0.8383798812500001 0.8292090015625 0.8452577874999999 0.831129878125 0.8577754234375 0.8402645984375001 0.8598843390625 0.8484715968750001 0.8521197421875 0.854561409375 0.8535256859375 0.8668719093749999 0.8418787906249999 0.8700476890625 0.8281229765625 0.8670682187500001 0.8201906109375001 0.8586947265625 0.8182574390624999 0.8554833265624999 0.807856696875 0.8503212328125 0.816324265625