1 0 0.134102696875 0.0111649703125 0.14389779687499998 0.03536654375 0.1902008953125 0.037630571875000005 0.2093001328125 0.0343016703125 0.22189982968750002 0.0339752828125 0.2425761828125 0.0559281453125 0.21769606874999997 0.0543543234375 0.19846266875000002 0.0475216625 0.18566714374999999 0.045937917187499996 0.15884897656250002 0.032736451562500005 0.12450747656250001 0.020247245312500002 0.11610381249999999 0.0052159015625 0.0983888421875 0 0.0984649546875 0 0.134102696875
1 0.46849507968750004 0.07415942812500001 0.4587399234375 0.034209525000000005 0.43863035781250004 0.002570703125 0.3841653859375 0.013157620312500002 0.37767398750000003 0.0310242640625 0.386021109375 0.084202503125 0.39226559375000003 0.08897693906250001 0.42920992187499996 0.0738272734375 0.47097089375 0.0766603703125 0.46849507968750004 0.07415942812500001
1 0.5481445265625 1 0.6051287421875 0.988923390625 0.6080191078125 0.9708739874999999 0.6098480656249999 0.970947909375 0.60686280625 0.9567365140625 0.6119106171875 0.9571151984374999 0.6197556671875 0.978517365625 0.653482690625 0.9771147250000001 0.654761978125 0.9622413875 0.6617851234375001 0.9410506156249999 0.657536978125 0.9335262343749999 0.654909334375 0.9236112546875 0.664259071875 0.92335651875 0.6703899296875 0.9352029421875001 0.67362508125 0.955449434375 0.6687160249999999 0.9731039328125 0.6693639703125001 0.9764373265625 0.79613191875 0.9517961328125001 0.8083192703125001 0.9428424734374999 0.7955983375 0.9025386140625 0.7516712109375 0.8985519765625 0.738232875 0.8938637203124999 0.7202760968749999 0.899954634375 0.7176832906249999 0.888458284375 0.7208845171875 0.8690601515624999 0.73037984375 0.8463391046875 0.7324102984375 0.8209178703125 0.7316282937499999 0.8168948078125 0.722653753125 0.8029887406249999 0.718687240625 0.793310153125 0.7125039734375 0.783036584375 0.6972037234374999 0.7401087562499999 0.6905575421875 0.7309749 0.6737602 0.7269395671875001 0.640497790625 0.7313056625 0.6070762234375 0.7419772265625 0.5875052609375 0.7416063671875001 0.58066719375 0.7394284953125 0.5796131124999999 0.7423173609375 0.5804166203125 0.74894864375 0.5774984484375 0.7562914171874999 0.5717209624999999 0.7430283546875 0.5627347765625 0.7543658203125 0.5057083718750001 0.76545063125 0.4824098421875 0.77718438125 0.47866719843750005 0.84022775625 0.4922613203125 0.8855151109375001 0.51261373125 0.907921578125 0.5276399859375001 0.9193868625 0.5240710890625 0.9236890390625 0.495465709375 0.9184597921875 0.4816002265625 0.92115496875 0.461889978125 0.951348828125 0.47042052500000003 0.9952346890625 0.471824971875 1 0.5481445265625 1
1 0.8783607984374999 0.660925953125 0.8879623578125001 0.6221281359375 0.8954859171875 0.6222641609374999 0.8988835734375 0.6232021765625 0.87066865625 0.5772974734375 0.84740226875 0.5512823578125 0.8269238765625 0.5231507125 0.84605989375 0.549944834375 0.829028584375 0.5339784984375 0.815698796875 0.5205134265625 0.8037301343750001 0.51961913125 0.810527003125 0.5600724953125 0.815321428125 0.6233888921874999 0.83012013125 0.6719253015625 0.8415893531249999 0.7419842390625 0.84756999375 0.7616970625 0.853592103125 0.75410880625 0.8783607984374999 0.660925953125
1 0.35771637031250003 1 0.364065109375 0.9898556609375 0.391859175 0.9607147953125 0.3837308265625 0.9279876515625001 0.3232504421875 0.8341742609375 0.3140536203125 0.8412344578125 0.1965339328125 0.943261125 0.1562768875 1 0.35771637031250003 1
1 0.35030594375 0.08274697656249999 0.35509788750000004 0.078165315625 0.36397651875000003 0.08617335625 0.37004440625 0.0797213640625 0.37289205000000003 0.0734897453125 0.3715201921875 0.0664321453125 0.366173496875 0.052846768749999995 0.36214282343750004 0.03211075625 0.36068716875 0.0315825515625 0.3538390734375 0.0284523265625 0.3527710796875 0.0229579734375 0.353543040625 0.019968871875 0.2969607125 0.031372940625 0.298332571875 0.0384305421875 0.2978237984375 0.051126215625000006 0.2962875265625 0.072538753125 0.29870816875 0.08220767968750001 0.3004598578125 0.0912193390625 0.319200903125 0.09976765 0.3193405359375 0.107446490625 0.32730453593750003 0.10387055625 0.33838038125000003 0.120398078125 0.3448589171875 0.12441129375 0.3457294171875 0.11775283593750001 0.3396385421875 0.10877347343749999 0.3356965515625 0.10102257968749999 0.34023281562499996 0.09365156875 0.35030594375 0.08274697656249999
1 0 0.29253667656250004 0.033809153125000005 0.2608833453125 0.0369934953125 0.20594076718749998 0.005880842187500001 0.133664171875 0 0.13115843124999998 0 0.29253667656250004
1 0.741712153125 0 0.7433633562499999 0.015147784375 0.7454452609375 0.0342108515625 0.7883001265625 0.062406593749999996 0.8069613359375 0.024686806250000002 0.8089837937500001 0 0.741712153125 0
1 0.76964665 0.7168659859375001 0.7537999109375 0.6744022468749999 0.7343906265625 0.7047523234375 0.7062701390624999 0.7424499203125 0.726493146875 0.7878563453125 0.7503163046875 0.8192743265625 0.733278325 0.8813949937500001 0.7535140109375 0.881254925 0.7820351328124999 0.8131088109375 0.7961178531249999 0.755355934375 0.76964665 0.7168659859375001
1 0.47569179687499996 0 0.47521688281249996 0.002449259375 0.47709369218750003 0.012104609375 0.478219778125 0.01789781875 0.4782369375 0.0214253984375 0.46265458437499996 0.028963375000000003 0.46148542031249995 0.0367057609375 0.4610948640625 0.043294784375 0.46942575625 0.079274896875 0.48433352812499997 0.0889023234375 0.49099298750000003 0.09564784531250001 0.49515235625000004 0.099849428125 0.504680978125 0.1075164078125 0.5065729812499999 0.1086516640625 0.525178575 0.0925098984375 0.5257973859375 0.085375496875 0.5114385375 0.0390200546875 0.4997110109375 0.0217603359375 0.496530621875 0.020875515625 0.49614256875 0.01543985625 0.49894563124999997 0.0023459328125000002 0.497210953125 0 0.47569179687499996 0
1 0.8541101828125001 0.43577245624999994 0.8578572250000001 0.4344953828125 0.8649299562499999 0.4391088234375 0.8820889421875 0.41888232187499996 0.904596275 0.39816492812500004 0.9229401781250001 0.3896845828125 0.9242281890624999 0.38509214687500004 0.9180331671875 0.3606733453125 0.9117192203125001 0.348826725 0.9006889296875 0.3406404828125 0.8746402906249999 0.341337896875 0.8599559890625 0.3480094421875 0.8512466265624999 0.364947334375 0.8478907093749999 0.3906739265625 0.8489042703124999 0.4089903578125 0.8519746890625 0.42855314375000003 0.8541101828125001 0.43577245624999994
1 0.257301453125 0.1796266515625 0.2613622 0.157198540625 0.26097919531249997 0.1428630375 0.247070959375 0.1022651 0.2284316890625 0.0806469375 0.2226818125 0.0943852359375 0.2222432171875 0.11071747031250001 0.22046597499999998 0.1200810796875 0.21799416875 0.125953353125 0.22137242656249997 0.14333298125 0.22310941562500003 0.164634128125 0.23392667656250002 0.176965271875 0.2452673859375 0.19821281875000002 0.257301453125 0.1796266515625
1 0.192270453125 0.10072604062499999 0.1918543203125 0.11660061562499999 0.1928418796875 0.12168116874999999 0.1948125296875 0.1318192859375 0.19797880625 0.1391006671875 0.20114508281250001 0.14638204999999999 0.20262418750000002 0.15399138437499998 0.2058058015625 0.16126978593750002 0.2097515703125 0.18156900781250002 0.21115079531249997 0.170751996875 0.21065925000000002 0.16822321406250001 0.21207828125 0.15742620937500001 0.21419692499999998 0.1412207 0.20468275625 0.11937953593749999 0.202499571875 0.1171557171875 0.1951685890625 0.097538371875 0.1934814171875 0.097866325 0.192270453125 0.10072604062499999
1 1 0.6668493515625 0.9838881015625001 0.671953184375 0.9753254203124999 0.66884609375 0.9645888734374999 0.6709330671875 0.9582000578125 0.6626319140625 0.9535986796874999 0.66352633125 0.9282970640625001 0.639815425 0.916026725 0.6422005375000001 0.908744190625 0.6293015984375 0.8973071375 0.6195959703125 0.8966670640625001 0.6244918953124999 0.8885512421874999 0.6236836968749999 0.87102753125 0.68911955 0.8710879640625 0.7058080765625 0.8678271640625 0.7135991703125 0.8681412406250001 0.739781409375 0.86245293125 0.7432728578125001 0.8568250515625 0.7634528328125 0.866655959375 0.8140284734375 0.86953033125 0.8206270109375 0.8794335906249999 0.8306307796875 0.884481828125 0.8320352546875001 0.8902305703125 0.8452323343750001 0.888950421875 0.8550241828124999 0.8817283203124999 0.8588137703125 0.8762936546875 0.8717989296875001 0.8759072265625001 0.8861885640624999 0.8704725609375 0.899173721875 0.8738542234375 0.92475968125 0.87672859375 0.9313582203124999 0.882223690625 0.9350615890625 0.9144333328125 0.9288006687499999 0.914626546875 0.9216058515625001 0.9183342046874999 0.9161136484375 0.9244693749999999 0.9149210921875 0.9273437453125 0.92151963125 0.9328388421874999 0.9252230000000001 0.9696498609375 0.9180676625 0.9704831484374999 0.9059769203125001 0.9834539937500001 0.9153844109374999 0.99879191875 0.9124030203125001 1 0.9095165265625 1 0.6668493515625