1 0.2010797359375 0.45923384375 0.199186671875 0.44332824843749996 0.19697905468750002 0.4382280484375 0.194807503125 0.43221971718749996 0.1924475078125 0.42668951718750003 0.191146015625 0.423527025 0.18809776875 0.42224423125 0.1867344546875 0.4275670984375 0.1865321828125 0.433404075 0.18605275937500002 0.4362139390625 0.187137584375 0.4407883359375 0.1909455140625 0.44674493125000003 0.1935227390625 0.460647140625 0.195248465625 0.46191375 0.1966603359375 0.46324827968750004 0.2010797359375 0.45923384375
1 0.32971963125000003 0.472637821875 0.3285438734375 0.46879209218750006 0.327360278125 0.4649207234375 0.32485885 0.4634427171875 0.3233999265625 0.46537459062500003 0.3225166546875 0.469120928125 0.32290104531249997 0.4709938671875 0.32299979375 0.47371107187500006 0.32540025156249996 0.4767057828125 0.326301665625 0.479654175 0.325966471875 0.48225173593750004 0.3277680625 0.485681853125 0.328426796875 0.48845212812499994 0.32940659375000003 0.491656903125 0.33337948281249996 0.49192810624999994 0.331568196875 0.484772346875 0.3319541890625 0.48117804218750004 0.3317836578125 0.4757634265625 0.32971963125000003 0.472637821875
1 0.047769121875 0.44339213125 0.047399159375 0.440813915625 0.0471166671875 0.43927427343750003 0.044485746874999996 0.437919959375 0.040501559375 0.43939035937500004 0.041716509375 0.4433642796875 0.0389666859375 0.45283965156250006 0.043994229687500004 0.46859994531250004 0.047030878124999995 0.46929755625 0.05050707343750001 0.47608447500000006 0.058593332812499996 0.4741449140625 0.05603114218750001 0.46248087812499994 0.05272430625 0.4483812125 0.047769121875 0.44339213125
1 0.072057371875 0.43739623281249995 0.0634682734375 0.42667770000000005 0.0578020078125 0.4168317484375 0.044488056250000005 0.42000512343749996 0.04667464375 0.42825162812500006 0.0497451234375 0.43398513281250006 0.0617538484375 0.47216940156250004 0.070327346875 0.47086584687500005 0.06605269687500001 0.44279244531249995 0.06990142031249999 0.4434099890625 0.072057371875 0.43739623281249995
1 0.0169968046875 0.45246375624999996 0.014596092187500001 0.44030179843750006 0.006697015624999999 0.4427167890625 0.0040657296875 0.4492963875 0.0050834375 0.457003146875 0.0058561765625 0.47902639375 0.0071469453125 0.492004284375 0.008629040625 0.49466300781249994 0.02048721875 0.49103759843750006 0.021872203125 0.48038152656250005 0.024746478125 0.4745967125 0.0169968046875 0.45246375624999996
1 0.087570846875 0.43013017187499997 0.085989328125 0.432071490625 0.0843626375 0.437558984375 0.083623884375 0.4451299171875 0.088363575 0.46425826875 0.0958111546875 0.46139258749999995 0.09783949374999999 0.4557822984375 0.0977285625 0.44611623125 0.10099505625 0.4439401078125 0.09849238906249999 0.43999543281250003 0.0971573328125 0.4392541796875 0.09308067656249999 0.43665979374999997 0.091283796875 0.43221899218750004 0.09005911875 0.42964977656250003 0.087570846875 0.43013017187499997
1 0.139329034375 0.43928496250000004 0.13588763125 0.4342535890625 0.1332846359375 0.42963872187499996 0.1305100921875 0.43144016250000006 0.1299666890625 0.4367085984375 0.1309396 0.43831750625000004 0.12801327499999998 0.4443425109375 0.1299728703125 0.4507520609375 0.132906328125 0.45720028749999997 0.13619755312499998 0.4609879796875 0.1396734609375 0.4637379984375 0.1465629125 0.46451924843750003 0.1501862015625 0.46467305625 0.14911329375 0.45959039375 0.1438994640625 0.45033501718749996 0.14483258593749998 0.4471621671875 0.145022309375 0.442310240625 0.139329034375 0.43928496250000004
1 0.1621155453125 0.462511725 0.1684882609375 0.4662544203125 0.171087840625 0.4657960640625 0.171889278125 0.46185046874999997 0.1691617984375 0.45867539218750003 0.1670444828125 0.45332330781249996 0.1622178421875 0.4497807609375 0.1595430296875 0.447598828125 0.158309253125 0.4459575390625 0.15543504218749998 0.44148165781250004 0.1524557828125 0.4390563875 0.14999165625 0.43913691562499996 0.1480727671875 0.44106924062499997 0.151108421875 0.450177546875 0.146194884375 0.45367022500000004 0.149365990625 0.462400703125 0.15382766718750002 0.46639124687500005 0.1551141234375 0.46731556406249997 0.1621155453125 0.462511725
1 0.321212675 0.46273521406249996 0.318117409375 0.459588475 0.3155331859375 0.46119155625 0.314155421875 0.47063993125000003 0.3173368328125 0.48603950156250003 0.3255393859375 0.488858309375 0.3237525984375 0.47507888906250006 0.3215330765625 0.4687768421875 0.321212675 0.46273521406249996
1 0.1665881203125 0.42932501562500003 0.1636251234375 0.43331470312500003 0.1629845328125 0.4372391578125 0.16314750312499998 0.44837515000000006 0.1697568953125 0.45939055937499995 0.17394577656250002 0.465567103125 0.176699978125 0.4578846078125 0.1711425640625 0.4397071265625 0.16923783750000002 0.43347704531250003 0.1665881203125 0.42932501562500003
1 0.40579095781249996 0.5063188203125 0.4019309578125 0.504022646875 0.4006846546875 0.49994617343750003 0.40128574375000003 0.4952768609375 0.3986335296875 0.48961172499999994 0.39592990625 0.48199988125 0.39537560312500003 0.47594565937500005 0.3960657453125 0.47026790937499996 0.3961786328125 0.4682429359375 0.3974253 0.464385496875 0.3979840484375 0.4619719015625 0.3985139734375 0.45583850937500003 0.396112896875 0.4516104625 0.3922133953125 0.44856943125 0.389398740625 0.4466825640625 0.3858112265625 0.4415837234375 0.3831991328125 0.4378967796875 0.380900884375 0.4358520296875 0.37874310625 0.433035434375 0.3743356578125 0.43141125625 0.3720367890625 0.428133171875 0.36885625312500003 0.423134184375 0.3696266359375 0.42141281875000003 0.3705697734375 0.4208721609375 0.3728617875 0.417424028125 0.374719240625 0.41262291875 0.3762593890625 0.407946853125 0.379449975 0.41044768749999994 0.382308209375 0.412545509375 0.38690816875 0.41486776562500005 0.3892769625 0.41714325781249995 0.39341068749999997 0.41910343437500003 0.3949504703125 0.42236128125 0.3971775546875 0.4229419515625 0.39876973125 0.421445928125 0.40000634843749994 0.4200866453125 0.40138626874999994 0.41666505468750004 0.4018744703125 0.41402071406249996 0.39997129062500003 0.4108739671875 0.39770000625 0.4088490109375 0.39523024218749997 0.4080902234375 0.3910648546875 0.40541082812499996 0.3866285734375 0.40177697031250004 0.383042296875 0.3991447984375 0.3796676578125 0.3972048578125 0.378868453125 0.3952064296875 0.3781708359375 0.3929246296875 0.3763291265625 0.3875163203125 0.3754277125 0.38456792812499996 0.373656546875 0.3793903625 0.372574540625 0.375235625 0.37112567812499997 0.3729592265625 0.37147216875 0.36862006406250003 0.3721008421875 0.3652038765625 0.373034903125 0.3621709125 0.3737968296875 0.359190575 0.37433583125 0.35554949062499996 0.3722683453125 0.354191125 0.370952734375 0.3523505765625 0.367092115625 0.34882106875 0.36459006875 0.3461097265625 0.35988068125 0.3440452015625 0.35703214375000003 0.3456730234375 0.354618784375 0.3498871546875 0.3562968171875 0.3566070640625 0.3552730734375 0.3611252484375 0.3537718078125 0.3653128375 0.35033569999999997 0.3656344609375 0.34650452187499997 0.36705808125 0.34385978125 0.3693524953125 0.34221680625 0.3718452625 0.3396623546875 0.37559790625 0.33605189062499996 0.38020606562500003 0.3350688859375 0.3879357765625 0.33279661875 0.39261139843750004 0.330383259375 0.39682552968749996 0.3306638375 0.40321574687500006 0.332820996875 0.404799009375 0.3355352984375 0.40943591562500004 0.3348749625 0.41213288437499995 0.33408323125 0.4180940046875 0.3374149078125 0.42105632656249997 0.3396855734375 0.42184794999999997 0.343686665625 0.4246056125 0.34417326406250004 0.42742851406250004 0.3453173578125 0.43055502343749996 0.3461165640625 0.43255345156249997 0.348161453125 0.4373950203125 0.35004550624999997 0.44054761249999996 0.3538744625 0.443357903125 0.3572569390625 0.44532347968749997 0.3594140984375 0.4469067421875 0.3630314171875 0.44902479843750004 0.36568585468750003 0.4504560265625 0.36814778125 0.451189175 0.3659172359375 0.4523757453125 0.3686732625 0.45352360156250004 0.372086784375 0.45497506562499995 0.3745176671875 0.4562223296875 0.3743151078125 0.45802240625 0.37297751875 0.46089839374999997 0.37433004375 0.475651621875 0.3730714578125 0.4800173265625 0.372581653125 0.48812891093750005 0.3727521859375 0.493543528125 0.372372428125 0.5026307125 0.3717443734375 0.507280234375 0.3712856140625 0.5148777046874999 0.37508290624999996 0.516968771875 0.3798769671875 0.51623198125 0.3847923734375 0.514729190625 0.391833275 0.514090440625 0.3984515234375 0.5133005640625 0.4042282234375 0.5127679734374999 0.41398626875 0.51376555625 0.41349121093749996 0.5096836812500001 0.41134189218749995 0.5081260578125 0.40579095781249996 0.5063188203125
1 0.2756008734375 0.449879034375 0.2741905609375 0.4499177234375 0.2744495265625 0.45309056875 0.27307840625 0.45325745 0.27347219375 0.4565292484375 0.2788202703125 0.457809778125 0.27414722343750003 0.4605841328125 0.2755267796875 0.46509645781250003 0.2779096484375 0.4728904671875 0.278996065625 0.4737077375 0.27793665624999997 0.46606979531250003 0.27736415625 0.461871425 0.2795087875 0.4610195015625 0.27924889375 0.45599665624999997 0.281417671875 0.4547448671875 0.28621454062499996 0.45613785 0.2863318171875 0.45419564062499995 0.28499301250000003 0.451184728125 0.2812966796875 0.4492870703125 0.278696790625 0.449128759375 0.27741411562499996 0.44534375312499996 0.277546428125 0.44563971562500004 0.27699273281250003 0.4425289453125 0.2735171234375 0.4421057109375 0.27446430781250003 0.44616149531250004 0.2756008734375 0.449879034375
1 0 0.505353709375 0.00737866875 0.489410325 0.01242663125 0.49908085937499996 0.0719684859375 0.4612528453125 0.08084166875 0.46975389375 0.10457682187499999 0.4653007921875 0.113450003125 0.4738018421875 0.12492566093749999 0.47029338125000003 0.1283119734375 0.4608476921875 0.2017749734375 0.44119126093750005 0.20691690937499999 0.4648503828125 0.21579009062500001 0.47335143124999995 0.23109096718750002 0.4686734828125 0.24143785312500002 0.46831358593749994 0.249527196875 0.47425081562500004 0.261002853125 0.4707423546875 0.2643891671875 0.46129666562500005 0.281602653125 0.456033975 0.2786552453125 0.4737558671875 0.288312265625 0.4848207359375 0.31283125625 0.48293145312499997 0.31508879843750004 0.476634328125 0.3115145390625 0.45810284687499997 0.30612164375 0.45414469375 0.3002898421875 0.4419103390625 0.2922004984375 0.435973109375 0.2894816234375 0.4388068265625 0.2807248421875 0.4394815703125 0.27867340625 0.4357033125 0.25705696875 0.42949629062500005 0.2596861375 0.44591374687499996 0.25159679375 0.43997651875 0.24124990781250003 0.44033641562500003 0.24624875156249998 0.42639278125 0.2354405328125 0.42328926562499997 0.23272165937499997 0.42612298437499996 0.224632315625 0.42018575625 0.21450488281250002 0.42468375468749997 0.21383506562500001 0.42093820156249995 0.2043774484375 0.42918175312500007 0.20303781718749997 0.42169065000000006 0.116659828125 0.42771022812500004 0.11551959999999999 0.43952754374999997 0.11169438125 0.44069703125000004 0.10586257968749999 0.42846267656250003 0.09777323593750001 0.42252544687500004 0.09608575781249999 0.43068717031250003 0.0862975796875 0.4260339078125 0.0863089359375 0.4329116625 0.082911265625 0.43547959687500004 0.076532115625 0.43513615625 0.07334821875 0.4384033140625 0.06675529375 0.43736065 0.0080943625 0.4507076109375 0.0037104375 0.45689025625 0 0.45416695625000003 0 0.505353709375