1 0.6720677125 0.5852026515625 0.6999304984375 0.6285721890625 0.739801478125 0.596249759375 0.716420025 0.5401517250000001 0.6931627921875 0.51211134375 0.6187494015625 0.5098890390624999 0.6255532453125 0.529121890625 0.6678709546875 0.5568184625 0.6720677125 0.5852026515625
1 0.80050605625 0.201963921875 0.80261513125 0.18700599375 0.797833425 0.1752731421875 0.7864239734375 0.1609027953125 0.7913429921875 0.13231347031250001 0.77262305 0.1438334578125 0.7408927375000001 0.174067353125 0.7424505828125 0.184705965625 0.755299053125 0.1953974 0.7661968328125 0.2135043 0.798530259375 0.203059125 0.80050605625 0.201963921875
1 0.7427969359375 0.21863166562499997 0.733386153125 0.2316000890625 0.7366371421875 0.24081996874999997 0.7405957109375 0.2418728234375 0.77083033125 0.2216148375 0.77131435625 0.21434921093749998 0.7642003390625 0.2110208421875 0.7568408343749999 0.21135008125 0.7427969359375 0.21863166562499997
1 0.8966668671875 0.29299813124999996 0.9392392359375 0.2648035984375 0.9175841874999999 0.2574845046875 0.9081844765625 0.25711528125 0.8963081687500001 0.2453818953125 0.8806237687499999 0.24746731249999998 0.8755419468750001 0.2507872890625 0.8722824703125 0.25869955624999996 0.866142546875 0.2697405765625 0.8660596890625 0.27232475156249997 0.85686851875 0.2972452609375 0.8609700078125 0.30464454375 0.87093650625 0.30876993124999996 0.8966668671875 0.29299813124999996
1 0.539289271875 0.3360340890625 0.5306141906249999 0.33318229375 0.5248188765624999 0.3355257390625 0.5220767421875 0.3394010390625 0.5223594375 0.346310265625 0.5274006921875001 0.35055891250000004 0.5235671156249999 0.355633753125 0.524972321875 0.3566156 0.5032647781249999 0.3789613421875 0.494617090625 0.39697200625 0.49552542656250004 0.3994183609375 0.5091569578125 0.3903987859375 0.5142724125 0.382852625 0.5241223328125 0.3806169828125 0.5302156 0.36843560468750003 0.5163657609375 0.3690467671875 0.5263778875 0.3567282984375 0.5560059828125 0.3550087109375 0.5494237734375 0.3495333234375 0.5559160890625 0.34447108125 0.5512079671875 0.3391459578125 0.5440307093750001 0.3445878703125 0.540066471875 0.3438354296875 0.539289271875 0.3360340890625
1 0.241609896875 0.8308981093750001 0.23371505625000003 0.825167040625 0.21630154531249998 0.8117694906249999 0.21595979375000002 0.8102210281250001 0.2180197078125 0.80349963125 0.21851635468750003 0.7958840015625 0.21161504999999997 0.7843656453125 0.20563035937500002 0.7820805796875 0.19354284375 0.784939128125 0.19209354375 0.783318578125 0.1866371734375 0.7772648625 0.1802793015625 0.7790283234375 0.1749931390625 0.78371925625 0.1749353671875 0.7893308484375 0.1788548109375 0.7944757296875 0.1701294890625 0.8024679125 0.1714264390625 0.8104613593750001 0.17675934531249998 0.8200821765624999 0.189972021875 0.8249692921875 0.1935085453125 0.8275595140625001 0.20355121406249999 0.84188713125 0.2099338953125 0.8571916296875 0.2173704296875 0.858306053125 0.22426357187499998 0.8527243562500001 0.22194856718749997 0.8494799015625001 0.22251805624999998 0.8467174515625 0.212409696875 0.8303453421875 0.20915431875 0.8216767031250001 0.2337012390625 0.8384376078125 0.23470014843749998 0.843097596875 0.23803782187500003 0.8471929359375 0.241821275 0.84264895625 0.24456723593750002 0.8362332890624999 0.24204901250000002 0.8383380421875 0.2453427296875 0.8347744078125 0.241609896875 0.8308981093750001
1 0.9090620406250001 0.25354178437499997 0.9084603578125 0.25705382656250003 0.9410635624999999 0.26461557343750003 0.917956815625 0.2246694953125 0.9179143640625 0.2234124703125 0.9016844765625001 0.23389520312499998 0.90153891875 0.24394593593749997 0.9039772515625 0.25064355781250003 0.9090620406250001 0.25354178437499997
1 0.835356428125 0.5269556890625 0.8265038046875001 0.5109851328125 0.8187606890625 0.48701350000000004 0.8231724453125 0.46490233437499995 0.7882454171875 0.448612921875 0.7688655078125 0.44707575781250003 0.750025840625 0.44645108906250003 0.7417633078125 0.44490270781249996 0.7262660390625 0.4436601390625 0.7038471000000001 0.44993591562499996 0.6955028546875 0.45824280625 0.686783225 0.4692274203125 0.6951219515625 0.4842708796875 0.7108297484375 0.47924550468750005 0.7232048437499999 0.4748555234375 0.7300448015625001 0.47719245 0.7391439937500001 0.486897953125 0.7503735390624999 0.49050615937500003 0.764448234375 0.49253727343750003 0.7753190421875 0.4987911078125 0.7815730859375 0.510073703125 0.789039175 0.5268356937500001 0.7973682046875 0.5418616609375 0.8029337984374999 0.548609446875 0.8007050843749999 0.5645941109375 0.7944455203125 0.576661865625 0.8447326468749999 0.5438708343750001 0.8442187484374999 0.5429437375 0.835356428125 0.5269556890625
1 0.46020119531250003 0.3782497625 0.448273990625 0.38897719531249997 0.4484045140625 0.4018247453125 0.44504206718750006 0.41402450156250004 0.45173959375 0.4289029390625 0.4888708421875 0.4046848859375 0.48857775312499996 0.40278931093750003 0.4919936296875 0.39211490000000004 0.4811310765625 0.3893551515625 0.47675809375 0.3814660828125 0.46020119531250003 0.3782497625
1 0.541964159375 0.3439040109375 0.5309260375 0.3500225421875 0.5275370234375 0.3560857796875 0.530617709375 0.3681669765625 0.5254973484375001 0.3808609515625 0.5603074046875001 0.3582954296875 0.5595414046875 0.35691353124999997 0.5552793296874999 0.3556859046875 0.55230610625 0.35523021875 0.5484861890625 0.3507619140625 0.541964159375 0.3439040109375
1 0.59638001875 0.31632478750000004 0.5953226796875 0.32889323125000003 0.59244920625 0.33526524375 0.5661357171875 0.3666354859375 0.5662716640625 0.369738653125 0.570195475 0.371039446875 0.5857971546875 0.3645179328125 0.5899692375 0.34986470625 0.5983719 0.355020825 0.6258231140625 0.336202803125 0.62380720625 0.3303915140625 0.609136159375 0.33573402343750003 0.6079248125000001 0.32522348125 0.6234004203125 0.31518171875 0.6163050546875 0.310333784375 0.6097953078125 0.3072878765625 0.6059772546875 0.308352371875 0.59638001875 0.31632478750000004
1 0.7334098390625 0.244689796875 0.7240275171875 0.245843028125 0.7210200765625 0.24433155625 0.7181244015625 0.24072296093749998 0.715176759375 0.2354052734375 0.7119269125 0.23345649062499998 0.7044128546875 0.238787821875 0.7001532265625 0.2483749703125 0.7069313640625 0.252712734375 0.7034902015625 0.257501453125 0.697003196875 0.2631324296875 0.6917600265625 0.267776665625 0.693801196875 0.2761807984375 0.6936761328125 0.286951915625 0.6896380359375 0.2938322875 0.690517284375 0.2962261640625 0.7023354671875001 0.2876629359375 0.709000490625 0.283968453125 0.72674131875 0.27354000625 0.72773033125 0.27532423125 0.729732471875 0.2742144265625 0.7363191859375 0.268825453125 0.7396940953125 0.2600031171875 0.7385367609375 0.25629989375 0.7371064515625 0.24899777968749998 0.7334098390625 0.244689796875
1 0.6611272390625 0.6968672359375 0.6566170546875 0.6621396640625 0.63440640625 0.627413640625 0.617313471875 0.623168159375 0.6009512140625 0.5617158296875 0.5624815046875 0.524248671875 0.5413461296875 0.5340204984375 0.51330648125 0.5260557703125001 0.48838293593750004 0.518307459375 0.42411818281249997 0.5088589765625 0.39431832187500004 0.5136236296875001 0.32625844531250003 0.48670459531250004 0.2857758390625 0.4562300453125 0.2679511953125 0.4347596375 0.25275234687500003 0.439274225 0.24562710000000001 0.45301092499999995 0.251444815625 0.4635063609375 0.2620200328125 0.4772415109375 0.32721649375 0.5096809 0.35366958125000003 0.53615559375 0.353922265625 0.54189236875 0.3263616421875 0.5454157921875 0.3059316328125 0.5724271484375001 0.333337403125 0.5846535125 0.355795371875 0.5878916750000001 0.37348614062499996 0.5878726328125 0.40331234531250004 0.5830933765624999 0.426449334375 0.603585671875 0.44855245312500003 0.6168076421875 0.4588652921875 0.6247885234375 0.46717492812500006 0.63977950625 0.4406798828125 0.6877832875000001 0.4169240796875 0.7087947531250001 0.42295843906249997 0.7250240734375 0.44007771562500003 0.729254953125 0.4489895203125 0.70277426875 0.4431718046875 0.6922788328125 0.4712060875 0.6630189265624999 0.4803705765625 0.6422750171875 0.4922436296875 0.6317605375 0.49652210781250006 0.6235120984375 0.49878768906250004 0.6222562671875 0.5010269265625 0.6210150375 0.5215908078125 0.6154931312499999 0.5177913546874999 0.635229721875 0.537855234375 0.6554589 0.5701314015625 0.729653665625 0.60110436875 0.790873425 0.5994156453125 0.8251039703125 0.5910850296875 0.8473522250000001 0.606772596875 0.8543432828125 0.60987205 0.8545917953125001 0.6294681890625 0.8260760921875001 0.6222187640625 0.8183408343749999 0.607648428125 0.781369153125 0.6185634328125 0.7478783703125 0.6239494453125001 0.7096318140625 0.5846292171874999 0.6706924046875 0.5794190328125 0.6559499375 0.602093646875 0.664921984375 0.6242945984375 0.699630515625 0.6317590796875 0.75037388125 0.6250865125 0.7756133359375 0.622347271875 0.80260565 0.6211682484375001 0.811102603125 0.6697664125 0.7763207921874999 0.7029130453125 0.74031679375 0.6693083671875 0.7275934015625001 0.6611272390625 0.6968672359375
1 0.8196754421874999 0.126144109375 0.8019298234375001 0.13140725 0.7936059359375001 0.14745479687500002 0.8035765890625 0.1716551796875 0.800247034375 0.1780741984375 0.8043108875 0.18374882343750001 0.8024607328125001 0.188280665625 0.7983932765625 0.191297528125 0.7921548656249999 0.192468828125 0.7847578578125 0.2019047109375 0.7799988453125 0.201188834375 0.7862336562500001 0.20870902187499998 0.7783304656250001 0.21308983124999997 0.7678428265624999 0.20990884062499998 0.7603103859375 0.21164498437499998 0.756431909375 0.2046480265625 0.7465894796875 0.2055303578125 0.7291183218749999 0.2175014875 0.72148959375 0.228590284375 0.7265800953125 0.2377737921875 0.7192187421875 0.2447888625 0.6586557375 0.2885734484375 0.6528490437500001 0.28493202812499996 0.6452203140625 0.2960208265625 0.6467168125 0.2974780125 0.6347778875000001 0.30638257343749997 0.6447996171875 0.3076875625 0.6378660453125 0.3138176125 0.6228389625 0.3152871359375 0.6109000390625 0.3241916984375 0.5288861609375 0.371939440625 0.53179501875 0.37718715937499997 0.5186230359375 0.3844885078125 0.528319228125 0.401980903125 0.5381616578124999 0.401098571875 0.556602434375 0.39087668125 0.5615967656249999 0.3812481546875 0.5512054156249999 0.368714509375 0.5989611140625 0.333096259375 0.6338413328125 0.3251953796875 0.6377198109375 0.3321923375 0.6458974609375 0.334519515625 0.6653078578125 0.326046865625 0.6686374125000001 0.319627846875 0.6897125859375 0.3079456875 0.69470691875 0.298317159375 0.688889203125 0.2878217234375 0.736761096875 0.2561408046875 0.7418515984375 0.2653243125 0.7516940265625001 0.26444198124999996 0.780672390625 0.2483790125 0.7898955062499999 0.260580203125 0.8004674609375 0.3151545015625 0.782996303125 0.32712563125 0.7766116546874999 0.34667165624999996 0.7620493546875 0.36389050312500004 0.7652326734375 0.375846209375 0.7734103234374999 0.3781733890625 0.7980895140625 0.3667801984375 0.8057182421875 0.3556914 0.815560671875 0.35480906874999996 0.8392702421875 0.3416666390625 0.8442645734375 0.3320381125 0.8384468593750001 0.321542675 0.8453804296874999 0.315412625 0.8552228578125 0.3145302953125 0.8657604453125 0.30868921562499996 0.8580034921875 0.2946953 0.8593938078125 0.284777803125 0.8448258015624999 0.2900385703125 0.8568828187499999 0.22003102968750002 0.8520755624999999 0.21565971093749997 0.8731507359374999 0.20397755156250003 0.88244424375 0.1896792453125 0.8717784312499999 0.1704376109375 0.8649208328125001 0.17335933750000002 0.866930334375 0.1616914140625 0.85293496875 0.1488688 0.84077895 0.1575888046875 0.8385189046875 0.14771292187500001 0.8196754421874999 0.126144109375