1 0.361952640625 0.361066884375 0.3585707609375 0.3716695125 0.35518045468750004 0.37612421406249996 0.34438088125 0.38139151718750003 0.3407720796875 0.3915288859375 0.346562846875 0.3965582015625 0.3608230265625 0.3884773546875 0.36788153437500004 0.39453761875 0.400656790625 0.3695988875 0.39948571875 0.3489128140625 0.3952299890625 0.3409357875 0.3879023453125 0.3327554046875 0.378125403125 0.33024621249999997 0.3741992140625 0.334386346875 0.371536034375 0.35024071874999996 0.368519371875 0.3623406640625 0.361952640625 0.361066884375
1 0.5812871734375 0.21524084375000002 0.5685495765625 0.221453384375 0.5726666484375 0.2431895890625 0.5779129984375 0.26157386875 0.5757637078125 0.27238686562500003 0.5905770968749999 0.30846174375 0.5861330984374999 0.305053128125 0.5896454578125 0.31032979374999997 0.5988207234375 0.30444105781249997 0.6134703125 0.294521015625 0.63418988125 0.2913789859375 0.62979585625 0.282369896875 0.6050385296874999 0.2525324828125 0.5951365 0.2322303109375 0.5812871734375 0.21524084375000002
1 0.32166945468749997 0.40165740312500003 0.32017283124999996 0.40924621875 0.3197832890625 0.42163556562500004 0.321550578125 0.424831325 0.326405809375 0.4284058734375 0.328055921875 0.4360306578125 0.3368442265625 0.42831488125000006 0.3347850625 0.4202613140625 0.3456325328125 0.42059910624999997 0.343164315625 0.41211675468750003 0.330943909375 0.40024923437500004 0.32166945468749997 0.40165740312500003
1 0.874359609375 0.47231298749999995 0.8776293421875 0.479016934375 0.8799606015625001 0.48251356406249996 0.8798235328124999 0.497345296875 0.883049090625 0.5114794093749999 0.8853217234375 0.5186696734375 0.8911419890625 0.5167733796875 0.894411721875 0.5234773265625 0.8992146640625001 0.525768434375 0.9083553890625 0.5092941046874999 0.9110158078125 0.4996716515625 0.9021248609375 0.48646821406249996 0.8955065453125 0.4804550390625 0.8904528859375 0.48014491562500006 0.889293825 0.47149526406250003 0.8848002265625 0.4635295390625 0.8798770812500001 0.4622394953125 0.876147265625 0.46589116875 0.874359609375 0.47231298749999995
1 0.29162079531249996 0.4502932859375 0.291237109375 0.456920425 0.29168129375 0.46659939375 0.29381015625 0.4729958765625 0.3130544734375 0.45716979375 0.3111050109375 0.4531728046875 0.30854276875000003 0.4425372875 0.30443128750000004 0.436139171875 0.2999150046875 0.4309071140625 0.2970942015625 0.427832503125 0.2951153125 0.4278028734375 0.291731425 0.42895590781250004 0.2894525515625 0.4330517796875 0.2900218625 0.4436645171875 0.29162079531249996 0.4502932859375
1 0.285830540625 0.4599500671875 0.2753205203125 0.44549435156249995 0.2720393734375 0.4431154859375 0.26438534062499996 0.446455925 0.265745159375 0.4633587171875 0.27146381875 0.47454905781249995 0.270745059375 0.476889215625 0.2764973515625 0.484869328125 0.2804636265625 0.4881182625 0.28650369531250003 0.48038159062499997 0.28131025625 0.47352947500000003 0.292543765625 0.4726449171875 0.2893978078125 0.46619474843750003 0.28439301875 0.46463038125 0.285830540625 0.4599500671875
1 0.2536856 0.4910999140625 0.24908553281249998 0.486694084375 0.2448364125 0.4880335109375 0.23982641093749998 0.49636729687500003 0.24270507343749997 0.506796128125 0.2487491875 0.5141626921875 0.263041971875 0.5042595999999999 0.2536856 0.4910999140625
1 1 0.43347671718749997 0.9965892984375 0.43157255 0.9908385109375001 0.42298958750000004 0.985496425 0.4165633875 0.981170978125 0.41867304843750003 0.9831987625 0.42671574218749997 0.9870826046875001 0.4314709 0.986459065625 0.437927053125 0.9854090531249999 0.44226129375 0.9853582078124999 0.44796690625 0.98814750625 0.4485175328125 1 0.44331038125 1 0.43347671718749997
1 0.5794711609375 0.27353683281249996 0.5732879734375 0.2715524109375 0.5693666125 0.27131831875 0.5622199703125 0.2712436421875 0.5610524953125 0.2610797234375 0.55312601875 0.239944903125 0.5439576390624999 0.2386834484375 0.5388817703125001 0.2418921234375 0.5337683015625 0.2479464546875 0.5359453421875 0.2611783046875 0.5432226078125 0.2712157765625 0.5397132953125 0.27863437812499997 0.5373799203125 0.2855056125 0.533185646875 0.2954049578125 0.533040703125 0.301915653125 0.537548190625 0.3111573703125 0.547627303125 0.3269751234375 0.5687839578125 0.3187768203125 0.5696109328125 0.312666484375 0.5698377359375 0.2975553734375 0.5716912484375001 0.2916250125 0.57808985 0.2920907109375 0.5889413625000001 0.3075317390625 0.5898144484375 0.306399078125 0.5857595375 0.299083290625 0.5812690234375 0.2869536203125 0.5794711609375 0.27353683281249996
1 0.496156978125 0.350010746875 0.5475098015625 0.329336171875 0.546053540625 0.3278474140625 0.53268784375 0.293029865625 0.518282290625 0.2946107171875 0.5064326984374999 0.2688184328125 0.4897250859375 0.2671763828125 0.485675625 0.2811151828125 0.5008070921875001 0.315097684375 0.49485959687500003 0.331061728125 0.496156978125 0.350010746875
1 0.4649180796875 0.328020625 0.45865442968750003 0.3230910546875 0.4541998546875 0.3100014140625 0.451889309375 0.3082224890625 0.44990897500000004 0.3012038078125 0.44694741406249994 0.2961297203125 0.44250040312500005 0.29392680000000004 0.43804300625000003 0.2946609796875 0.43297324687499994 0.2971336671875 0.4279871984375 0.3017383703125 0.4284086859375 0.309517353125 0.43340986406250004 0.32668608906249996 0.45028457499999996 0.36128437343750003 0.45114068749999997 0.3630396640625 0.45756046718750004 0.3613745453125 0.4615832390625 0.3666640546875 0.49129168125 0.351441271875 0.4841089078125 0.33970844218749996 0.481151075 0.33460635625 0.4752806484375 0.329485 0.4649180796875 0.328020625
1 0.8242781953125 0.5015824156249999 0.8291038328125 0.5057735125 0.8276113328125 0.51244405625 0.825362053125 0.51592338125 0.8285953796875001 0.5274358171875 0.8517096609375001 0.5197225546875 0.8512455031249999 0.518770890625 0.8464665859375 0.509792453125 0.8419476109374999 0.5078340640625 0.8381213671875001 0.500773253125 0.83325668125 0.49243876093749994 0.8260139546874999 0.49298688281249997 0.824143065625 0.49806181718750003 0.8242781953125 0.5015824156249999
1 0.17167203749999999 0.5810760625 0.1784319109375 0.59194181875 0.1847547953125 0.5834127375 0.179391196875 0.572415728125 0.1890083890625 0.5617301484375 0.1852290328125 0.5532328109375 0.179993415625 0.5432467140624999 0.18076905468749999 0.537423203125 0.18388998750000002 0.5304558187499999 0.18861191875 0.53197489375 0.18646859531249999 0.5172082265625 0.18007766875 0.5078117890625 0.17291321875000001 0.49387099843750004 0.1657817296875 0.49407690000000004 0.1652372890625 0.4981645546875 0.15664737812500001 0.4887149453125 0.15032232968749998 0.4890772734375 0.146920525 0.49618165000000003 0.1488288734375 0.494177553125 0.1455696453125 0.500112878125 0.1475087921875 0.50408871875 0.149969634375 0.514302471875 0.147748046875 0.518658371875 0.15037209375 0.5277453703125 0.157870865625 0.561654653125 0.1691241828125 0.5817689781250001 0.17167203749999999 0.5810760625
1 0.310743509375 0.44701383281249996 0.31805099062500003 0.45130339687500004 0.3264771859375 0.44719366718750003 0.325532975 0.43456475625 0.316908378125 0.42044604375 0.3085694359375 0.4140416703125 0.3001432421875 0.4181514 0.2990245296875 0.42655069375 0.310743509375 0.44701383281249996