1 0.5271022703125 0.3776326015625 0.5097425265625 0.337621146875 0.5054479765625 0.3455805609375 0.508579146875 0.3535002171875 0.5086190796875 0.359192165625 0.51081383125 0.3786719953125 0.5097984875 0.3817192140625 0.5271022703125 0.3776326015625
1 0.15675099374999998 0.42529149374999997 0.17487898125 0.4242986125 0.1740862671875 0.42022045312499995 0.17187543125 0.40884669375 0.17275257500000002 0.4036145125 0.1731204875 0.39256893125 0.1651703875 0.387372453125 0.1643816578125 0.3833147859375 0.16099087343750001 0.37889093906250004 0.1619230703125 0.3804111453125 0.16115021406250002 0.37971066875 0.1523229703125 0.379746371875 0.149919434375 0.3835951171875 0.1490422921875 0.3888273 0.1501457171875 0.39450393125 0.155712140625 0.4069268375 0.1554485140625 0.41203976249999996 0.15675099374999998 0.42529149374999997
1 0.49077128593749997 0.320764309375 0.4889505234375 0.3173751359375 0.4861083296875 0.31233423125000004 0.48226694375 0.3093590953125 0.47959506718749995 0.303966071875 0.47652280312500006 0.29896988593749996 0.47248397343750004 0.29850016875 0.470946703125 0.303775596875 0.47270868593750004 0.3080907 0.474524490625 0.31022605 0.475609659375 0.3122056734375 0.4779309890625 0.315795290625 0.4781062625 0.3166969953125 0.47806282187500004 0.31761994374999997 0.4759987578125 0.3189569296875 0.47364885624999997 0.32005173125 0.471565471875 0.3213712078125 0.4698306875 0.322027428125 0.46640462656250004 0.3295415453125 0.4673653328125 0.3296525484375 0.4716292765625 0.328823721875 0.47666632499999995 0.325994340625 0.4816790953125 0.321893625 0.48322537343749994 0.3250171375 0.482747046875 0.32853419375000004 0.48008605624999995 0.32688214531250004 0.4838331875 0.331747146875 0.4847227875 0.3315742265625 0.487751540625 0.3303687375 0.4905462421875 0.329187475 0.49166493593749994 0.327736503125 0.4922039890625 0.3257601765625 0.491912221875 0.3230308375 0.49077128593749997 0.320764309375
1 0.522223121875 0.3077387296875 0.5204498515625 0.3105717234375 0.5203556 0.312461590625 0.5204711203125 0.3130558953125 0.524719725 0.31223005000000004 0.52942846875 0.31131476406249997 0.5304335890625 0.31173614843749997 0.529967521875 0.3093384359375 0.528347284375 0.3093556328125 0.526492021875 0.3081637265625 0.5257949109375 0.30457740625 0.5248079796875 0.3007284078125 0.521502796875 0.29920157812500003 0.5195542546875 0.30113286875 0.5198460218750001 0.30386220625 0.5215472796875 0.30663658125 0.522223121875 0.3077387296875
1 0.5596670687499999 0.295568821875 0.5622510234375 0.2944497921875 0.5601287078125 0.2896730421875 0.5597261578125 0.28866664375 0.5582443984375 0.286530165625 0.556872359375 0.2863502421875 0.5567309015624999 0.2880791453125 0.5569696921875 0.29037216250000003 0.55597391875 0.2907358625 0.5564503375000001 0.2935143765625 0.5596670687499999 0.295568821875
1 0.45773968125 0.3428592015625 0.45876453906250003 0.35320870625 0.4579740296875 0.35929601718750004 0.4583774625 0.3664485734375 0.45948885625 0.3721661921875 0.460581771875 0.375250225 0.4632430796875 0.3813258671875 0.46595396874999995 0.37750244843749997 0.46880682343749996 0.376947909375 0.472487140625 0.375573234375 0.47255519843749993 0.3683077625 0.4691569453125 0.35844086875 0.4673231015625 0.3515450890625 0.46501378125 0.3447417328125 0.46369236562499994 0.3430207078125 0.45773968125 0.3428592015625
1 0.5324832109375001 0.2941110078125 0.53328291875 0.2969968234375 0.5339316609375 0.2986146609375 0.5348509031249999 0.300477665625 0.53483795 0.30082046562500003 0.539417840625 0.2985052984375 0.53949694375 0.2971925984375 0.5388392609375 0.29430044375 0.5376531250000001 0.2910643921875 0.5357092531250001 0.2881883046875 0.5321500390625 0.289858453125 0.531524134375 0.292043071875 0.5324832109375001 0.2941110078125
1 0.8291288515625 0.213820240625 0.8277545875 0.21551229843750003 0.8272533624999999 0.21850211718749998 0.8278747859375001 0.2216990640625 0.8283932953124999 0.22117292656249998 0.8323361453125001 0.220002428125 0.8338803499999999 0.21680987499999999 0.8351370859375 0.2153320734375 0.8334388078125 0.2129824703125 0.8325093734375001 0.212950459375 0.8319297609375 0.2107874921875 0.8315055046875001 0.20942376562499998 0.829610784375 0.20917530156250003 0.829031896875 0.210946696875 0.8291288515625 0.213820240625
1 0.898646671875 0.212706340625 0.8949698625 0.20746611874999998 0.891856075 0.207497153125 0.8919302 0.21696808124999997 0.8909891328124999 0.22129818281250002 0.8990106796875 0.21916472812499999 0.898646671875 0.212706340625
1 0.805686709375 0.2301378984375 0.8017333499999999 0.22871579375 0.7932783890625 0.2292746265625 0.7905329 0.22980829531250002 0.7874578156250001 0.226599134375 0.7868672265625001 0.225608021875 0.7851111125 0.22705528749999998 0.78375733125 0.230572375 0.7840755734375 0.234338678125 0.805686709375 0.2301378984375
1 0.8432391171875 0.21263001718750002 0.8423329859375001 0.212636009375 0.8411501781249999 0.2126107125 0.8404398359374999 0.2137058296875 0.8404573390625 0.21510608750000001 0.8407776171875 0.2164262234375 0.84127 0.217649103125 0.8413785578124999 0.21779814375 0.8408204015624999 0.2186935375 0.8390947765625001 0.21956065468750002 0.8385838265625001 0.22061701406249998 0.83766019375 0.2192227484375 0.8366526890625 0.2184615484375 0.8362232265625 0.21854502656250002 0.83564935625 0.218295028125 0.8386353640624999 0.22358445625 0.8412822375 0.2237717859375 0.8448442125 0.2235898296875 0.846314865625 0.223048753125 0.84711604375 0.2217658375 0.8468674984375 0.219176971875 0.8455964874999999 0.2169782609375 0.8447134734375 0.21644807031250002 0.84452308125 0.214485928125 0.8432391171875 0.21263001718750002
1 0.1890546703125 0.418204128125 0.1892468515625 0.420421134375 0.1889564046875 0.42171111093749997 0.1880876953125 0.423219828125 0.1880896421875 0.4256864875 0.1882396328125 0.4257211359375 0.1953490296875 0.426019346875 0.19568630468749998 0.42374195937500003 0.19502382499999998 0.421807778125 0.19363108281250002 0.4208662484375 0.193289725 0.417636128125 0.19201811875000002 0.4153524625 0.1891089 0.415535140625 0.1890546703125 0.418204128125