1 0.578567171875 0.45544697031250003 0.5750433875 0.4553596 0.5746591078125001 0.464178428125 0.5702433484375 0.47920707343749996 0.5723224250000001 0.4814540515625 0.5658093531249999 0.4902860484375 0.5642442453125 0.4970652734375 0.5697368515625 0.50189151875 0.57252131875 0.5000412187500001 0.5707430687499999 0.5067712359375001 0.5724295421875001 0.5107187671875 0.576814628125 0.49783730937500004 0.5843686953125 0.47532760781250005 0.5852720140625001 0.4744711234375 0.5849425765625 0.462631296875 0.5824681125 0.45598449375000005 0.578567171875 0.45544697031250003
1 0.559823134375 0.41570723750000005 0.5566282828125 0.41259752812499995 0.5521183703125 0.4151145109375 0.5458431187499999 0.4219439625 0.5405060390624999 0.434920303125 0.5386477578125 0.4463034640625 0.5341764359375001 0.47247791875 0.5278047921875 0.48993544375000003 0.52795314375 0.499433959375 0.5327024921875 0.49581040156249995 0.535397940625 0.5011527265625 0.5431651953125 0.49466772968750006 0.5486424859375 0.4675394625 0.5556117796875 0.4407556515625 0.556906309375 0.4351484265625 0.5597606421875 0.42278495781250003 0.559823134375 0.41570723750000005
1 0.4501058953125 0.6203998453125 0.44680590625 0.63469366875 0.4472190796875 0.6473516015625 0.44768367343750004 0.6524935609375 0.45463548906250006 0.6440533203125 0.4549945421875 0.606448584375 0.4604962921875 0.5826178828125 0.46386823125000004 0.56078861875 0.46629045312499995 0.528694903125 0.4546038078125 0.5360420218749999 0.450200284375 0.5551157765625 0.44422863437500004 0.5738274999999999 0.444626584375 0.5864819156250001 0.4299811765625 0.6283162296875 0.42833118125 0.63546314375 0.42241095 0.6466588921875001 0.42557765312500007 0.647389984375 0.4324476 0.6464586875 0.4475728265625 0.609769846875 0.4501058953125 0.6203998453125
1 0.0758282484375 0.27434094375 0.07627205468750001 0.27047373750000003 0.07905487343749999 0.2565446203125 0.0820194875 0.25127455468750004 0.08352115 0.24101932499999998 0.08474557656250001 0.24328683906249998 0.08413799375 0.24779398281249998 0.0862477390625 0.2462962234375 0.08853878125 0.2401929046875 0.08494555312499999 0.2367249640625 0.0858449359375 0.2309539 0.085031571875 0.22878128593749997 0.08744187656249999 0.2240367890625 0.086226209375 0.219786465625 0.081897375 0.22144965625 0.0787503046875 0.229315975 0.0746863296875 0.24691898124999997 0.0772609125 0.254799159375 0.0698036859375 0.262372353125 0.0696516796875 0.2649756359375 0.07046504375 0.26714824843749996 0.0683465390625 0.2706288203125 0.0758282484375 0.27434094375
1 0.130054096875 0.28194629375 0.13542003125 0.2760687640625 0.1368511109375 0.26681386093750004 0.138636028125 0.2519282015625 0.1368649015625 0.24938923906250002 0.1405037796875 0.24487997187500002 0.1413632625 0.24115714375000002 0.136892321875 0.2390599125 0.133515503125 0.2486159703125 0.13148049687500002 0.25027621718750004 0.1321587015625 0.257549146875 0.127735084375 0.267541278125 0.1288903109375 0.2706642078125 0.12767722343750001 0.28105867500000004 0.1258097046875 0.2891477859375 0.1261411953125 0.29278249375 0.128915284375 0.2920190359375 0.129939003125 0.2865429328125 0.12925549375 0.27929298281250003 0.13246807656249998 0.2714902 0.133956621875 0.2721969359375 0.13309737187499998 0.276960646875 0.1311366421875 0.27829916718750003 0.130054096875 0.28194629375
1 0.369741325 0.269386625 0.3703452125 0.26260333125 0.37059456874999996 0.2615232515625 0.3700783125 0.259661284375 0.367710209375 0.25998595468749996 0.3649942578125 0.2642483953125 0.3620497296875 0.2754049828125 0.3589042859375 0.28736236875 0.3618048078125 0.29466425625000003 0.3639710578125 0.289379309375 0.365535478125 0.284270090625 0.369741325 0.269386625
1 0.48518377187499995 0.3391966375 0.48667274687499995 0.3292047375 0.4867723875 0.325161253125 0.4862146046875 0.32125645468749997 0.4860983390625 0.3190511359375 0.4865211578125 0.3163167328125 0.48476410625 0.31496707968750004 0.4829828359375 0.314555840625 0.48143502343750005 0.3195236640625 0.4806253609375 0.32122475 0.47988466875 0.322627090625 0.47475772968749996 0.33490158281250004 0.4732546703125 0.340509075 0.474798359375 0.34556129062499996 0.4749743875 0.353759109375 0.47196317812500005 0.35964775625 0.4783441 0.35986223281249996 0.479649240625 0.354209046875 0.479679909375 0.350464309375 0.4831711515625 0.34437181875 0.48518377187499995 0.3391966375
1 0.5148701296875 0.3126469796875 0.51328910625 0.3194951453125 0.515213865625 0.3235218953125 0.5197355515625001 0.3245658078125 0.519658715625 0.316632940625 0.5182575671875 0.3062400609375 0.5148701296875 0.3126469796875
1 0.45577330624999995 0.28731225 0.454745428125 0.2900279890625 0.453207534375 0.2950223078125 0.45249915625000003 0.303161178125 0.45158246875 0.30754855000000003 0.45184935781249996 0.3072954953125 0.4539431875 0.3058666765625 0.4546734984375 0.30395362812500004 0.45488340625 0.3022108984375 0.457114021875 0.2997728328125 0.45765171406249994 0.29619355937499997 0.45791836718749995 0.293302075 0.4579137484375 0.29165505 0.457648925 0.288495634375 0.45577330624999995 0.28731225
1 0.38505858437499996 0.2711801125 0.385201596875 0.269518759375 0.38513354375 0.2675908296875 0.38491093906249996 0.2664017890625 0.3853725125 0.2644024921875 0.3857125203125 0.26181840625 0.38497135625 0.25954143749999997 0.382109378125 0.25992152343749997 0.38101160312500004 0.2619675859375 0.3811377921875 0.2657969484375 0.380596865625 0.2675842828125 0.377861540625 0.2722779453125 0.3781833453125 0.2769270390625 0.3760874625 0.2865609765625 0.3757207046875 0.29141418125 0.3754762 0.29518216875 0.3791849890625 0.29613523124999996 0.3799007703125 0.2957437609375 0.38010745468749996 0.29540419375 0.382355365625 0.2911547234375 0.383278971875 0.286042790625 0.3835820703125 0.2830629 0.3843195234375 0.278271071875 0.3846650640625 0.2751073375 0.38505858437499996 0.2711801125
1 0.4283936234375 0.289075715625 0.4270121171875 0.290475346875 0.4258587453125 0.2908868171875 0.42480826718750003 0.29543694062500003 0.42375363593750004 0.300421803125 0.4243575453125 0.301626259375 0.4251948953125 0.30181957656249997 0.4256643171875 0.30166169374999996 0.42622784999999996 0.29963752499999996 0.42692816875000006 0.2966041078125 0.4275436015625 0.293938378125 0.4291357171875 0.2939186625 0.42858395 0.2963086265625 0.42775769375 0.3029437609375 0.428677625 0.30354342968750003 0.4298143890625 0.3032733546875 0.4307659109375 0.299499159375 0.4321718546875 0.293409346875 0.43348760625000005 0.2877102015625 0.4343046453125 0.284171215625 0.43525501718750004 0.2815828125 0.43468409531249996 0.2806522296875 0.43399899062499997 0.2804940609375 0.4337122578125 0.2790965734375 0.43400936406249996 0.27780966875 0.4345611296875 0.2754197046875 0.4345929625 0.27528182343749996 0.43482640312500004 0.274270684375 0.43466654218749995 0.273435003125 0.43393714843750003 0.27312137812500004 0.4314758515625 0.2730856578125 0.431109078125 0.2731462140625 0.43100366562500003 0.275130915625 0.43129800781250005 0.2757313875 0.4315238375 0.275517265625 0.432786325 0.2769947921875 0.43074093593749996 0.2781443328125 0.4299633390625 0.2807484171875 0.4296332515625 0.283358996875 0.42922473281249995 0.2851284890625 0.4276909765625 0.2848954203125 0.4267228375 0.2856159140625 0.427887515625 0.2866835765625 0.42916891562500004 0.28724566875 0.4283936234375 0.289075715625
1 0.794835121875 0.4277742171875 0.7914546296875 0.4430418734375 0.79453483125 0.44484223125 0.7950653765625 0.44254418749999996 0.7949433421875 0.4398776390625 0.795540315625 0.4354164546875 0.7975192484375 0.42684475781250003 0.79939115 0.4193617921875 0.7990580484375001 0.41642866562499997 0.7994577984375 0.413446884375 0.8009989125000001 0.40545185312500004 0.8053877296874999 0.406029396875 0.80610304375 0.40355616406249994 0.8058439890625 0.4008579796875 0.8056479062499999 0.3979564875 0.8042147249999999 0.397843459375 0.8031838468749999 0.39980814374999996 0.8033021874999999 0.40179609374999997 0.80063581875 0.4013983609375 0.801405109375 0.3980661984375 0.801318371875 0.3964970359375 0.8013370500000001 0.3945407203125 0.8001363874999999 0.3940456765625 0.7983274406249999 0.394935134375 0.797105565625 0.3977271140625 0.7972186015625 0.3997380421875 0.7965572625 0.401352346875 0.7945042640625 0.40329890312499994 0.7939259703125 0.4058037703125 0.7931566796875 0.40913593125 0.7924766609375 0.41270655156249997 0.7916570890625 0.41757624375 0.789588884375 0.42590948281249996 0.7904047828125 0.42675139218749997 0.7875875984375 0.44214909843749994 0.7885758140625 0.444120025 0.790480259375 0.442816921875 0.7910108046875 0.4405188796875 0.7905759765625 0.4386515046875 0.79326491875 0.42762955468749997 0.794835121875 0.4277742171875
1 0.4746103046875 0.3263714921875 0.47555997968749997 0.3222579953125 0.47482619687499994 0.3197406765625 0.47356694062500004 0.3184575375 0.47414616093750006 0.316921096875 0.4748280203125 0.3120922265625 0.47322759843749995 0.311383865625 0.47046873749999996 0.3137483875 0.4698807578125 0.3172676421875 0.4693015375 0.3188040828125 0.4673350390625 0.319681371875 0.466033353125 0.3233747265625 0.464459471875 0.3273441125 0.462236475 0.3321802625 0.46120814374999997 0.3376068890625 0.46128935625 0.3429508015625 0.4627590078125 0.3509631734375 0.462541484375 0.35190536875 0.462660746875 0.35326419375 0.4617403609375 0.3553754140625 0.46079944531250006 0.3575061 0.4640252 0.35791195 0.46589526093750006 0.351687234375 0.47248649374999996 0.32987504375 0.474046309375 0.32791145 0.4746103046875 0.3263714921875
1 0.3644109015625 0.190578059375 0.365538928125 0.2002785453125 0.364597784375 0.2029659 0.3752041921875 0.20008941875000003 0.3736933078125 0.211843246875 0.364784665625 0.21535374062499998 0.3721824234375 0.22359707499999998 0.3649715484375 0.22774158125000002 0.365719075 0.27729294375 0.360533571875 0.2983646390625 0.3559662109375 0.29731018124999997 0.3498072171875 0.3031498515625 0.3466239484375 0.31693810624999996 0.34959967187499996 0.3248866921875 0.35873439218750003 0.3269956078125 0.36542393125 0.3188578953125 0.3675461109375 0.309665725 0.363578478125 0.2990676109375 0.3659059578125 0.289680784375 0.370169971875 0.2878816015625 0.38014082656250003 0.26900392968750003 0.3847081859375 0.2700583890625 0.38410845937500004 0.2796020453125 0.390198271875 0.2810079890625 0.3968878125 0.2728702765625 0.3990099921875 0.26367810625 0.3965648125 0.2534314765625 0.433518778125 0.21839345937500002 0.43822450156250004 0.2049566890625 0.43531795781250004 0.189762490625 0.47421300312500003 0.1949384296875 0.47589365 0.20155065625000002 0.47271038125000003 0.2153389109375 0.47919237499999995 0.22893804062499998 0.486343278125 0.2257478984375 0.48415191718750006 0.24218568281250002 0.4871276421875 0.25013426875 0.49116445625000005 0.2534867703125 0.4962623609375 0.2522431859375 0.5029519 0.24410547343750003 0.5161234343750001 0.249566890625 0.52022943125 0.24567377656249997 0.5249351546875001 0.23223700625000002 0.718955621875 0.2600864625 0.721931346875 0.268035046875 0.731066065625 0.2701439625 0.7377556046875 0.2620062515625 0.9079936406250001 0.330355140625 0.9726841125 0.36271791875 0.973712946875 0.37215345312500003 0.970529678125 0.3859417078125 0.973505403125 0.39389029375 0.982640121875 0.395999209375 0.9893296609375 0.3878614984375 0.991451840625 0.378669328125 0.9890066609374999 0.3684227 0.9008058109375 0.3267592765625 0.742673546875 0.24765026406250001 0.739877784375 0.25281408125 0.7374326046874999 0.242567453125 0.735485715625 0.2440544 0.7282978859375 0.2404585359375 0.7221388906249999 0.24629820625 0.720602721875 0.239060175 0.48205264531249997 0.1957109859375 0.4109488234375 0.1851738 0.38660933750000004 0.17747985156249999 0.3819629140625 0.1847060921875 0.37951773437499997 0.174459465625 0.3703830140625 0.1723505484375 0.3642240203125 0.17819021875000002 0.3617980828125 0.17480619687500001 0.2759487640625 0.199362678125 0.2734536453125 0.20322426875000002 0.086138646875 0.153276190625 0.082616446875 0.161586559375 0.08017126718749999 0.1513399296875 0.0710365484375 0.1492310140625 0.0636781 0.174157996875 0.073804728125 0.178916440625 0.0804942671875 0.17077872968750002 0.10879179531250001 0.1593439578125 0.2673638328125 0.201818325 0.2605359296875 0.2244472640625 0.2640422 0.2300978078125 0.26967065 0.22655617968750003 0.2739150078125 0.208171840625 0.3644109015625 0.190578059375