1 0.525781071875 0.8897192140625 0.515091990625 0.8893821015625001 0.5089345875 0.9017419859375 0.5045856859375 0.9191844781249999 0.512013090625 0.9326034609375 0.5201515421875 0.9184337828125001 0.525781071875 0.8897192140625
1 0.5878633359375 0.9104360046875 0.58458189375 0.913134059375 0.5835171031249999 0.918567265625 0.5832030265625 0.923314653125 0.578882815625 0.9266267046875001 0.5769591593750001 0.9331795046875 0.577053925 0.9397748109374999 0.5784613578125 0.9423324484375 0.5952669328125 0.9473955406250001 0.5964257171875 0.9380330640625001 0.5930065546875001 0.9319183796875 0.5891968734375 0.9261428234375 0.59140189375 0.923176384375 0.5937009078125 0.916280675 0.5922599875000001 0.9115322125 0.5878633359375 0.9104360046875
1 0.5668658640625 0.8445521656249999 0.5673514265625 0.8498384218749999 0.5679671625 0.8505981859375 0.56955725 0.8506793921875 0.5708584203125 0.8470753546875001 0.5721391828125 0.8419384953125 0.573953853125 0.8387292328125 0.5731600171875 0.8377795656249999 0.5751991578125 0.831667803125 0.574555040625 0.8373513921875 0.5728850078125001 0.8450829171875001 0.5711488625000001 0.8520462156249999 0.5733320281250001 0.8525905390625 0.57648726875 0.847169296875 0.578563646875 0.83677461875 0.582620740625 0.825734046875 0.5831672 0.8235423203125001 0.5854786796875 0.8194384390625 0.5873356671875001 0.8140572531249999 0.586153453125 0.81259850625 0.58682164375 0.8088851484375 0.5884360562500001 0.8034434796875001 0.5878455609375 0.8005802843750001 0.5852376687499999 0.8007060546875 0.5845911109374999 0.8016845874999999 0.5835484531249999 0.8026371093750001 0.5818025359375001 0.804020534375 0.5796489140625 0.8061995453125 0.5780301437500001 0.8070084265625 0.5763786343749999 0.809627875 0.5760461203125 0.8125761875 0.5757997390625 0.819183434375 0.5722159640625 0.8319424984375001 0.5685652718750001 0.8401259281250001 0.5668658640625 0.8445521656249999
1 0.5934013375 0.8373943531249999 0.5935431999999999 0.8383754625 0.592325496875 0.8417093156250001 0.5908652203125 0.8449826874999999 0.589708215625 0.848137675 0.588095996875 0.8525371515625 0.5861912765625 0.8591431734375 0.58541843125 0.864309671875 0.58451408125 0.8654179281250001 0.5858078359375 0.867850225 0.5888251828125 0.8674385453125 0.5901943828125 0.8645304625 0.5906185296875 0.8592770218749999 0.5911540484375 0.855579084375 0.5920888859375 0.8538964375000001 0.5931653078125 0.8541648203125 0.592619875 0.85938801875 0.591108646875 0.8618969453125 0.590876734375 0.8643125953125 0.5913767640625001 0.8654072562499999 0.592877634375 0.8659754625 0.5956824515625 0.866480784375 0.5958387828125 0.8632702968749999 0.5968141890625 0.8589060453125 0.598263971875 0.852574590625 0.5991534390625 0.850492634375 0.6005835046875 0.8468237359374999 0.6009721921875 0.8396457265624999 0.6011634 0.833776465625 0.6010826828125 0.8310646187499999 0.6010016859375 0.82932269375 0.60067625625 0.8273985749999999 0.600825590625 0.8221493671875001 0.5998557953125 0.8201615875 0.5973845734375 0.81954544375 0.597111678125 0.8194774031250001 0.595535584375 0.8234736390625 0.5951257390625 0.8251174359375 0.5946077421875 0.8271950109375 0.5938811015625001 0.8298510562500001 0.5940485078125 0.8342819968749999 0.5934013375 0.8373943531249999
1 0.255333 0.686563184375 0.250699546875 0.691712865625 0.247864821875 0.6963652796875001 0.24648445937500002 0.6985430890625001 0.2443641015625 0.7036888609374999 0.24517520468749998 0.71051126875 0.243499565625 0.711354471875 0.250052671875 0.7136188375 0.2546106796875 0.7138095375 0.25719777499999996 0.7135088328125 0.257988309375 0.70614001875 0.2537512078125 0.7038226046875 0.254639203125 0.700261046875 0.2555271984375 0.6966994921875 0.25570082968749996 0.692644578125 0.2562686421875 0.6886879453125 0.255333 0.686563184375
1 0.019274657812500002 0.633599915625 0.018280821875 0.6229247375 0.019208440625 0.6199793046875001 0.018430378125 0.61689959375 0.016539959375 0.6198959703125 0.016643446875000002 0.62251649375 0.012761929687500001 0.6227127109375 0.009377248437500001 0.6285374906250001 0.00591065 0.642441259375 0.0051808390624999996 0.65615439375 0.0055274015625 0.6570895421875 0.007809028125000001 0.6579494125 0.009146492187499999 0.6533601828125 0.0136248953125 0.64695935625 0.015177415625 0.6392470328125001 0.017573334375 0.638098421875 0.017532375 0.642137915625 0.0198369953125 0.6421305265624999 0.019274657812500002 0.633599915625
1 0.6591281734375001 0.8712659515625001 0.661969703125 0.8627110265625 0.6627582109375 0.8558024515625 0.661303990625 0.8511719203125001 0.657150525 0.8480023703124999 0.654335571875 0.8497982437499999 0.654000809375 0.85398273125 0.6511855718749999 0.86998888125 0.6591281734375001 0.8712659515625001
1 0.25677849375 0.64892425625 0.254135725 0.6517088015625 0.2503026875 0.6546815734375 0.2517956171875 0.6565087875 0.253853775 0.6567794453125 0.2536767578125 0.65942703125 0.25668233125 0.6604189015624999 0.2618790671875 0.6605021078125 0.2635619234375 0.6609216906250001 0.2636353421875 0.6560415500000001 0.26491096875000003 0.6489876812500001 0.263954640625 0.64630001875 0.26364306718749997 0.6423181265625 0.261875215625 0.6408831140625 0.260243034375 0.6421978953124999 0.258145778125 0.6460884421875 0.25677849375 0.64892425625
1 0.149913415625 0.71442878125 0.147341671875 0.7206744984375 0.14519962656250002 0.7287490828125 0.15683256875 0.7289820296875 0.1583337171875 0.7285803171875 0.161516146875 0.714266203125 0.1614608375 0.7088689718750001 0.16094473125 0.704351090625 0.159059425 0.7027412921875 0.1554874546875 0.7073796390625 0.1526928546875 0.7109023203125 0.149913415625 0.71442878125
1 0.23705431250000003 0.64361846875 0.2341115703125 0.6548398796875 0.24436809375 0.656718125 0.245301628125 0.6529739250000001 0.24152290625 0.6515952890625 0.244172090625 0.6462661203125 0.242741721875 0.6443817578125 0.2437834078125 0.640203778125 0.24218710468750002 0.6353680734375 0.2399132765625 0.6403543328125 0.23705431250000003 0.64361846875
1 0.6014906359375 0.7765316859375 0.6012487546874999 0.78066658125 0.5981624875 0.7834860499999999 0.5941812234375 0.8010687031250001 0.5914641703125 0.8183603171874999 0.593513996875 0.821247871875 0.5959991625 0.8128950906249999 0.59684161875 0.8095161781250001 0.5952089046875 0.819293984375 0.599886203125 0.8132579968750001 0.6022769609374999 0.8036691921875001 0.605088946875 0.79239093125 0.608559403125 0.7848658046875 0.607800834375 0.779899475 0.6082220625 0.7782100187500001 0.607484346875 0.7732246390624999 0.6049559234374999 0.7738067187500001 0.6014906359375 0.7765316859375
1 0.633577371875 0.9541101875000001 0.6337186531250001 0.9505079515625001 0.6323323515625 0.9469613421874999 0.63000940625 0.9447816859374999 0.6275086421875 0.94144220625 0.6261711531249999 0.9395082499999999 0.6239924328125 0.9366855578125 0.6235632921875001 0.932916853125 0.6229354234375 0.9282013578124999 0.623902778125 0.925484078125 0.6261251515625 0.9214792296875001 0.6255595640625 0.9176765015624999 0.623617334375 0.9162950109375 0.6215800312499999 0.9160052999999999 0.6204324390625 0.919380884375 0.6191746124999999 0.9238444703124999 0.6183026671875 0.9243060625 0.6154111875 0.9286048296875 0.614451609375 0.9306450546875 0.613566721875 0.936583859375 0.6149452484375 0.9408075218749999 0.61497354375 0.941275321875 0.6148322625 0.94487755625 0.6144795078125 0.94571109375 0.6143713546875 0.9461448734375001 0.6139056140625 0.9510484453125001 0.6151018203125 0.9565846359375 0.6218312203125 0.958723209375 0.6255873953125 0.95941723125 0.6291162124999999 0.9598605687499999 0.6326383125 0.9572952656249999 0.633577371875 0.9541101875000001
1 0 0.623340184375 0.2951332390625 0.71794514375 0.5821601109375 0.8260314453125 0.5777020859374999 0.8406822609375 0.5780797171875001 0.8456263609375 0.5871762390625 0.8478943781250001 0.59134686875 0.8440842875 0.5929615359375 0.8311495171875001 0.6144713687500001 0.8353000343750001 0.6199664890625 0.8390950937499999 0.6241371203125 0.8352850015625 0.625844803125 0.8284358562499999 0.6209189109375 0.822357746875 0.61674828125 0.8261678375000001 0.6123437171874999 0.8196134671875 0.6037685234375 0.8168691875 0.594576203125 0.8182147453124999 0.5951933296874999 0.814124909375 0.30260720937499996 0.720340928125 0 0.6176528140624999 0 0.623340184375