1 0.8359207671875 0.5867649890625 0.8245138203125 0.5942391437500001 0.8195145359374999 0.5975539671875 0.8166669375 0.6002109578125 0.816771709375 0.6081958937499999 0.8187634921875 0.6147107203125 0.8251187859375 0.625664578125 0.8337151374999999 0.63416866875 0.8337939390625 0.6354952625 0.830504640625 0.6378298015625 0.8273283125 0.6405872921875 0.8297297312499999 0.6407463 0.8338987109374999 0.6434802000000001 0.837777503125 0.648524915625 0.8415283812500001 0.6531512453125 0.8378266140624999 0.6476167046875 0.8364070109374999 0.6440422359375 0.8363513484375 0.6351490875 0.83853483125 0.6291441468750001 0.8450028296875001 0.6284955796875 0.8479614859375 0.6315995125 0.8475899296874999 0.6303842093750001 0.8478162593749999 0.6267422328125 0.8446950609374999 0.6143421250000001 0.8464833890625 0.6049069984375001 0.845621021875 0.6042774546875 0.842468028125 0.5972244515625 0.8424296796874999 0.5927702 0.8408882546875001 0.5887972703125001 0.8359207671875 0.5867649890625
1 0.3462162125 0.7943007375 0.3496028515625 0.8053779343749999 0.360123040625 0.8142959718749999 0.371039615625 0.830870153125 0.3751087546875 0.8356823906249999 0.3773741703125 0.836732603125 0.388732628125 0.79949284375 0.3757732484375 0.782650015625 0.3594542203125 0.778119090625 0.347575121875 0.7817508953125001 0.3462162125 0.7943007375
1 0.3219707859375 0.8245006734375 0.3193410296875 0.8327334390625 0.32057541875 0.8409394359375 0.32179476406249996 0.8519821125 0.32424250625 0.86837875 0.3386275265625 0.8642858015625 0.3567942796875 0.8535903499999999 0.3543262578125 0.841883740625 0.3471581953125 0.8220721390625 0.34576216249999997 0.8378139765625001 0.34160804843750003 0.8242264796875001 0.33771698125 0.818553746875 0.32713186875 0.8189360734375001 0.3219707859375 0.8245006734375
1 0.151352490625 0.4908908046875 0.1597140609375 0.491732915625 0.16604281875 0.4924993890625 0.170633434375 0.4843206859375 0.1704859359375 0.47218782968750006 0.18804108749999998 0.4715698640625 0.20259568125 0.48267474374999997 0.216138290625 0.4954397015625 0.22368555156249997 0.4985350125 0.22371802500000001 0.4870442609375 0.2240541875 0.48151695937500005 0.21275700625 0.4694161890625 0.20268717500000002 0.46304005000000004 0.1844532828125 0.44155743750000004 0.16878344375 0.43011817812500003 0.16392103593750001 0.42415421249999996 0.1600115890625 0.4246741078125 0.156391471875 0.424430203125 0.144890525 0.4117163890625 0.13422175 0.4149781609375 0.1246418359375 0.4300849859375 0.12587803749999998 0.43578512500000005 0.1226711203125 0.46179682343749995 0.126308934375 0.46541203124999997 0.1310619921875 0.469361615625 0.1331272828125 0.4545262140625 0.143400715625 0.4466579125 0.13977466562500002 0.46467185625 0.149697159375 0.4771929109375 0.1525002078125 0.47973443125 0.151352490625 0.4908908046875
1 1 0.6247219 0.9848129296874999 0.57403088125 0.9849536953125 0.57176575 0.9317741249999999 0.566914475 0.87213404375 0.581815134375 0.8529758125000001 0.6254480078125 0.8505314203125 0.7129006078125 0.8755893859375 0.7730570875 0.87748236875 0.784699865625 0.8970834015625 0.8242819609375 0.9147914500000001 0.8522212781249999 0.92716915625 0.8517701765625001 0.9461136937499999 0.883753865625 1 0.8667808875 1 0.6247219
1 0.7696660484375 0.7614131203125 0.7188137015625 0.791055296875 0.6831897796875 0.8301585156250001 0.673396821875 0.8731066625 0.6694715890625 0.9236503062500001 0.6712730734375 0.9583480625 0.935601684375 0.877534696875 0.9008414015625 0.8388184015625001 0.8645378593749999 0.8123161765625 0.8179088359375 0.7866179609375 0.7696660484375 0.7614131203125
1 0.6563077671875 0.7395593015624999 0.644246425 0.7352734234375 0.6339787078125 0.74080895625 0.6218203453125 0.7596668859375 0.6172042046875 0.77780925 0.6150793390625 0.7904189859375 0.6128373171875 0.8006681625000001 0.6150905343749999 0.811939384375 0.6157872828125 0.8220743593750001 0.6259073671875 0.8277597921875 0.6381879890625 0.8327628984375 0.649182428125 0.8413616609375 0.6603961468749999 0.8506776515625001 0.6716098640625 0.859993640625 0.6750381984375 0.865328571875 0.6800057140625 0.8502594265625 0.681896359375 0.8369370296875 0.6835161265624999 0.8324551171874999 0.6914701765625 0.8252305671875 0.6966958828125 0.8188619390625 0.7035413578124999 0.8080114 0.69661019375 0.7814393015625 0.687857775 0.7625913625 0.668407934375 0.7478200078125 0.6563077671875 0.7395593015624999
1 0.3192484125 0.783156753125 0.3166084046875 0.7757508468750001 0.3161742375 0.7671694875 0.3142005390625 0.759538084375 0.3085076484375 0.7516059281249999 0.30318449531249997 0.7508152171875 0.2929649421875 0.7529810968749999 0.2877981515625 0.75745818125 0.2850454328125 0.7650749828125 0.2870737609375 0.771709346875 0.290649034375 0.7822278109374999 0.29134379374999997 0.7868517265625 0.2976904375 0.7921658500000001 0.2872289421875 0.8007016359374999 0.293926671875 0.8107447453125 0.2986717375 0.81317180625 0.312220915625 0.8254772671874999 0.316784878125 0.8202041484375 0.3262836078125 0.8061678359375 0.33184355781249997 0.8030301625 0.3378391125 0.8036153 0.3384172 0.80197895 0.334072821875 0.7960526734375 0.3286665875 0.7914095875 0.323866890625 0.789979565625 0.3192484125 0.783156753125
1 0.5101277421875 0.767737803125 0.5046543906250001 0.7759685328125 0.5173443328125 0.7933730125 0.5267404265625 0.8019811640625001 0.530785971875 0.8011582359375 0.5337537796875 0.795741340625 0.5360571875 0.785211971875 0.5312976796875 0.7686289171875 0.524942190625 0.759919 0.5215557296875 0.75685871875 0.5101277421875 0.767737803125
1 0.29539958906249997 0.746354734375 0.2961515625 0.74192028125 0.29670253125 0.73682836875 0.29233549999999997 0.731148653125 0.2888425421875 0.7266177515625001 0.2839184515625 0.7260100265625 0.280477534375 0.7319637 0.28121482656249996 0.7429794750000001 0.2826736421875 0.7460408953125001 0.2880213375 0.7549282140625 0.29842048593750004 0.751051746875 0.29677008125 0.7508374124999999 0.2957071859375 0.7490709890625 0.29539958906249997 0.746354734375
1 0.569398009375 0.9076254468749999 0.579315025 0.95160606875 0.586837134375 0.970438015625 0.590126315625 0.98119644375 0.6723236984375001 0.9560661828124999 0.671249803125 0.8718024 0.6666510406249999 0.856760521875 0.6222170218749999 0.8209799999999999 0.5887325437500001 0.8382756515625 0.5769254578125 0.8630389140625001 0.569398009375 0.9076254468749999
1 0.3636404015625 1 0.36170502031249996 0.9850879062500001 0.3455705828125 0.9512865343750001 0.31911011718750004 0.8457662578124999 0.250559096875 0.7608699031249999 0.188692209375 0.735887240625 0.11360582500000001 0.7562727921875 0.066245484375 0.7914047140625 0.13001946250000002 1 0.3636404015625 1
1 0.56886686875 0.836092590625 0.563483809375 0.803361240625 0.5743796999999999 0.7806411640625 0.5972878828125 0.784225059375 0.6088648703125 0.7983098828124999 0.612618078125 0.7760089390625 0.593095071875 0.7467291953124999 0.56762178125 0.7368928984374999 0.5535800562500001 0.7385280828125 0.545563171875 0.7577319453125 0.542465728125 0.7692447718750001 0.539966934375 0.7761957390625 0.5378331890625 0.8059313937500001 0.5470096046874999 0.8251507640625 0.5584271875 0.8322476875 0.56886686875 0.836092590625