1 0.5087949296875001 0.695092753125 0.507876521875 0.689503946875 0.5032619578124999 0.6798898859375 0.5005450031249999 0.6749883703124999 0.49700993281250005 0.668610934375 0.49468086875 0.6670197515625 0.49098705000000004 0.6642556546875 0.4909245765625 0.6671724875 0.49052056874999994 0.6664436390625 0.49195415000000003 0.6707702640625001 0.494240878125 0.6775061890625 0.49713426250000003 0.6835961796875 0.4997199140625 0.68826081875 0.5022604375 0.69197385625 0.505346371875 0.6966708421875001 0.507191271875 0.695648196875 0.5051510312499999 0.6919675046875 0.507287546875 0.6949516953125 0.5087949296875001 0.695092753125
1 0.5500920921875 0.6555036296875 0.552213134375 0.6593300906249999 0.556265284375 0.66032345 0.5594659015625 0.66464720625 0.560592365625 0.6669050046875 0.562848453125 0.664916015625 0.559130434375 0.6567582203125 0.55945135 0.6544365453125 0.557786028125 0.650690953125 0.553172396875 0.6496515296875 0.5524855828125 0.648412484375 0.552265284375 0.6438897234375001 0.5491162468749999 0.6433009140625 0.5483751875 0.6480230890625001 0.5500920921875 0.6555036296875
1 0.576377703125 0.618161475 0.5734776390625 0.6169582625000001 0.5706078421874999 0.6169054453125 0.5693647578125 0.6202385046875001 0.570720475 0.6255849062500001 0.5696485453125 0.6276797375000001 0.5723689515625 0.6363905187500001 0.5731282078125 0.6391138796875 0.576700228125 0.641754934375 0.5779918921875 0.6431827421875 0.5809584796875 0.6451827765625 0.583093253125 0.646810196875 0.5849819890625 0.6502175703125 0.58640190625 0.6545517703125 0.5893715453125 0.6538822890625 0.5884680453125 0.6464510875 0.5874402609375 0.6425664796875 0.5856020578125001 0.63815448125 0.5861630890625 0.6333653609375001 0.5841014859375 0.628743715625 0.5832964875 0.62571223125 0.579310359375 0.62232410625 0.5784013421875 0.6206841953125 0.576377703125 0.618161475
1 0.5721294671875 0.637666621875 0.5703234187499999 0.630830990625 0.5699015984375 0.6296832578125 0.56475154375 0.6251299968749999 0.561874696875 0.62238944375 0.5605793046875001 0.6264660937500001 0.5614436609375 0.6314417234375 0.561159515625 0.6360535453125 0.5655205609375 0.6393767687499999 0.568490003125 0.6452816796875 0.5738612468750001 0.6444005015625 0.573989096875 0.6408281109375 0.5721294671875 0.637666621875
1 0.9911001578124999 0.387895946875 0.9850394250000001 0.3776066765625 0.9819141859375 0.3759327828125 0.9775567234375 0.372035896875 0.9762934874999999 0.37368891406250004 0.9785660328124999 0.37778869375 0.9800816765624999 0.3798784046875 0.9825752968750001 0.3823788078125 0.987948603125 0.392072509375 0.9928926859375 0.38980835625 0.9911001578124999 0.387895946875
1 0.9577551390625001 0.3911346703125 0.9591477578125 0.39438829062499997 0.9588589484375 0.39592993125 0.959783375 0.3989190359375 0.9624036031250001 0.3996818671875 0.96442125625 0.4037085578125 0.9665240031250001 0.40337668281249994 0.968890015625 0.40123148437499995 0.9681146890625 0.39944600625 0.9657690531249999 0.3956011203125 0.96348811875 0.39393561875 0.9618322015625 0.3935910546875 0.9608322812500001 0.3917871515625 0.9590902546875 0.389965846875 0.9577551390625001 0.3911346703125
1 0.9167056625000001 0.4134123703125 0.9135744703125 0.4121467140625 0.912462753125 0.41352518437499997 0.912450215625 0.415533003125 0.9145350375 0.4186173078125 0.9155955578125001 0.4205305375 0.9157945609375 0.42192088125 0.912412040625 0.4205563375 0.9120145187500001 0.42151510625000005 0.9133489234375001 0.42427695468750004 0.9155573828125 0.42555387343750006 0.9179886109375 0.4282317796875 0.9196105640625 0.4318346734375 0.9197472234375 0.43175892187500003 0.9217561156249999 0.430645375 0.9238036656249999 0.4282479453125 0.9247657031250001 0.42521359218750004 0.9249148999999999 0.42313002187500004 0.9236814984375 0.4205503859375 0.9218349031249999 0.4185726640625 0.9182397140624999 0.41582535312499996 0.9167056625000001 0.4134123703125
1 0.927304684375 0.40082003281249995 0.9250884140625001 0.4024296484375 0.9255475859375 0.40631978281250003 0.9253608921875 0.41059174687500005 0.9293701234375 0.41627759375 0.93473521875 0.4223790453125 0.9370085390625 0.4203566875 0.9389491015625 0.41928101562500003 0.9395106156249999 0.41823134843750004 0.93926 0.41420178906249994 0.9365430453125001 0.40930027343750003 0.9340250937500001 0.4057891015625 0.9323561249999999 0.40480863749999996 0.9290877578125001 0.4009750125 0.927304684375 0.40082003281249995
1 0.4805035375 0.6687090265625 0.4781934125 0.6695369703125 0.478447015625 0.6730884781250001 0.4800552859375 0.6772468140625 0.47953825468750005 0.680987290625 0.4849105296875 0.6853935515625 0.48861970781249997 0.691150440625 0.49144308593749997 0.6937300750000001 0.495748175 0.7005620171875 0.49564476874999996 0.7013101109375001 0.500038696875 0.6977311640625 0.4975267 0.6938117546875 0.492873459375 0.686029440625 0.49349149375 0.6824711765625 0.489254153125 0.675149103125 0.487237065625 0.6721225343749999 0.48377606718750005 0.6724212453125 0.4805035375 0.6687090265625
1 0.4821590640625 0.6822023781250001 0.4791490734375 0.6811553765625 0.47926017656250003 0.6813558109375 0.47736901875 0.6794266109375 0.4772768734375 0.681097440625 0.4790859875 0.6847156890625 0.47916309375 0.689270184375 0.4835466125 0.6960824703124999 0.48982132343749996 0.703728225 0.4891584046875 0.698116896875 0.48623705937499995 0.6932333984375 0.48472687031249995 0.6875438640625 0.4821590640625 0.6822023781250001
1 0.458599896875 0.7049323078125 0.4584698203125 0.703408478125 0.457924409375 0.7024245312499999 0.45710629375 0.7009486093749999 0.456156875 0.6992358140625 0.4544593953125 0.697913853125 0.453463621875 0.6965364093749999 0.45023628593750004 0.6915843265625 0.4441199171875 0.694021890625 0.4469331453125 0.6982269015625 0.4453887328125 0.7045615546875 0.452118565625 0.7123837890625 0.46091240468750005 0.723897359375 0.46088216875 0.7216512296875 0.462359315625 0.7195461609375 0.462825796875 0.717358175 0.46267435937499996 0.7148933937499999 0.461119509375 0.712539578125 0.4597559828125 0.710079709375 0.4587614359375 0.7074153125 0.45858500468749996 0.7062268359375 0.458599896875 0.7049323078125
1 0.6329783671875 0.5890024640625 0.6267291171875 0.584367721875 0.6230495453125 0.5820483046875 0.6203627296875001 0.582680115625 0.6228954921875001 0.5876360890625001 0.6239279375 0.594590875 0.6319148890624999 0.606646990625 0.6395897703125 0.60325025 0.6329783671875 0.5890024640625
1 0.533422078125 0.6430917015625 0.53258845625 0.6435537859375 0.532085753125 0.6449996125 0.5331866749999999 0.6469857265625001 0.5330256203125 0.6482421765625 0.5334925359375 0.6514372421875 0.534681971875 0.6539697906249999 0.534269703125 0.651292290625 0.5350455796875 0.65462575625 0.535865534375 0.6541712468750001 0.5370479687499999 0.652372459375 0.5368133578125 0.6495964812499999 0.5368959984375 0.647811821875 0.5350179093749999 0.6459706578125 0.5342805953124999 0.64464050625 0.533422078125 0.6430917015625
1 1 0.373914121875 0.9955344437500001 0.36585804375 0.9887014765625001 0.36964561875 0.9876317562500001 0.3773845375 0.9814451796875 0.37307235156249996 0.9524199984375 0.3867792859375 0.9470502312500001 0.38796930625 0.8213236484375 0.4576606890625 0.8202539281250001 0.4653996078125 0.8140598890625 0.462282553125 0.8134209609375 0.46918718281249994 0.8067961312499999 0.4669044171875 0.69526684375 0.5317697625 0.6945273453125 0.535090990625 0.6883381453124999 0.5357427328125001 0.6875160921875 0.5401683859374999 0.6814094484375001 0.5397157078125 0.6805048390625 0.5452457796875 0.6757516125 0.5431165625000001 0.667552053125 0.5476616515625 0.6664823328125 0.5554005703125 0.66082799375 0.5521828546875 0.6272077 0.574788865625 0.6261379812500001 0.5825277843750001 0.62036620625 0.57994230625 0.620315034375 0.588137484375 0.6135247109375 0.58509574375 0.606683215625 0.59024918125 0.606292528125 0.5982922734375 0.5998417203125 0.5954026203125 0.59815266875 0.593276321875 0.593000225 0.6005560578125 0.5872199218749999 0.5993364421875 0.584783609375 0.6078328749999999 0.5513319234375 0.621611471875 0.5519853703125001 0.6260132359374999 0.5440434265625 0.6256515515625 0.545152403125 0.6298008109375 0.5367549281249999 0.6296916328125 0.5383194375 0.6335883859375 0.5314864703125 0.6373759609375 0.5294664296875 0.6337317125 0.40085092187500004 0.7260196703124999 0.51121835625 0.649526909375 0.5167508187500001 0.6526900296875 0.5288710578125 0.6745555234375 0.532673965625 0.665301575 0.54449733125 0.6801856640625 0.5526968921875001 0.6756405734375 0.5491327828125 0.64665035 0.5518659703125001 0.6451353203125 0.555252603125 0.6480220546875 0.5634521640625 0.6434769640625 0.5614918234374999 0.6302716734375 0.5588183359375 0.6222256609375 0.57248426875 0.6146505109375 0.578247515625 0.618601853125 0.5933978171875001 0.6459337203125 0.6005276562499999 0.6491275484375 0.622749721875 0.6344276671875 0.621502528125 0.6160630968749999 0.6297020890625 0.6115180078125 0.630415234375 0.606358728125 0.625365134375 0.59724810625 0.6340697046875 0.593614078125 0.642001428125 0.604700371875 0.6525776015625 0.601219890625 0.6526373015625 0.5916588484374999 0.6435471203125 0.5752597296874999 0.6720374437500001 0.5654222546875001 0.677592553125 0.5754439375 0.68472239375 0.578637765625 0.692921953125 0.5740926749999999 0.69500169375 0.5681758828125 0.7021315328125 0.5713697109375 0.7103310921875 0.5668246203125 0.7110442390625 0.5616653406250001 0.708727325 0.5510396890625 0.7026672046875 0.5401069421875 0.78533991875 0.4801211171875 0.7911988953125 0.4838870625 0.797259015625 0.4948198078125 0.815618475 0.49893491875 0.8238180359375 0.4943898296875 0.8238777359375 0.48482878749999997 0.82732406875 0.478154478125 0.8378405421874999 0.48423504062499995 0.8460401015624999 0.47968995000000003 0.8460998015625 0.4701289078125 0.93671123125 0.40799223281249997 0.9427713515624999 0.4189249796875 0.959170471875 0.4098347984375 0.9598836171875 0.4046755203125 0.9551900906249999 0.39298525781250004 0.9936918765625 0.388317284375 1 0.391143021875 1 0.373914121875