1 0.5313495921875 1 0.5384867109375 0.9651403937499999 0.49940455625 0.936043665625 0.48141123906249994 0.91028564375 0.4984721171875 0.8520469125 0.506879046875 0.749615909375 0.48201534687500003 0.7057299984375 0.44182254218750006 0.713559375 0.41454165 0.7388234328125 0.388982190625 0.8506333734375 0.3802606953125 0.8831824375 0.388278425 0.8969680062500001 0.35650055625 0.9117275984375001 0.3373965921875 0.9228956828125 0.32709068281250003 0.9503704515625 0.32476580625 0.95904700625 0.48434641718749993 1 0.5313495921875 1
1 0.8772157093749999 1 0.8855053249999999 0.9876324890625 0.9667378828125001 0.6790351218749999 0.9704210921875 0.67072253125 0.8979917484375 0.651315146875 0.860031503125 0.710941384375 0.7603460375 0.7330659796875 0.6975889734375 0.781398175 0.6706560890625 0.8928401078125001 0.6506859046875 0.9619365171875 0.6353050125 0.9810639765625 0.6384372328125 0.9912284453125 0.648801353125 0.996317534375 0.648841571875 1 0.8772157093749999 1
1 0.031635173437500004 0.850266659375 0.030702071874999997 0.8756031140625 0.24743585937499998 0.9360144781249999 0.247188175 0.898724409375 0.220162053125 0.8519213593750001 0.20585194687500002 0.817850746875 0.1759650515625 0.7982053546875 0.09049803906250001 0.8055407671875001 0.075288271875 0.8131025468749999 0.042917303125 0.83001525 0.031635173437500004 0.850266659375
1 0 0.753440759375 0.0038125296875 0.7496881281250001 0.010582590625 0.718928209375 0.027887898437500003 0.6816916984375 0.039347575 0.6498506390625 0.0442083140625 0.6372038156250001 0.0369644875 0.625963334375 0.0404582234375 0.6129245359375 0.03806004375 0.5890331859375 0.0419423140625 0.569111021875 0.04736596875 0.554303 0.053539674999999995 0.5094083453125 0.0346466984375 0.5252827140624999 0.017564304687499997 0.5835413703125 0.0158756484375 0.6226246296875 0.017282515625 0.639288571875 0 0.6432383203125001 0 0.753440759375
1 0 0.8803495828125 0.0267796390625 0.8875251656250001 0.0380460125 0.8596655203125 0.057541712499999995 0.8373762062500001 0.08183881093749999 0.8271115234374999 0.0962614765625 0.804798734375 0.06655045468750001 0.7485162375 0.033213821875 0.743616925 0 0.763803725 0 0.8803495828125
1 0.0357120671875 0.6052818765625 0.0355582796875 0.6156961875 0.0367214171875 0.6322434453125 0.03654003125 0.6489185359375 0.0279148703125 0.6811080734375 0.020432539062499998 0.7016069593750001 0.0060911656250000005 0.741667103125 0.0173187609375 0.7415414421875 0.0392922796875 0.7442951421874999 0.060837759375 0.75112149375 0.07858087968750001 0.7610906640625 0.09171087343749999 0.7944340375000001 0.09728387656250001 0.78963345625 0.1098572015625 0.7611221265625 0.12689281562500002 0.740588421875 0.12208788125 0.7277921671875001 0.12200369375 0.7084256156250001 0.1218700328125 0.6806711156249999 0.11668774062500001 0.652077625 0.11278609375 0.6322276625 0.0984520109375 0.637789115625 0.09839385625 0.625750971875 0.1060367578125 0.6094824562500001 0.11480998281250002 0.5877881109375 0.12428965624999999 0.5610424515625 0.12761155156249998 0.5326468234374999 0.124197996875 0.50976786875 0.10960632343750001 0.4954025234375 0.0950792171875 0.4894291671875 0.0722817421875 0.4995305109375 0.061238490624999996 0.5075407828125 0.0511441765625 0.526800315625 0.0436878765625 0.5546276078125 0.0386727484375 0.59302505625 0.0357120671875 0.6052818765625
1 0.1765235359375 0.5850059015625 0.1902672765625 0.5337135625 0.1765361484375 0.5004403187500001 0.1359490640625 0.5276107999999999 0.1147868734375 0.591738059375 0.093736684375 0.6305143671875 0.1129090859375 0.633519390625 0.12122824218749999 0.7267140828125 0.1219678265625 0.743815771875 0.14849657968750002 0.6896039234375 0.190839215625 0.660771634375 0.15368760937499998 0.625435928125 0.1765235359375 0.5850059015625
1 0 0.6469533328125 0.0167401375 0.636060534375 0.019404671875 0.5967763546875 0.0235267671875 0.5579084171875001 0.0370907390625 0.52781290625 0.0548020140625 0.5175561156249999 0.0666887921875 0.49076182968750004 0.0651913671875 0.472866228125 0.0409677578125 0.46637553125000003 0.012781890625 0.4688162625 0.0044508796875 0.5028057968749999 0 0.50893920625 0 0.579446825 0.007744184375 0.587409453125 0.0026262140625 0.5947981265625 0 0.5954665921875 0 0.6469533328125
1 0.64543735625 1 0.6345471796875 0.9838922468750001 0.64972350625 0.9600345328125 0.6766499687499999 0.84861656875 0.661991190625 0.8377012890625 0.665282609375 0.8199842140625 0.6777271765624999 0.795394528125 0.6843531328125 0.7925201953125 0.6956352625 0.7722687859375 0.70377875 0.7418768765625 0.7025979640625 0.7299232609375 0.6809581359375 0.745061615625 0.6305874296875 0.736240265625 0.6257266890625 0.7488870890625 0.620899390625 0.7778298484375 0.6267784625 0.7887303328125 0.6124159015624999 0.8314051015624999 0.5850681265625 0.8240772875 0.562654396875 0.8366705515625 0.532675184375 0.8774985718750001 0.5091842468750001 0.9433138781249999 0.537324271875 0.9694786703125 0.531170703125 1 0.64543735625 1
1 0.1529797 0.6827130640625 0.1388110453125 0.7072775 0.12444554687500001 0.7326369374999999 0.11711541249999999 0.7478589312499999 0.1126005296875 0.7647087031249999 0.1085223625 0.779928628125 0.1034265703125 0.7949015671875 0.0971012 0.80438150625 0.0906531859375 0.8224087875 0.1234300703125 0.813157484375 0.15687069843749998 0.8014894187499999 0.19286621718750002 0.814576746875 0.20395925468749998 0.8115121468750001 0.20437667187500003 0.797880253125 0.211316303125 0.77397341875 0.22050312187499999 0.74976959375 0.22042892187500002 0.7420172515625 0.220831246875 0.7283813125 0.2238089015625 0.699097078125 0.21994159687499998 0.673142278125 0.212644796875 0.666023571875 0.19352987500000002 0.6626229203125 0.1797721984375 0.6675424578125 0.1631379484375 0.6751078859375 0.1529797 0.6827130640625
1 0.18836196562500002 0.4925883546875 0.176357915625 0.49597401406249997 0.175805596875 0.49803529375 0.186225028125 0.5316542546874999 0.190490475 0.541634275 0.18313627500000002 0.563888671875 0.193137221875 0.5731705515625001 0.1911276953125 0.58586205625 0.1966824359375 0.5961618515625 0.21126342343750001 0.5780274515625 0.213266528125 0.5653599140625001 0.21767223125 0.5489176046875001 0.21970716875 0.55164645 0.22466519062499998 0.5331428578125 0.22204385468750001 0.51702693125 0.2098210671875 0.5005218890625 0.18836196562500002 0.4925883546875
1 0.2148852515625 0.6691928218750001 0.2232488671875 0.69804789375 0.22080972812500002 0.7271938421875 0.20123136874999997 0.8177686843749999 0.22371749843750002 0.8589366984375 0.24522068125000002 0.8987623843750001 0.2524339375 0.8868743625000001 0.2766088484375 0.81669533125 0.3000144265625 0.771845259375 0.307005396875 0.7332579375 0.30650695 0.7075892796875001 0.295407765625 0.6939542296875 0.2927745234375 0.6687668125 0.2755894828125 0.6503155984375 0.2907830796875 0.601158615625 0.29147602031250003 0.5885510484375 0.2936018046875 0.5806175125 0.263090615625 0.5468812765625 0.2485655125 0.568550075 0.237458415625 0.5975056578125 0.2300201390625 0.6402375359375 0.2148852515625 0.6691928218750001
1 0.820585534375 0.6868850203125 0.8160946671874999 0.6785914656250001 0.8062530109375 0.675235103125 0.79857025625 0.6788538359375 0.7758249015625001 0.7253451015625 0.7745311234375001 0.7285435484375 0.814984671875 0.7194995765625001 0.8164650312499999 0.7206155359374999 0.8244739859375001 0.695736453125 0.820585534375 0.6868850203125