1 0.7949040375 0.406892128125 0.79324163125 0.412195146875 0.793021525 0.42821148906250006 0.7978363359375 0.4317419796875 0.7991009765625 0.43026718124999996 0.800684853125 0.42882712187500005 0.8017947828124999 0.414731678125 0.8049592171875 0.40840967499999997 0.8055599453125 0.40374694375000003 0.8047894375 0.401002584375 0.80397814375 0.39521872812500003 0.80206590625 0.39006752499999997 0.799168446875 0.39166191875 0.7982046546875 0.39494313124999997 0.7964356515625 0.40068972187499996 0.7949040375 0.406892128125
1 0.6732833312500001 0.45073802656249995 0.6720132984375 0.44710453906250003 0.6703604328125 0.445335746875 0.6680272015625001 0.4470671265625 0.6672547578125 0.45104100625 0.6664874281250001 0.45498857031249995 0.6647614234375 0.4583128 0.6651578078125 0.46371558124999995 0.66591739375 0.46724984843749995 0.6648640109375 0.47455573749999996 0.6687867859375001 0.47387074062499995 0.6694262265625001 0.47058110624999994 0.6697917796875 0.4677571484375 0.6712249546875 0.46415750625 0.6706200796874999 0.46160921093749996 0.6712083640625 0.458582746875 0.6732826390625 0.45535352500000004 0.673096821875 0.45264088437499994 0.6732833312500001 0.45073802656249995
1 0.9438363765625001 0.3964312359375 0.9394298375 0.4019109453125 0.9376149328125001 0.41627902812500006 0.936286003125 0.428146990625 0.944530703125 0.42923068124999997 0.94727843125 0.42211758125000004 0.9502255234374999 0.42110637500000003 0.9535781265625 0.40490689843750005 0.949852921875 0.3957708671875 0.9506458265625 0.3916917203125 0.9465297671874999 0.3906458359375 0.9440548234374999 0.39226773593750003 0.943934815625 0.393828471875 0.9438363765625001 0.3964312359375
1 0.9242735140624999 0.426112425 0.9329363046875001 0.4265126640625 0.9408879000000001 0.38728231874999997 0.9433422453125001 0.38125927187499997 0.9446548609375001 0.3728293796875 0.9310821359375 0.3710650765625 0.9264760921875 0.3814493765625 0.9190544375 0.39300699843750003 0.9218271890624999 0.3987624515625 0.9255902765625 0.397745990625 0.9242735140624999 0.426112425
1 0.973457875 0.4305110359375 0.9759491328125 0.44096396093749995 0.9881213109375 0.4433299921875 0.989317375 0.44053091406249995 0.9892445140625 0.42748919531249996 0.9877109640624999 0.40550582031250004 0.9879175203124999 0.3977349 0.9846128937499999 0.3914663890625 0.976504653125 0.38989030625 0.9753883625 0.4022365828125 0.969994665625 0.425058353125 0.973457875 0.4305110359375
1 0.9046422156249999 0.3891677109375 0.9028664375 0.387402340625 0.90034158125 0.387184671875 0.89939216875 0.3898678265625 0.898069321875 0.3944721265625 0.8942861859375 0.3974784265625 0.8930359250000001 0.3983551703125 0.8909592999999999 0.4025398359375 0.8944353656249999 0.404362596875 0.8953354203125 0.41398730781250004 0.8979390828125 0.41935484375 0.905645409375 0.42142634218749997 0.908359678125 0.40190734531250005 0.90683359375 0.394455109375 0.9046422156249999 0.3891677109375
1 0.8613904765625 0.398376303125 0.86029935 0.39319352812499997 0.8573517031250001 0.3916919734375 0.8552453515625 0.39655364843749996 0.8523487218750001 0.40191718437499996 0.8470028624999999 0.4055209984375 0.8476987125000001 0.4103265140625 0.8489583749999999 0.41338444531249996 0.8447405578125 0.4231341125 0.8442048109375 0.42830108125 0.8477921734375 0.4277693796875 0.854562221875 0.42627226562500004 0.8577316328125001 0.42317398125 0.8606089062500001 0.41906301093750004 0.8628522703125 0.41234347812500005 0.8641311515625001 0.4057642078125 0.860591071875 0.40007809375000003 0.8613904765625 0.398376303125
1 0.8262525078125 0.4187756796875 0.8247062375 0.42431976406249994 0.8223255843749999 0.42776254687500004 0.823535059375 0.4316027546875 0.826168309375 0.43178686875 0.8321148968750001 0.427398546875 0.8395801015625001 0.431444221875 0.84076289375 0.43039049687500003 0.844783003125 0.425955440625 0.8470241546875 0.41694131875 0.84177245 0.413981378125 0.8438393968750001 0.4046056578125 0.8417290375 0.4028844953125 0.839269990625 0.40306198125000003 0.8365605625000001 0.40578538281250004 0.8341699546875001 0.41053718124999994 0.8331144968749999 0.41229844375 0.8306824125000001 0.41474801718750004 0.8262525078125 0.4187756796875
1 0.6817575390624999 0.451374721875 0.6793996984375 0.44212212031250003 0.6766620640625 0.44079794687499996 0.673912678125 0.44425099062499995 0.6742255546875 0.4502930125 0.672676934375 0.45679253906249995 0.6723402765625 0.4706832453125 0.6802032484375 0.467022478125 0.6817575390624999 0.451374721875
1 0.8206688468750001 0.4316737828125 0.8241891562499999 0.42509321718750004 0.8296109171875001 0.41344728281250004 0.8286089671875001 0.402355259375 0.8275616671874999 0.3985192640625 0.8241978671875 0.39486114843750003 0.8219966718749999 0.3992674046875 0.8207535984375 0.40566245468749995 0.81712669375 0.424321265625 0.8206688468750001 0.4316737828125
1 0.6258758515625 0.480277878125 0.6254794687499999 0.47487509843750003 0.62414445625 0.4668591484375 0.622436425 0.4626489171875 0.6222394078125 0.44783513125 0.620608525 0.4451147140625 0.620218915625 0.44334567343750003 0.62250610625 0.4418511453125 0.625749209375 0.440050821875 0.6283701546875 0.43862117031250003 0.6260277984375 0.4376742546875 0.628399603125 0.43668778125 0.63088989375 0.4349869296875 0.634266 0.4325023640625 0.636245846875 0.43070229062500004 0.6394043359375 0.42839391562499995 0.6429185609375 0.42519878593750005 0.6444627578125 0.4218665265625 0.6459903625 0.4168377328125 0.646576296875 0.4147667109375 0.647387315625 0.4115377390625 0.647576175 0.4086794375 0.65126709375 0.40551865468750004 0.653442571875 0.40449401875 0.6564463515625001 0.4011996703125 0.65503585 0.3953539625 0.6540972218750001 0.39274079375 0.6563119656249999 0.387845565625 0.6582918109375 0.3860454921875 0.65790289375 0.37966095312500003 0.6550622578125 0.375722171875 0.6523137015625 0.3713096796875 0.6505281078125 0.363725065625 0.6464557390625 0.3595195453125 0.6435230234375 0.356054471875 0.6416284828125 0.3537470984375 0.6387583984375 0.3517417046875 0.6347994 0.35072635 0.631348496875 0.35076565937500004 0.6294177328125 0.34675793593750004 0.6279273187500001 0.34237151250000003 0.6288937375 0.3355130140625 0.6260531015625 0.33157423124999996 0.6230500140624999 0.33025308125 0.618582228125 0.33279856093750004 0.6163773 0.3357565859375 0.6129067640625 0.3396703046875 0.61179075 0.3416382875 0.6098765765625 0.3432053234375 0.6107932234375 0.3467701203125 0.6118625046874999 0.3496544875 0.6131084812500001 0.3525732015625 0.6140907984374999 0.3559049609375 0.614888959375 0.36018413437499996 0.61368598125 0.36259950937499996 0.6130441906249999 0.36684458750000004 0.61182393125 0.3721789265625 0.6112356453125 0.375205390625 0.609969346875 0.380776584375 0.609514065625 0.3831188046875 0.60892813125 0.3851898265625 0.60577475625 0.38747188593750004 0.6024832640625 0.3904645046875 0.5984511265625 0.3945421734375 0.5945886312499999 0.39764229375000004 0.5922117109375 0.39865508437499997 0.590164534375 0.40090636249999995 0.5886007046875 0.40423480625 0.589362640625 0.40681363125000003 0.5910926546875 0.41007223593750003 0.5924645828124999 0.4112948109375 0.5942044140625 0.41261621093749995 0.5963586015625 0.411805928125 0.5975494109375 0.408404978125 0.6014555968749999 0.406023446875 0.6035735609375 0.4035128125 0.607905578125 0.4007224515625 0.6105288734375 0.39833735625 0.6134405734375 0.3955167140625 0.615461065625 0.400006175 0.617810196875 0.404586825 0.6204500828125 0.40777648906249997 0.6214445671875 0.4082156 0.6223906625 0.40984700937499996 0.6197500859375 0.41515106875 0.6178064640625001 0.41865149218750003 0.6135929328125 0.4207274765625 0.611741390625 0.4237541921875 0.609669465625 0.42602797187499997 0.6074570703125 0.42996775625000005 0.604422184375 0.43541366249999996 0.60182018125 0.4375844046875 0.598259915625 0.44101638750000005 0.59631394375 0.445472253125 0.5974820796875 0.45151665156250004 0.5982900546875001 0.453858621875 0.5999331046874999 0.4575646171875 0.6002570421875 0.45956669687499996 0.601536890625 0.46514120468750003 0.6016184625000001 0.4712202 0.5997253046875 0.4790729515625 0.5976797859375 0.48498428593750004 0.5987656593749999 0.48956518750000005 0.597952290625 0.49374960312500005 0.594353453125 0.496436678125 0.589021834375 0.498814246875 0.5870471046875 0.5005880015625 0.58698143125 0.5046992640625 0.5965817453125 0.5026871515625 0.602382471875 0.5026129953125 0.609047028125 0.50270675 0.6161161265625 0.5026060265625001 0.6211616906249999 0.503586784375 0.6260065046875 0.5038184234374999 0.62956441875 0.5013418859375001 0.6283140203124999 0.4938339890625 0.6272033984375 0.4892755875 0.6258758515625 0.480277878125
1 0.7152087671875 0.4381854328125 0.7174307 0.4388085140625 0.7173001859375 0.443043728125 0.7170449624999999 0.4507505671875 0.71804 0.4498242140625 0.71959511875 0.441823821875 0.7204954515625 0.43719201406249997 0.7155580046875001 0.4349213234375 0.72074293125 0.43308878125000005 0.7207925656249999 0.4297937453125 0.7194115140624999 0.42977109843749994 0.7193374078125 0.426588565625 0.7179307781250001 0.42669750625 0.718672528125 0.422881528125 0.719190578125 0.41874895468749995 0.7157782484374999 0.41953317031250004 0.7155527515625 0.422684778125 0.7156534031249999 0.42237660468750005 0.71477339375 0.42627495312499997 0.712204296875 0.426704159375 0.7087265703125001 0.42897779375 0.7077098265624999 0.4321121546875 0.7080294765625 0.43403146562500006 0.7126544625 0.4321447046875 0.71494220625 0.4331629375 0.7152087671875 0.4381854328125
1 1 0.40191336250000004 0.9940142546875 0.4007498515625 0.9890646406249999 0.40525003125000003 0.98405846875 0.39955949999999996 0.9243237515624999 0.3924173921875 0.91787593125 0.3941434921875 0.9143679656250001 0.391227040625 0.908059659375 0.3922354015625 0.9044121796875 0.3900366875 0.903704553125 0.3831954234375 0.89445639375 0.3888463375 0.891925028125 0.38090571562500003 0.8845006078125 0.3876559859375 0.8799795921875001 0.400432909375 0.8760530828125 0.3996696734375 0.8736838546874999 0.3880362796875 0.7871498359375 0.3910786359375 0.7866005765625 0.3986687328125 0.776333084375 0.3914589296875 0.7760584546875 0.395253978125 0.76551633125 0.391839225 0.7580919109375001 0.398589496875 0.7550917265625 0.3960555 0.7446671234375 0.40027178125 0.7510960890625 0.413616509375 0.7407682656250001 0.414340128125 0.7333438453125 0.4210903984375 0.73424251875 0.40448805625000006 0.713393309375 0.41292060781249995 0.711748046875 0.41689260156249996 0.70296870625 0.4171368875 0.699968521875 0.41460289375 0.6925441015625 0.4213531640625 0.6880230859375 0.4341300859375 0.683073471875 0.43863026875 0.6814558609375 0.45743384374999996 0.684359265625 0.4634604953125 0.708941421875 0.46277649531250004 0.717388946875 0.4507628078125 0.7126052421875 0.43344608593749995 0.73027453125 0.43688064843749996 0.7346296375 0.44592062656250003 0.7464091640625 0.448210334375 0.7538335843749999 0.44146006406250005 0.7641614078125001 0.4407364453125 0.77986744375 0.44378938906250004 0.787803415625 0.43440741093749996 0.79044413125 0.4103404171875 0.8655593500000001 0.42221019374999996 0.8699144562500001 0.4312501734375 0.8816939828124999 0.43353988125000004 0.8896299546875 0.4241579015625 0.913700559375 0.42610560937499997 0.9216365312500001 0.4167236296875 0.9848063140625 0.4481205984375 0.9888157765625 0.43797538593749996 0.9980375421875 0.453423634375 1 0.4511035984375 1 0.40191336250000004