1 0.2794462453125 0.3533135953125 0.28034771875 0.36188279843750004 0.28459721718750003 0.3727364546875 0.27892906093750003 0.3890541703125 0.2873531375 0.41351946406250006 0.0827435015625 0.7825596171875 0.0734374765625 0.7969492234375 0.320047153125 0.41562470312500005 0.31850301718749996 0.40415979375 0.32470016562500004 0.4084299015625 0.3269905234375 0.4012373109375 0.3354780296875 0.398314828125 0.3319717 0.3851561390625 0.3248845953125 0.3780117375 0.31711333750000004 0.3718079890625 0.30624996875 0.370062140625 0.30136196718749997 0.366280840625 0.293073234375 0.345184178125 0.2878852765625 0.3435553015625 0.2842213921875 0.344816878125 0.2794462453125 0.3533135953125
1 0.5847791015625 0.28735509375 0.5849858593749999 0.2942906390625 0.5834983125 0.2989451890625 0.58371984375 0.305875646875 0.5853068312499999 0.3077969859375 0.5889265890625001 0.305735353125 0.5939580375 0.30235035312499997 0.6012205125000001 0.2973819015625 0.60680061875 0.3037011453125 0.6099749078125 0.31291995156249997 0.6131177390625 0.3184479171875 0.6152134265625 0.321846628125 0.6202913015625 0.3213320671875 0.622446159375 0.31770366562499996 0.6204725609375 0.314659525 0.6121362359375 0.30393511875 0.6055004875 0.2909505921875 0.6064861140625 0.2848383671875 0.6087904578125001 0.2654704546875 0.5993393203124999 0.2551078765625 0.593016359375 0.2564697953125 0.5888799109375 0.257078840625 0.5860810125 0.2642120328125 0.5848529265625 0.27413144843750004 0.5842386281249999 0.27681075 0.58495236875 0.2807073375 0.5847791015625 0.28735509375
1 0.5292878875 0.304347009375 0.5287580203125 0.30122439375 0.5272929640624999 0.296969559375 0.5251223140625 0.2914814171875 0.5220314859374999 0.288888071875 0.519463740625 0.2893976421875 0.51405655625 0.291259484375 0.51220695625 0.292270928125 0.509802621875 0.2956547234375 0.5103450406250001 0.29804590468750003 0.510196640625 0.29919869062500004 0.5112621453124999 0.3046927890625 0.5136541640625001 0.3060725265625 0.5183707656250001 0.30700438750000003 0.52106180625 0.30680490312500003 0.5233658453125 0.307113246875 0.525433740625 0.3115350796875 0.5259155046874999 0.31211834375 0.528566903125 0.317418915625 0.5285671390625 0.32145101249999997 0.529644959375 0.3221815765625 0.5341046375 0.32395105156250004 0.53592114375 0.32442726718750003 0.5384214515625 0.32209007968750003 0.53484063125 0.31490615625 0.53123494375 0.31321720468750003 0.5297573359375 0.30969380625 0.5292878875 0.304347009375
1 0.3538619234375 0.3845153 0.35648704531250003 0.37946905000000003 0.3590594671875 0.376093478125 0.35963673125 0.36965915625 0.3552511125 0.35869813437500003 0.350052746875 0.3571830109375 0.34471872812500004 0.355273921875 0.338321703125 0.35747659375 0.3377076 0.359340578125 0.337001465625 0.365400634375 0.3370997 0.3720210046875 0.338989453125 0.378421115625 0.3399532578125 0.3884671546875 0.342768065625 0.39664195 0.35485547031250003 0.39373584687499996 0.354089028125 0.3915099390625 0.3538619234375 0.3845153
1 0.4951405015625 0.31656760625 0.5049169 0.3392011640625 0.513551109375 0.333033271875 0.5137718953125 0.33137081875 0.509042034375 0.3107233046875 0.5039129359375 0.3050419828125 0.49630364687500006 0.3060756390625 0.4951405015625 0.31656760625
1 0.490763925 0.3028492515625 0.48360143281249995 0.298749434375 0.47627366406249994 0.3012725875 0.4733022359375 0.3069448546875 0.47566907656249996 0.31679422968750004 0.47956571875 0.32393550625 0.481003334375 0.3310862125 0.48000071406249994 0.3448279703125 0.4850313046875 0.3433602046875 0.4911606875 0.3450835625 0.49509003281249997 0.344017021875 0.49766066093749994 0.3431318828125 0.499575240625 0.339189609375 0.5032539 0.3379229453125 0.5036688890625001 0.3355766765625 0.4937982390625 0.3247636359375 0.4940636984375 0.3249586703125 0.4948261234375 0.32059786562500003 0.49382446875 0.3135614515625 0.491707340625 0.30798878125 0.490763925 0.3028492515625
1 1 0.41632869687499996 0.9885900390625 0.3831917640625 0.9852014765625 0.3834771890625 0.9907268734375 0.44003021875000004 0.9984972421875 0.468356171875 0.9999174 0.49177380625 1 0.4920769375 1 0.41632869687499996
1 0.3606043046875 0.3488566265625 0.3522022625 0.34917173125 0.34589793593749996 0.3544272109375 0.3501845828125 0.36687654062499997 0.3581478609375 0.3765175390625 0.352629115625 0.38410250625 0.3532177296875 0.39368282187500003 0.3532599046875 0.3859344484375 0.3588846390625 0.38091296875 0.36422621875 0.3795804921875 0.365693146875 0.38268892656250003 0.37082193124999996 0.38299411875 0.376581503125 0.3851312515625 0.3827020359375 0.3804458328125 0.3795277453125 0.3712270265625 0.372032865625 0.36966537499999996 0.368681409375 0.366699059375 0.36756920625 0.35780580781250004 0.3606043046875 0.3488566265625
1 0.5637351046875 0.2670809515625 0.5632581390625 0.27817393125 0.5653606140625 0.2899431359375 0.562502778125 0.299784740625 0.5581792234375 0.3064734265625 0.5593395671875 0.31440265156249997 0.5661491671875 0.318293475 0.5792241890625001 0.31432019375000003 0.5818334453125 0.30716416562500004 0.583217571875 0.294194428125 0.5814150515625001 0.2719220046875 0.57579019375 0.262401240625 0.5695277640625 0.2510288375 0.5698533328125001 0.25197435625 0.5623059859375 0.2561154796875 0.5637351046875 0.2670809515625
1 0.32636863437499997 0.379682084375 0.327203796875 0.3766843625 0.327618434375 0.37246534531250003 0.3278584765625 0.368747121875 0.326671509375 0.3652999171875 0.32338398281249997 0.36213531875 0.3201374265625 0.359617628125 0.316110240625 0.3607839609375 0.31282860156250003 0.363059675 0.3120464921875 0.36625946875 0.31244784062500003 0.3708805671875 0.313451403125 0.3732671984375 0.32182803125000004 0.37738963124999997 0.32706015625 0.3846659765625 0.33027545156250004 0.3910283078125 0.33357416875 0.399168684375 0.3417682859375 0.3968099328125 0.3392466140625 0.3899663953125 0.333298178125 0.3845451609375 0.32873488906250004 0.3836266109375 0.32636863437499997 0.379682084375
1 0.33854751250000004 0.33811929687500003 0.33375700468749997 0.340716253125 0.33174727187499997 0.3451980671875 0.3340805109375 0.3519742828125 0.3377961640625 0.3579660234375 0.3501601359375 0.3505359046875 0.35039070625 0.3463582328125 0.3431323578125 0.3390524578125 0.33854751250000004 0.33811929687500003
1 0.072659790625 0.44870895468749994 0.07564416562500001 0.4573762078125 0.07511858906249999 0.46136901874999997 0.07631425 0.468536934375 0.0832519015625 0.4712158765625 0.0964046109375 0.4662683921875 0.09416441875 0.4560669375 0.0856943921875 0.4534969953125 0.08232340625 0.4437069390625 0.07919328437499999 0.4401356015625 0.0721004921875 0.4434371625 0.072659790625 0.44870895468749994
1 0.54707979375 0.3268866921875 0.548478815625 0.328454109375 0.55085395625 0.3269532375 0.5523001421875 0.3232824125 0.5408967203125 0.289156615625 0.5379586187500001 0.28902252968750003 0.5347978609374999 0.291697296875 0.5325103125 0.295900196875 0.5338137546875 0.30314116874999997 0.5305851703125 0.305618953125 0.5324943359375001 0.3126513578125 0.538788378125 0.322051871875 0.5425731421875 0.3211893484375 0.54707979375 0.3268866921875