1 0.6657051265625 0.5969979390625 0.6904747359375001 0.642205440625 0.7325032890625 0.61274300625 0.71309199375 0.555150615625 0.6918474125 0.525556196875 0.617770309375 0.5181484890625 0.6232159640625 0.5378091015625001 0.6634985734375001 0.568390140625 0.6657051265625 0.5969979390625
1 0.8205639843749999 0.22365216562499998 0.823711334375 0.2088777953125 0.81975971875 0.1968399703125 0.809380484375 0.1817087453125 0.8162818109375 0.1535321953125 0.7968038749999999 0.163718284375 0.763041846875 0.1916651359375 0.7638537859375 0.20238650468750002 0.7759251609375 0.21394815781249998 0.7855333203125 0.2327711421875 0.8185166031250001 0.2246068765625 0.8205639843749999 0.22365216562499998
1 0.7618327578125 0.236253721875 0.7515402671875 0.24853409218750003 0.7541401921875 0.25795829062500003 0.7580156734375 0.2592847171875 0.78958976875 0.24118513749999998 0.7905794390625001 0.233970975 0.7837149265625001 0.230154465625 0.7763503828125 0.2299695296875 0.7618327578125 0.236253721875
1 0.9101403265625001 0.321172459375 0.9545757437500001 0.29601630624999997 0.9334839984375 0.2872044609375 0.9241329421875 0.286180446875 0.9131040421875 0.2736471921875 0.8973123781250001 0.27463344218749997 0.8920113453124999 0.277590840625 0.8882078765625 0.285256465625 0.8813127265625 0.295842290625 0.8810498093750001 0.29841439062499997 0.8701426609375 0.32263305 0.8737180109375 0.3303004140625 0.8833724578125001 0.33511098125 0.9101403265625001 0.321172459375
1 0.5506312484375 0.3391741828125 0.54217623125 0.33572419062500003 0.5362315640624999 0.3376576671875 0.53322578125 0.3413322453125 0.533025825 0.3482443625 0.5377584296875 0.3528343203125 0.5335801874999999 0.35762938125 0.53491348125 0.3587068578125 0.5117000546875 0.379483925 0.5018170734375 0.396847484375 0.502552546875 0.3993512421875 0.5167800453125 0.39130452656250003 0.5224094328125 0.3841335828125 0.5323913109375 0.3825904828125 0.5393194640625001 0.370863821875 0.52546073125 0.37050737968749997 0.5363077625 0.3589173296875 0.5659836359375 0.35926868125 0.5597994046875 0.35334748125000004 0.5666290296875001 0.34875045 0.5623038375 0.343109878125 0.5547644546875 0.3480378734375 0.5508623625 0.347010734375 0.5506312484375 0.3391741828125
1 0.21915703749999998 0.812067675 0.21168120781250002 0.8057998515625 0.19524467968749998 0.79122023125 0.195011775 0.7896517015625 0.197535534375 0.7830903703125001 0.198562209375 0.7755279374999999 0.192481196875 0.763556228125 0.1866704828125 0.7608592562500001 0.17441300937499998 0.7628676609375 0.173080284375 0.761149959375 0.168059490625 0.7547303734375 0.16159409375 0.7560460359375 0.15599358593749998 0.760356796875 0.1555445078125 0.7659506890625 0.159095515625 0.7713564468749999 0.14983394218749999 0.7787205125 0.15057013749999998 0.7867849578125 0.1552189390625 0.79675434375 0.168058521875 0.8025512234375001 0.1714057453125 0.8053818328125001 0.1804245078125 0.820375090625 0.185724053125 0.8360875406250001 0.193064734375 0.8377179953124999 0.20033044531250002 0.8326307359375 0.1982474015625 0.8292326984375 0.19900820156250001 0.826516703125 0.19006652500000001 0.8094793515625 0.18742377187499998 0.8006047468749999 0.210741715625 0.819037128125 0.21141312812500002 0.823755446875 0.21445699375 0.828073634375 0.21854820312499998 0.8238046421874999 0.221735009375 0.817596153125 0.21907610000000002 0.8195201171875001 0.2226103796875 0.8161949203125 0.21915703749999998 0.812067675
1 0.9252576421875001 0.2826768703125 0.9244124375 0.2861383859375 0.9564087421874999 0.29595599687499996 0.9361447796875 0.25449537968749997 0.9361901171874999 0.25323845624999997 0.9192685265625 0.2625635140625 0.91842221875 0.27257960937500003 0.9203874093750001 0.27943100625 0.9252576421875001 0.2826768703125
1 0.8326591828125001 0.5502833078125 0.8249421734375 0.533734128125 0.8188900968749999 0.50928075625 0.8248335015625001 0.4875312 0.791127846875 0.46884508281250004 0.7719023734375 0.4659597890625 0.7531521734375 0.464022453125 0.7450177765625 0.461901478125 0.7296449375 0.4595809015625 0.7068428328125 0.46427752343749995 0.6979394546875 0.4719821140625 0.6884748171874999 0.4823317203125 0.6957438515625001 0.49792021406250003 0.7117639375 0.4940028015625 0.7244151171875 0.49048675625 0.731075396875 0.493295121875 0.7394754031249999 0.5036117109375 0.7504258984375001 0.5079944609375 0.764324625 0.5110024281250001 0.77473270625 0.5179993390625001 0.7801844828125 0.529690709375 0.7864631265625001 0.546932678125 0.793723709375 0.5625030453125001 0.79880504375 0.5696226296875 0.795466725 0.5854128890625 0.7883806046874999 0.597014603125 0.8408326203125001 0.5678113015624999 0.8403846453125 0.566850615625 0.8326591828125001 0.5502833078125
1 0.46879101093750003 0.375770115625 0.456144553125 0.3856394171875 0.4553785578125 0.3984647765625 0.4511732890625 0.4104002609375 0.45681663281249996 0.42570965312500003 0.4955467984375 0.4041407375 0.4953866515625 0.40222933593750004 0.4995388171875 0.39181920625 0.488895234375 0.3883084484375 0.48508321875 0.3801335515625 0.46879101093750003 0.375770115625
1 0.5527506437499999 0.34721152499999997 0.5413126015625 0.3525451703125 0.5375088921875 0.3583572328125 0.5397393328125 0.3706238984375 0.5337459578125 0.3829297734375 0.570045309375 0.362847446875 0.569377571875 0.36141548125 0.5652115156249999 0.3598935390625 0.5622773203125 0.35923156093749997 0.5587784015625 0.35450767656250004 0.5527506437499999 0.34721152499999997
1 0.6089577765625 0.3234953421875 0.6070262828125 0.3359594125 0.6037153203125001 0.342115459375 0.5752776515625 0.37157375 0.575196803125 0.374678840625 0.579020315625 0.37625017656250004 0.595038909375 0.37083286718749997 0.6002229859375 0.356506365625 0.6082455078125 0.36223606406250003 0.6369425296875 0.3453787828125 0.6353369078125 0.339441025 0.6203289234375 0.343747121875 0.6198537078124999 0.33317768281250004 0.6359920953125 0.3242399046875 0.6292521875 0.3189088328125 0.6229707703125 0.31541624687500003 0.6190877625 0.316211815625 0.6089577765625 0.3234953421875
1 0.750650803125 0.2615935671875 0.7412108921875 0.2620895125 0.7383162125 0.2603719328125 0.7356793140625 0.2565701359375 0.73310979375 0.251059784375 0.7300038046874999 0.24888905156250002 0.7221361546875 0.2536832421875 0.7172181390625 0.2629499 0.7236771765625 0.267749915625 0.719910353125 0.2722869265625 0.713046353125 0.277451675 0.7074919890625 0.281718853125 0.7089419453125 0.2902448984375 0.70806583125 0.30098105468749997 0.70355761875 0.3075629828125 0.7042677375 0.3100123609375 0.7166544734375 0.3022943859375 0.723560975 0.2990738328125 0.7419860390624999 0.2899083265625 0.7428481812500001 0.2917571953125 0.7449228609375 0.29078975625000003 0.7518694453125 0.285873375 0.7558515484375 0.277307953125 0.75495535625 0.2735330171875 0.7540379015625 0.26614891875 0.750650803125 0.2615935671875
1 0.6470019765624999 0.7076273453125 0.6449252515625 0.672669753125 0.6251910734374999 0.636478984375 0.6084359265625 0.6310515031249999 0.5964002234375 0.56860749375 0.5606378000000001 0.5285480921875 0.5388722625 0.5368217859375 0.511456509375 0.5269205125 0.4871341703125 0.5174524968750001 0.42368505624999997 0.5035441484375001 0.3936254203125 0.5062184609375 0.3276091109375 0.474617384375 0.289350915625 0.44139314374999994 0.2730673921875 0.41873165312499994 0.257590646875 0.42217502500000004 0.24952453281250003 0.43538123124999994 0.2545959515625 0.44625692499999997 0.26418729218750003 0.46069630625 0.3269620796875 0.49760455 0.351503946875 0.5258600265625 0.3513558390625 0.531600453125 0.32361657187500004 0.5331927609375 0.30135211093750003 0.5587131953125 0.32783825312500003 0.5728215062500001 0.350015634375 0.5776183687499999 0.3676646375 0.57883341875 0.39775157031249997 0.5761463765625 0.419402728125 0.5982027078125001 0.44052968750000004 0.6129343046875 0.45026068593749996 0.6216151328125 0.4575043640625 0.6371492484375 0.427725284375 0.68318789375 0.4025616625 0.70249105625 0.40744922343749995 0.7191017796875 0.4242316671875 0.7245165328125001 0.4349689609375 0.6987220093750001 0.42989754218750004 0.687846315625 0.45990460312500003 0.660613259375 0.47049378906249995 0.6405591625 0.4830713734375 0.63089851875 0.48791481093750005 0.622968625 0.4902624765625 0.6218738890625 0.4925828421875 0.6207918859375 0.5134818203125 0.61671789375 0.50831486875 0.636141371875 0.52691875625 0.6577208578125 0.5539407359374999 0.733986359375 0.5805677796875 0.79721755625 0.5764953671875 0.8312469171875 0.566633084375 0.8528598625000001 0.5817947671875 0.8609282 0.584869334375 0.861392315625 0.6064068921875 0.83431303125 0.5997147109375 0.8260909218749999 0.58775888125 0.7881929265625 0.600983496875 0.7555451171875001 0.6090243359375 0.7177674374999999 0.5725161640625 0.6761800421874999 0.5683470546875 0.6611100421875 0.590340575 0.6716419359375 0.6100663015625 0.707814578125 0.6139729218750001 0.75895503125 0.60555599375 0.78366755 0.6009405375 0.8104030328125 0.59917166875 0.8187970421875 0.65007770625 0.7874899953125001 0.6856551078125 0.7538858921875 0.6530198281249999 0.73884935 0.6470019765624999 0.7076273453125
1 0.8449755968750001 0.1493542359375 0.8269060671874999 0.15336668281250002 0.8174830375000001 0.16879449375 0.8257412687500001 0.19363144375000002 0.8219720562499999 0.1998025671875 0.8256301687500001 0.20574685 0.8234683953124999 0.2101385921875 0.8192004015625001 0.21286437500000002 0.81289548125 0.2135976515625 0.804858278125 0.22249455937499998 0.8001607953125 0.22144845625 0.8058558375 0.2293852421875 0.7976663078125 0.2332040828125 0.7874261125 0.229299259375 0.7797909125 0.2305057375 0.776409965625 0.223255275 0.7665299640625001 0.223448884375 0.7482663015625 0.234172125 0.7398826406250001 0.2447017578125 0.7443201328125 0.2542179890625 0.7364873656250001 0.260702471875 0.67301763125 0.3001557390625 0.66747909375 0.2961181328125 0.6590954328125 0.306647765625 0.6604866375 0.3082057921875 0.64795564375 0.31625584687499997 0.6578619296875 0.3182567375 0.6505176374999999 0.3238881921875 0.6354246515625 0.32430590000000004 0.6228936593750001 0.332355953125 0.5377488484375 0.3742663859375 0.5402845578125001 0.3797042328125 0.5266353453125 0.386068965625 0.5350877109375001 0.40419512187500006 0.5449677125 0.4040015125 0.5640766109375 0.3950908875 0.5697304296875 0.3858342 0.56023869375 0.3726062234375 0.6103626656250001 0.3404060078125 0.6457090562500001 0.33495749375 0.649090003125 0.34220795625 0.657085396875 0.34509991093750003 0.6770395328125 0.33800189999999997 0.6808087453125 0.33183077499999997 0.7026474875 0.321647203125 0.70830130625 0.3123905171875 0.7032298859375 0.30151482343749997 0.753195115625 0.273250453125 0.7576326078125 0.28276668437499997 0.767512609375 0.28257307656249997 0.7975408796875 0.26857066406249996 0.805890415625 0.28138550625000003 0.8126297078125001 0.3365643265625 0.7943660453125 0.3472875671875 0.7866334875 0.366340609375 0.770905534375 0.3825016984375 0.7732471109375 0.3946503375 0.7812425046875 0.3975422921875 0.8066563265625 0.38789838906249996 0.8150399875 0.37736875625 0.8249199890625001 0.377175146875 0.8494885734375 0.3657186265625 0.8551423921874999 0.356461940625 0.8500709734375 0.34558624843749997 0.857415265625 0.3399547921875 0.867295265625 0.339761184375 0.8782146375 0.33466939687499997 0.8714527453124999 0.3201684734375 0.8735314843750001 0.3103721171875 0.8586319921875001 0.3146038578125 0.8755431187499999 0.24560790781250003 0.8710525 0.2409119 0.8928912421874999 0.23072832656250003 0.9031595093749999 0.2171131328125 0.8938619078125001 0.19717436093750002 0.8868172046874999 0.199610609375 0.889635725 0.1881112828125 0.8765689109375 0.1743436359375 0.8638342265625001 0.1821944390625 0.86226859375 0.172184959375 0.8449755968750001 0.1493542359375