1 0 0.3448559671875 0.0331223875 0.349862134375 0.043174971875 0.344468984375 0.04836835 0.334987296875 0.0574567640625 0.3183943421875 0.07757953906250001 0.3076300109375 0.096292790625 0.31499662968750003 0.098680009375 0.308040790625 0.095669553125 0.25642055468749997 0.09909940625 0.22678167343750003 0.08888672343750001 0.196103034375 0.0792041625 0.154093859375 0.07665684843750001 0.12497791093749999 0.08156746875000001 0.0952329875 0.0734504453125 0.07111798750000001 0.053953403125 0.0547926140625 0.039613889062500005 0.0628176546875 0.031037990625 0.0680581015625 0.0307193828125 0.0816269671875 0.020332625 0.1005903421875 0.0175399890625 0.10309149843750001 0.0085898015625 0.1038745375 0.008075246875 0.11520371250000001 0.0021693234374999997 0.1337515578125 0 0.1377121484375 0 0.3448559671875
1 0.2992729421875 0.10493731875000001 0.2871459375 0.09845201406250001 0.2827253234375 0.09883876875 0.27803699375 0.1027987515625 0.27440177656250003 0.10535011406250001 0.2707139234375 0.11411236875 0.2681459953125 0.12545663125 0.2641904265625 0.137792115625 0.259116975 0.1475689234375 0.255726909375 0.156328634375 0.2543149921875 0.1604486328125 0.2923036265625 0.15399840468749998 0.294641559375 0.15024405624999998 0.2999601625 0.14667559375 0.3025675234375 0.146000815625 0.3048171421875 0.14446400625 0.30597209375 0.14081315156250002 0.3059326625 0.13014367031250001 0.30501845781250003 0.1231005296875 0.3018452734375 0.1104953984375 0.2992729421875 0.10493731875000001
1 0.1181133421875 0.8838778749999999 0.1263947578125 0.8799326593749999 0.11717317499999999 0.848391525 0.10309419687500002 0.8108104765625 0.0815351734375 0.8110745484375 0.053175703124999994 0.8200205625000001 0.04676968125 0.8577717203124999 0.0567089734375 0.897337040625 0.1181133421875 0.8838778749999999
1 0.42799552343749997 0.081074909375 0.44328096562499997 0.1181037421875 0.4368604875 0.1479807609375 0.4467326890625 0.1403465625 0.461464096875 0.1368009 0.46737001874999995 0.1182530546875 0.4586002140625 0.1212771453125 0.4804605609375 0.0787416453125 0.469016515625 0.016598604687499997 0.4547840984375 0.0088164546875 0.38477945 0.0171979 0.3655137515625 0.054969223437500006 0.382915134375 0.0647309578125 0.3933751796875 0.0638158234375 0.3983726109375 0.052094446875 0.40596673125000005 0.0356322265625 0.42799552343749997 0.081074909375
1 0.8440974859375 0 0.8448943124999999 0.0007573390625 0.8451494515625001 0.0036736 0.8449324828125 0.0101574640625 0.8904369187500001 0.0082215953125 0.893159128125 0.0056325656250000005 0.89306954375 0 0.8440974859375 0
1 0.503014528125 0 0.502635146875 0.0028668812500000002 0.50931585625 0.0222177390625 0.52117089375 0.0245187875 0.5191244687500001 0.064592025 0.5213462984375 0.083533690625 0.5234384453125001 0.107447028125 0.5465532750000001 0.10542474375 0.5443876484375 0.080671521875 0.5440670078125 0.0707319015625 0.5423340984375 0.050924657812499996 0.5408023125 0.026962293749999998 0.5452073609375 0.026576903125000002 0.5489572500000001 0.037885615625 0.5509065171875 0.06016585 0.554859215625 0.098891428125 0.5592642640625 0.0985060359375 0.5556535265625 0.0572351140625 0.5611481625 0.0567543953125 0.5662043265625 0.0638113 0.577769525 0.0627994765625 0.5909846703125 0.061643301562499996 0.587536128125 0.028680253125 0.587526646875 0.0095685421875 0.5915231140625 0 0.503014528125 0
1 0.1792551328125 0.2358253703125 0.1775231953125 0.2431000203125 0.1764419234375 0.25243352343750003 0.17736859062500002 0.2630253828125 0.213529403125 0.25845120312500003 0.2109621265625 0.23448539687499997 0.20628001562499998 0.22991119218749997 0.19902751875 0.228406415625 0.1957276234375 0.22869511875 0.1902340484375 0.22560242812500003 0.18498948906249998 0.2253560078125 0.1827636 0.2269847765625 0.1792551328125 0.2358253703125
1 0.10187547500000001 0.3587280015625 0.1013121265625 0.352288896875 0.0999409125 0.34486258125 0.0978516421875 0.33747558125 0.09725317812499999 0.3223883625 0.0963493796875 0.3203046375 0.08429671718750001 0.3062430390625 0.072572328125 0.3040010859375 0.0605898984375 0.30723571875 0.054366621875 0.318570659375 0.051819353125 0.3306889 0.05219491875 0.3349816359375 0.055000203125 0.34230599375000004 0.053695140625000005 0.35212925 0.0421956921875 0.3607051109375 0.0473016875 0.3613397921875 0.0897734546875 0.3770891640625 0.095510990625 0.40143585000000004 0.12690823125 0.3976310578125 0.1289623859375 0.39636994531249997 0.1282112546875 0.3877844734375 0.11706034843749999 0.37578327031250003 0.1068132390625 0.365865790625 0.10187547500000001 0.3587280015625
1 0.70915939375 0 0.7024942796875 0.01977464375 0.6963639140625 0.028586029687499997 0.7421991078125 0.02182545625 0.7401108671875 0.013733106249999998 0.7341612171875 0 0.70915939375 0
1 0.199779053125 0.56399733125 0.2014995484375 0.57595376875 0.2069878671875 0.592611415625 0.2161410234375 0.6049049421875 0.221510790625 0.6124986203125 0.22346380312499997 0.6194038609375 0.2685896203125 0.6124232468749999 0.269577184375 0.60829335625 0.2644813546875 0.5885922609375001 0.26264230781250003 0.5675718515625 0.2540968984375 0.5390982125 0.2456987859375 0.5277259921875 0.234000434375 0.524705975 0.2165484953125 0.5403615265624999 0.199779053125 0.56399733125
1 0.07232126718750001 0.6641925343749999 0.07207626875 0.6723438328125 0.0807475921875 0.6629280609375 0.0804209265625 0.6737964578125 0.1555228375 0.686870090625 0.1610396921875 0.6846712968750001 0.16901565624999998 0.7331365109375 0.176320453125 0.820248846875 0.18297359375 0.8179506406250001 0.1710096484375 0.745252815625 0.19118945468749998 0.7436967531249999 0.1858491078125 0.7294475515625 0.1946338109375 0.7176299171875 0.186097075 0.6668458 0.174756890625 0.649454165625 0.1677595 0.6537337078125 0.16620508437499998 0.645289040625 0.1695216609375 0.6364064625 0.1642864328125 0.6233587593750001 0.15369125781249998 0.6144826046875 0.1320491125 0.563599103125 0.113561621875 0.53945105625 0.0843139671875 0.5420098953125 0.07482599375 0.5551115046875 0.0663311109375 0.6172123171874999 0.0723103265625 0.6387638375 0.05638035625 0.6438483875000001 0.046018575 0.665607109375 0.047042299999999995 0.6679859546875 0.055468621875 0.6667214796875001 0.055386956249999994 0.66943858125 0.06389494531249999 0.6654570078125001 0.0637316140625 0.67089120625 0.07232126718750001 0.6641925343749999