1 0.63022355 0.3575051125 0.6322502531249999 0.3450607796875 0.6263689968749999 0.33804525625 0.6236946156250001 0.33231002656249997 0.618833125 0.329697978125 0.6089634968750001 0.3343002609375 0.6085352421875 0.33903415312499996 0.6106747484375 0.3436223359375 0.6048067859375 0.356806221875 0.6137544078125 0.37599445625 0.6236114171875 0.3982411734375 0.6314651671875 0.400509565625 0.6454576624999999 0.40026022031249997 0.6501521421875001 0.3935369546875 0.64450250625 0.393723303125 0.638086375 0.38556073281250003 0.6392574296875 0.363412590625 0.6338006734375 0.35619911875 0.63022355 0.3575051125
1 0.67934505 0.3873718796875 0.6763182671875 0.3667502125 0.6666032625 0.3521781640625 0.6558963390625 0.3370859578125 0.666784728125 0.3226988671875 0.6615732484375 0.3177846609375 0.6433470578125 0.3164911953125 0.6345943515625 0.3244861921875 0.634246790625 0.33787155625 0.636016115625 0.3605622484375 0.642395009375 0.3742418328125 0.6518590984375 0.3913790046875 0.6548028109375 0.399298840625 0.66456444375 0.3981777328125 0.6603406671875 0.4001473125 0.6791771625 0.3933291015625 0.67934505 0.3873718796875
1 0.685096303125 0.32677992499999997 0.6837868874999999 0.31189150312499997 0.6759873578125 0.304253340625 0.656790975 0.30991186875 0.6584012968749999 0.32090159375 0.6612803828125 0.327075815625 0.6606469734375 0.33630164375 0.6691587625000001 0.353003628125 0.6794138578125 0.374995753125 0.6880977421875001 0.37704945 0.6956326203125001 0.373535878125 0.6984876265625 0.3736182703125 0.6963358234375 0.3614673390625 0.697217321875 0.349781146875 0.6888206328125 0.336318384375 0.685096303125 0.32677992499999997
1 0.3415751265625 0.46348521875 0.3270313296875 0.48155948593750003 0.3300257296875 0.5398490234375 0.34062555156249996 0.547008921875 0.34217075 0.5503226109375 0.380522928125 0.5340420421875 0.398276015625 0.530608159375 0.397780265625 0.5243914671875001 0.37755750312499997 0.5225291125 0.364079975 0.5013845015625 0.3580180796875 0.49614275937499996 0.3597547421875 0.4921090078125 0.3700922015625 0.47277225625 0.36607072343749997 0.4641481703125 0.36037105937499997 0.45713417031250003 0.3415751265625 0.46348521875
1 0.749268790625 0.37307508125 0.7441219890624999 0.38154365156250003 0.742961234375 0.385981225 0.751407025 0.41107551875 0.762210175 0.42726071250000003 0.7654948765625 0.4287633203125 0.76672265625 0.4355523953125 0.7729477421875 0.4391491765625 0.778605390625 0.43737298593749996 0.7819820546875 0.43624666875000007 0.8103111078125 0.48586019374999995 0.8116030249999999 0.49001608125 0.8258742953124999 0.49418817343750004 0.84148364375 0.4886506828125 0.841748234375 0.48506200625 0.8366697578125001 0.478327271875 0.838116328125 0.470291125 0.8293205859375 0.45142859375000005 0.825101459375 0.43822455781249997 0.8146115921874999 0.44354707031249996 0.7988620953125001 0.4348749609375 0.7845057984375 0.4012616390625 0.7688810765625 0.3427069359375 0.7549659984375 0.3574192578125 0.7524123765625 0.354713728125 0.7495531609375 0.3625465875 0.749268790625 0.37307508125
1 0.75901064375 0.2707799921875 0.75209225 0.277333465625 0.7498843890625 0.280966290625 0.751726740625 0.2849172265625 0.751619690625 0.289397896875 0.74875999375 0.2951793875 0.747212484375 0.30255575156250003 0.7482096 0.3046940703125 0.7576708046875 0.309523028125 0.76327090625 0.30729094375 0.7698384125 0.308297171875 0.78050656875 0.30258119687499996 0.7813414078124999 0.2996058625 0.780529178125 0.2955366203125 0.7706660828125 0.2838610328125 0.7709938640625 0.2774154828125 0.7650168609375 0.2705825296875 0.75901064375 0.2707799921875
1 0.8745019328125 0.5182856140625 0.8891749109375 0.487410540625 0.8901901890625 0.4361127640625 0.9301578656249999 0.5366748265625 0.947322396875 0.5527038234375 0.9834497015625001 0.5321507249999999 0.9705995421875 0.5224369578125 0.9571675515625 0.4520156328125 0.9155915640625001 0.3688404078125 0.9445052546875001 0.36551225781249996 0.9526990156249999 0.3533816296875 0.9377437843750001 0.339098103125 0.883552734375 0.29414814375 0.862620996875 0.27896208906250003 0.8666909640625 0.26690970625 0.847141109375 0.22797729375000003 0.8321566984375 0.22848229375 0.8092587124999999 0.2447111703125 0.78819221875 0.2619307171875 0.7817681734375 0.277856509375 0.7928878187499999 0.2957733078125 0.7829243453125 0.304108771875 0.7760885421875 0.3220885203125 0.766542078125 0.3431769796875 0.7967202390625 0.43166709843750006 0.8208573953125 0.43887609687499995 0.8449886031249999 0.4876886640625 0.8645072109375 0.499844253125 0.8745019328125 0.5182856140625
1 0.5838587234375 0.38386646406249997 0.5893856796875 0.37322075 0.5828539875 0.36442245624999997 0.5757134015625 0.3629076484375 0.5754223578125 0.3571299484375 0.5661470296875 0.3614551046875 0.5705746015625001 0.3674589453125 0.5654358 0.3720102421875 0.57186515625 0.38408018906249997 0.5779926953125 0.40758325937500006 0.5840658921874999 0.40852690156250004 0.5870048359375 0.404466965625 0.5884325203125 0.391957153125 0.5838587234375 0.38386646406249997
1 0.7421562859375 0.3208607546875 0.751063225 0.312586953125 0.7481185359375 0.2974611359375 0.7483807437500001 0.2882704796875 0.747814234375 0.2800179484375 0.74082364375 0.2791572875 0.7357886109375 0.28426360625 0.73713288125 0.288033034375 0.733080375 0.30228403125000003 0.732582809375 0.3126878140625 0.735656221875 0.31839213437499997 0.73380729375 0.3206335265625 0.73443461875 0.3219788265625 0.7421562859375 0.3208607546875
1 0.6868131281250001 0.3164972015625 0.6815620640625 0.3192561390625 0.6868306375000001 0.3295571703125 0.69140913125 0.3333355984375 0.69534663125 0.3367922796875 0.698971871875 0.33758440156249997 0.7016000296875 0.343220503125 0.7072331453125 0.3402834125 0.7065619296875 0.3328038 0.7038233796875 0.32194365 0.6950913984375 0.3232225125 0.6868131281250001 0.3164972015625
1 0.855162378125 0.2478388578125 0.8593451765625 0.2590254796875 0.8601347796875001 0.2662602453125 0.8578561796875 0.2725120984375 0.858808953125 0.27344703593749997 0.8643175781249999 0.2774468671875 0.8925460546874999 0.30129859375 0.9334270546875001 0.33338738125 0.9490128406249999 0.3323433515625 0.9392110406249999 0.315811903125 0.9325661265624999 0.3026701328125 0.92366004375 0.29022071875 0.9208007328125 0.2763308703125 0.9216010921875 0.2624757578125 0.9201417390625 0.25934616250000003 0.91590235 0.2502547625 0.9035545390624999 0.2459960390625 0.88958186875 0.2493911109375 0.8764860265625 0.252394553125 0.87298671875 0.2515954265625 0.8742342640625 0.24756563125 0.8770199109375 0.2424565609375 0.87553740625 0.2303555765625 0.8720621312500001 0.2240111140625 0.8634499359375001 0.2211136953125 0.8516818468749999 0.225911634375 0.8468024609375 0.22991095625 0.848402825 0.22885437031250003 0.85232429375 0.23393911093750003 0.855162378125 0.2478388578125
1 0.543779153125 0.3668512546875 0.5411401703125 0.3667888125 0.538179521875 0.368807275 0.5367027390625 0.371237178125 0.5394563609375 0.37714234062499996 0.53797958125 0.37957224218749996 0.533993534375 0.3836032421875 0.534933115625 0.3883889125 0.5380999203125 0.3945151703125 0.5423336109375 0.3945063609375 0.5511618859375 0.4106125171875 0.5535853078125 0.40882732656250004 0.55806709375 0.40868558593750004 0.55232164375 0.393538284375 0.5537696578125 0.39243205625 0.5587561062499999 0.38705530781249997 0.550841934375 0.373574428125 0.5477803359375 0.3726056765625 0.5458403515625 0.36916575625000003 0.543779153125 0.3668512546875