1 0.58906895625 0.7070534234375 0.58646433125 0.7126696796875 0.5876435046874999 0.72020891875 0.580456421875 0.7355810453125 0.5811621453125 0.7391170546875 0.586206440625 0.7406697875 0.5870848421875 0.740159978125 0.5901787109375001 0.7277126828125 0.5930689890624999 0.719863896875 0.5976101625 0.7153638796874999 0.5977747015625 0.7113372375 0.5997771984375 0.70661965 0.599899634375 0.70169246875 0.5942532093749999 0.7010384078125 0.58906895625 0.7070534234375
1 0.623783103125 0.7478387203125 0.623970490625 0.7509962828125001 0.63490016875 0.750520709375 0.6426480984375 0.7395057656249999 0.6478471265625 0.718220078125 0.6500365234375 0.7058641390625 0.6466696093750001 0.6993200234375 0.6404013046875 0.706889178125 0.6336125140625 0.7264815890625 0.623783103125 0.7478387203125
1 0.372823940625 0.65896623125 0.376828215625 0.65761055625 0.38297397499999997 0.652569490625 0.37995395 0.659684225 0.380944440625 0.6654685671875 0.3862680375 0.6623643968749999 0.388245509375 0.6563461328125 0.39607951875 0.6405696375 0.40184007031249996 0.6445538578125001 0.402528884375 0.6402518421875001 0.40596175937499995 0.617288534375 0.40630928749999995 0.61515016875 0.40662997812499996 0.60763650625 0.40274659843749994 0.6059881093749999 0.39668595 0.614867565625 0.39366592499999997 0.6219823 0.38325971718749996 0.63438108125 0.3785953640625 0.6453696078125 0.37176893125 0.6546935140625 0.372823940625 0.65896623125
1 0.508421075 0.6778674765625 0.5137891734375 0.6627417015625 0.515042884375 0.6503507078124999 0.508914921875 0.6469121390625 0.5041298671875001 0.65918475 0.5009025171875 0.6603496609375 0.5005978890625 0.663026784375 0.5026935 0.6650479453125 0.4975132609375 0.675772225 0.49730887343749997 0.68073251875 0.49114671718749997 0.695249646875 0.498077125 0.6987572421875 0.5038294640625 0.683206121875 0.508421075 0.6778674765625
1 0.47513212656250003 0.69014929375 0.4766043546875 0.6851613546875 0.47713333750000003 0.6749975734375 0.47404016406249994 0.672847196875 0.4701829625 0.67401634375 0.466580775 0.6795033828125 0.4638063578125 0.687039228125 0.466084625 0.6955881859375 0.47513212656250003 0.69014929375
1 0.7170488109375001 0.751577771875 0.7199005015625 0.7485785968750001 0.7234333625 0.7402556984374999 0.7223961203125 0.732821971875 0.7188879890625001 0.7299296421875 0.70547104375 0.7627776484375001 0.7112529656250001 0.765231928125 0.7170488109375001 0.751577771875
1 0.423407525 0.6576467546875 0.4248864375 0.6504436671875 0.42957575468750003 0.65139306875 0.43709507500000006 0.6318391609375 0.435443025 0.6269735265625 0.43347281718749997 0.6256166750000001 0.4333103453125 0.6213606953124999 0.43157100625 0.6185402 0.4284315484375 0.6190181781249999 0.42643884062500004 0.624192571875 0.4277643203125 0.6265884374999999 0.4227422140625 0.6296621578125 0.4168847953125 0.643901253125 0.4163253734375 0.64705866875 0.41766298281249997 0.64762645 0.41319919218749995 0.65906223125 0.410705609375 0.6718548625 0.41050600781249996 0.6746444656249999 0.412001828125 0.6752794046874999 0.41453371250000004 0.6753130281249999 0.41936997031249995 0.6671586375 0.423407525 0.6576467546875
1 0.5603252796875 0.71542540625 0.5615056140625 0.7126447140625001 0.562816190625 0.7095571875 0.5640268859375 0.70606514375 0.5655979515625 0.7023639453125 0.5668167859375 0.698852725 0.5675440468749999 0.692620634375 0.5698743515625 0.6877706031249999 0.5680790234375 0.683002578125 0.565763378125 0.68201964375 0.5636481578125 0.6844034999999999 0.5599155312499999 0.6919173625 0.5570100484375 0.6936036515625 0.5554301859375 0.6947662718750001 0.55279333125 0.6958197140625 0.550983340625 0.6968846531249999 0.550393503125 0.699553875 0.5522488953125 0.7003414421875 0.554718903125 0.70028090625 0.5575555234375 0.7000364984375 0.5577089484375 0.70227434375 0.5566595171875 0.7073059546875 0.5545978390624999 0.7115231375 0.5527819875 0.720959615625 0.5526517421875 0.7212664515625 0.5520315453125 0.724647025 0.5503517984374999 0.725405128125 0.5505907234375 0.7280413875 0.5533666203125 0.7292196859375 0.555443340625 0.7275663609375 0.5573829156250001 0.7236368343749999 0.5592144671875 0.7193219671875 0.5603252796875 0.71542540625
1 0.7875947140624999 0.7637335796875 0.7926563375 0.7643657328125 0.7941714656250001 0.759916553125 0.799104446875 0.7482951796874999 0.7988405265625 0.73903961875 0.7985097203125 0.7388992 0.794147275 0.7410986703125 0.78791169375 0.7521897562500001 0.7825166484375 0.75954114375 0.783711334375 0.7620851828124999 0.7875947140624999 0.7637335796875
1 0.578138946875 0.71216851875 0.5760791968750001 0.7110226171875 0.577857725 0.710351709375 0.57990653125 0.7095239375 0.5807452234375 0.7070282453125001 0.5814615640625 0.7053406546875001 0.5833515 0.701887971875 0.5838505859375 0.6967132859375 0.5818657468749999 0.695870771875 0.57892454375 0.69376226875 0.576928784375 0.6974642531249999 0.5739292203125 0.7010117390625 0.571774590625 0.7020888140625 0.5702386203125 0.7017084234375 0.5666650343749999 0.703609034375 0.5660545171875 0.7050473234375 0.5650563203125001 0.708878525 0.5644685734375 0.7097833 0.5623916609374999 0.7131566125 0.561561109375 0.715633128125 0.560565715625 0.72145718125 0.5595263218750001 0.7264251546875 0.558288759375 0.7298605296875 0.5586174203125001 0.73056585 0.561851425 0.7325044171874999 0.5637469687500001 0.7330374374999999 0.5684913453125 0.7273788859375 0.570328234375 0.721051990625 0.5727475328125 0.71583235 0.5739857546875 0.714954728125 0.5761431875 0.7158705046875 0.578138946875 0.71216851875
1 0.446617803125 0.6516335453125001 0.4491408640625 0.642610421875 0.451554415625 0.6363246140625 0.44947297031250005 0.629511375 0.44748813125 0.6286688609375 0.4421916515625 0.6313092609375001 0.4393358078125 0.6325187062500001 0.4357193453125 0.6403987328125 0.4324713921875 0.648050428125 0.42996420156250004 0.653957 0.42685422187500005 0.6582044890625001 0.4204311140625 0.669057546875 0.4212401265625 0.6763491328125 0.43494573281250004 0.67173323125 0.4413592140625 0.66402200625 0.446617803125 0.6516335453125001
1 0.0905316625 0.5180241390625 0.0897156265625 0.5294240234375 0.098644759375 0.5348211234375 0.099800671875 0.5320979640625 0.1015870390625 0.530728775 0.10745650312499999 0.5187806765625 0.10554000781249999 0.511018990625 0.10580132187499999 0.5047249140625001 0.100364590625 0.5024171578125001 0.09598113281250001 0.5080252187500001 0.0905316625 0.5180241390625
1 0.604354528125 0.7155107921875 0.6017934921875 0.7189049328125 0.5990376875 0.73595433125 0.5954966875000001 0.7442964078125 0.5971313578124999 0.7488830734375 0.60379566875 0.7490186390625 0.6076108265625 0.7363117 0.612158575 0.727197440625 0.614569703125 0.727315603125 0.6170936703125001 0.720329790625 0.61725774375 0.712025409375 0.6197993640624999 0.71131629375 0.6225339859375 0.7059136453125 0.6208418390625 0.7025021031249999 0.6206506015625 0.6982339125 0.6184695453125 0.6970138875 0.618009184375 0.6944194296874999 0.6171904046875001 0.6931892109375 0.6141792921875 0.693404815625 0.6124370359375 0.6980291750000001 0.6029068375 0.711003490625 0.604354528125 0.7155107921875
1 0.154711565625 0.561652828125 0.16241729062500002 0.535501453125 0.1611687578125 0.5304449828125 0.1738236859375 0.531290178125 0.18811673125 0.5509367203125 0.178348453125 0.5739493421875 0.18022125 0.5815340499999999 0.18885098281249998 0.585197153125 0.1964219421875 0.5793578328125 0.20510485625000002 0.55890216875 0.3775345359375 0.6184435500000001 0.5766444749999999 0.7113304609375 0.564623884375 0.735650284375 0.565872415625 0.7407067546875 0.5745021484375 0.744369859375 0.5790067718749999 0.7417554578125001 0.5865227390625 0.7200500375 0.586902253125 0.7111581296875 0.5850432046875 0.7075399453125 0.6270368578125 0.68858736875 0.63219324375 0.696434253125 0.6340660406249999 0.704018959375 0.639819196875 0.7064610296875 0.6465761328124999 0.7025394265625 0.64988721875 0.7107346515625 0.6556403734375 0.7131767203125 0.6601449984375 0.71056231875 0.6664674265625 0.699666525 0.7116786453125 0.7211207984375 0.709860840625 0.729402190625 0.7117336375 0.7369868984375 0.7146102156249999 0.738207934375 0.7207428859375 0.73175809375 0.7251127453125 0.7494557453125 0.733742478125 0.75311885 0.738247103125 0.7505044468750001 0.750891959375 0.7287128609375 0.8525085750000001 0.77524143125 0.8487505921875 0.786094140625 0.8506233890624999 0.7936788484374999 0.8592531234375 0.797341953125 0.8603668890625 0.8227104781250001 0.8505986109375 0.8457231000000001 0.8524714078125 0.8533078062499999 0.861101140625 0.8569709109374999 0.8686721000000001 0.8511315906249999 0.8768123328125 0.8319544046875 0.8757535578125 0.8224519796875001 0.867123825 0.8187888750000001 0.8657570484375 0.7993482890625 0.8668240812500001 0.79150263125 0.8650736609375 0.789627996875 0.87477455625 0.7767714015625 0.8643902734375001 0.779907703125 0.8637068828125001 0.7701874125 0.8730915171875001 0.764740740625 0.8630234953125001 0.7604671187500001 0.856266559375 0.764388721875 0.8556706640625 0.7575842625 0.7527310421875 0.7172243015624999 0.749833184375 0.719210434375 0.7453782109375 0.7143414499999999 0.7397651625 0.7149368140625 0.7380253812500001 0.7114585953125 0.7233197203125 0.7056928859375 0.716562784375 0.7096144890625 0.7153711796875 0.70322423125 0.6676799390625 0.688412303125 0.6654086515625 0.6901641 0.6597314 0.685943646875 0.6582172078124999 0.6871115125 0.64383431875 0.6810063390625001 0.5811490984375001 0.708716059375 0.3704234671875 0.615126159375 0.21397994531250003 0.5421435859375 0.20944631406249997 0.5486743359374999 0.2083875390625 0.5391719109374999 0.19975780625 0.53550880625 0.1930008703125 0.539430409375 0.19111309999999998 0.5341025968750001 0.1824683921875 0.5326963874999999 0.14879343125 0.5116124625 0.1401636984375 0.5079493578125 0.131059571875 0.5154011390625 0.1306001515625 0.52425913125 0.1219554453125 0.5228529203125001 0.10342266874999999 0.562514490625 0.1052954671875 0.5700991984375 0.11392519999999999 0.573762303125 0.1184298234375 0.5711478999999999 0.1294466328125 0.55319175 0.13476527968750002 0.5486596296874999 0.1376418578125 0.549880665625 0.1385108734375 0.5638290453125 0.1471406078125 0.56749215 0.154711565625 0.561652828125