1 0.20987499999999998 0.8737939109375 0.212875 0.8378220140625 0.20837500000000003 0.817611240625 0.19337500000000002 0.8108665109375 0.179890625 0.826580796875 0.187375 0.8737939109375 0.172390625 0.8805152218750001 0.164890625 0.882763465625 0.152890625 0.9366978921875001 0.154390625 0.954683840625 0.16789062500000002 0.9456908671875001 0.17089062500000002 0.9254566750000001 0.172390625 0.9344496484375 0.166390625 0.9681733015624999 0.158890625 0.9748946140625 0.152890625 0.9793911 0.164890625 0.9883840749999999 0.218859375 0.98613583125 0.22935937499999998 0.9119906328124999 0.22935937499999998 0.894004684375 0.21735937500000002 0.8782669796875 0.20987499999999998 0.8737939109375
1 0.51675 0.9993911000000001 0.52228125 0.9289929750000001 0.5211718750000001 0.9099531609374999 0.5239375 0.881803278125 0.5068125 0.8577751749999999 0.49796874999999996 0.8486651046875 0.50459375 0.8370725999999999 0.5029375 0.8163700234375 0.49078125000000006 0.8047540984375001 0.479171875 0.8080796250000001 0.47531249999999997 0.8296018734375 0.47642187500000005 0.8486651046875 0.48028125 0.8577751749999999 0.48028125 0.8652224828125 0.50515625 0.9223653390625 0.50459375 0.9497189703125001 0.486921875 1 0.51675 0.9993911000000001
1 0.45804687499999996 0.752084309375 0.44534375 0.75320843125 0.437875 0.77224824375 0.44048437500000004 0.78063231875 0.4206875 0.7968618265625 0.41321874999999997 0.8315690859375 0.41060937500000005 0.8416627640625001 0.441984375 0.8416627640625001 0.45953125000000006 0.8466978921875 0.47709375 0.8601170953124999 0.47521874999999997 0.8539578453125 0.47298437499999996 0.8405386421875001 0.47521874999999997 0.8231850109375 0.46699999999999997 0.8119906328125 0.47037500000000004 0.7929508203125 0.469625 0.7610304453125 0.45804687499999996 0.752084309375
1 0.709 0.4780327875 0.7084374999999999 0.495948478125 0.70159375 0.5113114750000001 0.710140625 0.5279625296875 0.713265625 0.5458782203125 0.71384375 0.5685011703125 0.7212500000000001 0.5858079625 0.7315 0.5840983609375 0.7286406249999999 0.542716628125 0.73690625 0.543747071875 0.7326406249999999 0.49894613593750003 0.726375 0.4963934421875 0.72409375 0.47505854843749995 0.709 0.4780327875
1 0.047953125 0.8539344265625 0.038953125 0.8763934421874999 0.040453125 0.9258313812500001 0.097421875 0.928079625 0.10192187500000001 0.9146135828125 0.089921875 0.894379390625 0.0719375 0.86517564375 0.0614375 0.8426932078125 0.047953125 0.8539344265625
1 0.8371875 0.5320140515625 0.8422968750000001 0.5335363 0.846890625 0.5419672125 0.848421875 0.5526697890625 0.850984375 0.5611007031249999 0.8504687499999999 0.57871194375 0.84790625 0.5901873531249999 0.8448437500000001 0.6009133484375 0.84790625 0.610843090625 0.861703125 0.5924824359375 0.8688593750000001 0.5710538640625 0.86834375 0.55421545625 0.8668125 0.53967213125 0.867828125 0.5258782203125001 0.87140625 0.5144028109375001 0.8673125 0.5090398125 0.86528125 0.4929742390625 0.8586406249999999 0.4899063234375 0.852515625 0.49220140468749995 0.848421875 0.5021545671875 0.8397343749999999 0.5159250578125001 0.8310625 0.5281733015625 0.82696875 0.5343091328125 0.8371875 0.5320140515625
1 0.743625 0.9842622953125 0.745125 0.959555034375 0.739125 0.9101170953125 0.754109375 0.8853864171874999 0.7601093750000001 0.835948478125 0.754109375 0.7865105390625 0.752609375 0.7393208437500001 0.740625 0.7393208437500001 0.743625 0.7168618265625 0.7421249999999999 0.696627634375 0.7226250000000001 0.6898829046875 0.713640625 0.707868853125 0.703140625 0.7415690859375 0.694140625 0.7775175640625 0.700140625 0.7955035125000001 0.710640625 0.773044496875 0.718125 0.835948478125 0.707640625 0.9101170953125 0.707640625 0.9820140515625001 0.706140625 0.9865105390625001 0.728625 0.9887587828125 0.743625 0.9842622953125
1 0 0.9865105390625001 0.019453124999999998 0.9887587828125 0.019453124999999998 0.9842622953125 0.019453124999999998 0.9573067921874999 0.032953125 0.9775175640624999 0.043453124999999995 0.959555034375 0.037453125 0.9415690859374999 0.034453125 0.898875878125 0.01196875 0.8763934421874999 0.00446875 0.86067915625 0.01046875 0.8247306796875 0 0.8112412171875001 0 0.9865105390625001
1 0.44246875 0.49259953124999994 0.43646874999999996 0.503419203125 0.43765625 0.5052224828125 0.446671875 0.503419203125 0.450875 0.5025058546875 0.45267187499999995 0.5043091328125 0.45267187499999995 0.5088056203125 0.46107812499999995 0.5088056203125 0.464078125 0.5124121781250001 0.46528125 0.520515221875 0.465890625 0.529508196875 0.463484375 0.5367213109375 0.462890625 0.54482435625 0.46709375 0.555620609375 0.46889062499999995 0.5673067921875 0.47009375000000003 0.572716628125 0.471890625 0.576323184375 0.47368750000000004 0.5673067921875 0.47068750000000004 0.54840749375 0.47009375000000003 0.5466042156250001 0.4725 0.5367213109375 0.474296875 0.5349180328124999 0.479703125 0.529508196875 0.48209375000000004 0.5268149890625 0.48390625 0.5160187359374999 0.4845 0.5061124125 0.482703125 0.49892271718750003 0.48209375000000004 0.49351288125000004 0.48090625 0.48810304374999997 0.47909375 0.4836065578125 0.47609375 0.48 0.471296875 0.47730679218749994 0.46829687499999995 0.4764168625 0.4676875 0.47370023437500003 0.465890625 0.46651053906250006 0.4646875 0.46110070312499996 0.456875 0.4592974234375 0.458078125 0.4575175640625 0.45028125 0.46201405156249997 0.44846874999999997 0.47281030468749996 0.444265625 0.481803278125 0.44246875 0.49259953124999994
1 0.991 0.7325761125 0.9835 0.6898829046875 0.9670156249999999 0.6831381734375 0.964015625 0.638196721875 0.94003125 0.640444965625 0.93103125 0.6763934421875 0.9160468749999999 0.707868853125 0.92053125 0.7213583140625001 0.93253125 0.707868853125 0.9160468749999999 0.7932552687500001 0.9220312500000001 0.86517564375 0.9220312500000001 0.87416861875 0.953515625 0.87416861875 0.962515625 0.79775175625 0.9700156249999999 0.73032786875 0.991 0.7325761125
1 0.572984375 1 0.57353125 0.9913348953125001 0.566890625 0.9597892265624999 0.568546875 0.9299063234375 0.56965625 0.8950351281250001 0.564125 0.8684777515625001 0.55415625 0.8551990625 0.555265625 0.8410772828124999 0.556921875 0.8128571421874999 0.5491718750000001 0.7887822015625 0.534765625 0.7929274000000001 0.528125 0.7995784546875 0.5253593750000001 0.807868853125 0.5236875000000001 0.8277985953125 0.5292343749999999 0.8493911000000001 0.53421875 0.8668149890624999 0.531453125 0.871803278125 0.52425 0.8892271656249999 0.5236875000000001 0.9074941453125 0.515390625 1 0.572984375 1
1 0.8791874999999999 0.92421545625 0.8881718749999999 0.9896252921875 0.889453125 1 0.994703125 0.9973302109375 1 0.9896252921875 0.976734375 0.88189695625 0.9369531249999999 0.8607259953125 0.892015625 0.8915222484375 0.8791874999999999 0.92421545625
1 0.5856874999999999 0.47775175625 0.5856874999999999 0.48416861874999995 0.582390625 0.4910772828125 0.5758125 0.49995316093750003 0.5718593750000001 0.5093208437500001 0.578109375 0.501920375 0.58271875 0.5063700234375 0.5863437499999999 0.5073536296875 0.5899687499999999 0.5078454328124999 0.595890625 0.5078454328124999 0.6028125 0.5083372359375 0.600171875 0.5162295078125 0.604453125 0.51770491875 0.612359375 0.5152459015625 0.608078125 0.528571428125 0.60775 0.5325058546875 0.6070781249999999 0.5364637 0.60675 0.53744730625 0.605765625 0.545339578125 0.6087343749999999 0.55421545625 0.612015625 0.5640983609375 0.612359375 0.5660655734375 0.61465625 0.5734660421875 0.6153125 0.587283371875 0.617296875 0.59320843125 0.62321875 0.5882669796875 0.621890625 0.5749414515625 0.617953125 0.5640983609375 0.614328125 0.550772834375 0.617953125 0.5344964875 0.616953125 0.5241217796875 0.617953125 0.5162295078125 0.61828125 0.5127868859375 0.6192656249999999 0.5078454328124999 0.618609375 0.5053864171875 0.616296875 0.4970023421875 0.6116875 0.48908665156250003 0.605765625 0.48466042187499997 0.603140625 0.47971897031250005 0.60246875 0.4733021078125 0.602140625 0.46936768124999995 0.6008281249999999 0.4634426234375 0.59853125 0.46098360625 0.59621875 0.46046838437500004 0.593265625 0.46046838437500004 0.588328125 0.4654098359375 0.587 0.46985948437499997 0.5856874999999999 0.47775175625
1 0.9015625 0.4894613578125 0.896875 0.47775175625 0.8875 0.473067915625 0.8796875 0.4847775171875 0.88720703125 0.49926814999999997 0.879296875 0.4994145203125 0.878125 0.50351288125 0.87138671875 0.49956089062500003 0.784375 0.5011709609375 0.7828125 0.49648711875 0.778125 0.4941451984375 0.7767578125 0.49736533906249997 0.769140625 0.49355971875 0.775 0.47775175625 0.76875 0.473067915625 0.75390625 0.48594847812499997 0.7484375 0.4871194375 0.7462890625 0.48214285781250005 0.740625 0.4894613578125 0.738671875 0.4783372359375 0.7390625 0.47423887656249997 0.7310546875 0.474531615625 0.7375 0.45901639375 0.728125 0.454332553125 0.725 0.444964871875 0.71875 0.4402810296875 0.7125 0.4426229515625 0.7078125 0.4238875875 0.6984375 0.40749414531249994 0.6953125 0.391100703125 0.6890625 0.3864168625 0.6796875 0.3934426234375 0.6734375 0.41451990624999996 0.6609375 0.4121779859375 0.653125 0.3981264640625 0.6484375 0.39578454375 0.6359375 0.400468384375 0.6296875 0.41451990624999996 0.6244140625 0.42125292812500004 0.6015625 0.40983606562499997 0.6 0.40281030468749995 0.5936755953125 0.40961302499999996 0.585788690625 0.4093899859375 0.5921875 0.391100703125 0.571875 0.3770491796875 0.5640625 0.3887587828125 0.5609375 0.4121779859375 0.554241071875 0.408497825 0.5484375 0.41451990624999996 0.5463541671875001 0.408274784375 0.546875 0.40163934375 0.5453125 0.3887587828125 0.5359375 0.3840749421875 0.528125 0.39578454375 0.5305803578125 0.40782870468750004 0.528125 0.41451990624999996 0.5234375 0.4215456671875 0.522693453125 0.40760566562499995 0.5148065468749999 0.407382625 0.5140625 0.41451990624999996 0.5069196421875 0.4071595859375 0.49114583281249996 0.40671350625 0.4859375 0.4121779859375 0.483258928125 0.406490465625 0.47537202343749996 0.4062674234375 0.4765625 0.41451990624999996 0.4734375 0.4215456671875 0.46748511875 0.406044384375 0.4438244046875 0.4053752640625 0.4390625 0.4121779859375 0.4359375 0.405152225 0.428125 0.3981264640625 0.4265625 0.3864168625 0.421875 0.3817330203125 0.41875 0.3817330203125 0.4109375 0.3934426234375 0.40625 0.3934426234375 0.4015625 0.400468384375 0.4046875 0.428571428125 0.3984375 0.43793910937499997 0.3953125 0.4613583140625 0.3953125 0.4941451984375 0.3984375 0.4988290390625 0.4046875 0.4988290390625 0.4078125 0.4941451984375 0.4265625 0.5011709609375 0.43125 0.4941451984375 0.428125 0.45901639375 0.4359375 0.4496487125 0.4359375 0.428571428125 0.4390625 0.4238875875 0.473046875 0.4344262296875 0.471875 0.473067915625 0.4765625 0.4800936765625 0.484375 0.4800936765625 0.49375 0.4660421546875 0.503125 0.47775175625 0.5041666671875 0.483996878125 0.4984375 0.508196721875 0.4859375 0.5199063234375 0.484375 0.5339578453125 0.4890625 0.54098360625 0.503125 0.5386416859375001 0.51875 0.5128805625 0.521875 0.517564403125 0.521875 0.5573770484375 0.5265625 0.5644028109375 0.534375 0.5644028109375 0.55625 0.519237203125 0.5546875 0.5100702578125 0.5609375 0.509702240625 0.565625 0.50351288125 0.5703125 0.5072599531249999 0.5765625 0.5011709609375 0.578125 0.5058548015625 0.578125 0.4988290390625 0.5864583328124999 0.482435596875 0.5859375 0.47775175625 0.5875 0.468384075 0.590625 0.47189695625 0.5890625 0.4613583140625 0.5947916671875 0.4613583140625 0.5921875 0.454332553125 0.5989583328125 0.450819671875 0.603125 0.4402810296875 0.6234375 0.4426229515625 0.625 0.468384075 0.63125 0.482435596875 0.6375 0.4871194375 0.6484375 0.4871194375 0.6546875 0.4800936765625 0.6765625 0.5128805625 0.671875 0.531615925 0.6625 0.5339578453125 0.65625 0.54098360625 0.6546875 0.555035128125 0.659375 0.5644028109375 0.6703125 0.5644028109375 0.6796875 0.5597189703125001 0.6890625 0.6018735359375 0.7 0.6182669796875 0.709375 0.6182669796875 0.7140625 0.6112412171875 0.7140625 0.5971896953125 0.709375 0.590163934375 0.709375 0.5737704921875 0.7125 0.5714285718750001 0.7125 0.5480093671875 0.70625 0.531615925 0.703125 0.50351288125 0.73025568125 0.5054289984375 0.7375 0.508196721875 0.7421875 0.517564403125 0.7625 0.52224824375 0.759375 0.5339578453125 0.759375 0.5433255265625 0.7640625 0.5526932078125 0.7609375 0.5714285718750001 0.765625 0.580796253125 0.775 0.580796253125 0.7796875 0.5737704921875 0.7796875 0.5597189703125001 0.775 0.5503512875000001 0.778125 0.545667446875 0.7796875 0.5339578453125 0.7859375 0.526932084375 0.871875 0.5105386421875 0.871875 0.5292740046875 0.878125 0.5339578453125 0.88359375 0.5433255265625 0.880790440625 0.6236855390625 0.8780330875000001 0.6473496515625 0.86875 0.6814988296875 0.8671875 0.697892271875 0.8640625 0.7025761125 0.8546875 0.7025761125 0.8453125 0.7283372359375 0.8453125 0.7634660421875 0.8546875 0.779859484375 0.8609375 0.784543325 0.8671875 0.7985948484375001 0.875 0.8032786890624999 0.8828125 0.8196721312499999 0.871875 0.8454332546875 0.871875 0.8618266984374999 0.8765625 0.8711943796874999 0.8859375 0.8711943796874999 0.890625 0.86416861875 0.8921875 0.8524590156249999 0.9046875 0.8220140515625 0.9046875 0.779859484375 0.9078125 0.761124121875 0.90625 0.7330210765625 0.9046875 0.7283372359375 0.8953125 0.721311475 0.890625 0.7002341921874999 0.8875 0.697892271875 0.8859375 0.68384075 0.88125 0.6768149890624999 0.8747596156249999 0.672221221875 0.8823317312500001 0.6641145734375 0.8766544125 0.6591817046874999 0.8834134609375001 0.651414159375 0.8794117640625 0.6477476234374999 0.8860576921875 0.6398847046875 0.8821691171875001 0.636313540625 0.8887019234375 0.62835525 0.8849264703124999 0.624879459375 0.891346153125 0.6168257968749999 0.8876838234375001 0.6134453765625001 0.8821691171875001 0.611853484375 0.88354779375 0.600021428125 0.8904411765625 0.602011296875 0.8966346156249999 0.593766890625 0.8931985296875 0.590577215625 0.8992788468749999 0.5822374359375 0.8959558828124999 0.5791431328125001 0.9019230765625 0.57070798125 0.8987132359375 0.5677090515625001 0.9045673078125 0.5591785265625 0.8984375 0.5526932078125 0.9015625 0.5480093671875 0.9072115390625 0.547649071875 0.904227940625 0.5448408875 0.90985576875 0.53611961875 0.90698529375 0.53340680625 0.9125 0.5245901640625 0.909742646875 0.5219727234375 0.9125 0.5105386421875 0.9109375 0.4988290390625 0.909375 0.4941451984375 0.90302734375 0.498975409375 0.9015625 0.4894613578125