1 0.5674985140625 0.6528654359375 0.565935109375 0.6552132375 0.5650464796875 0.662450553125 0.5643635031249999 0.6680129484374999 0.56368644375 0.678655596875 0.564928515625 0.6841814890625 0.56627329375 0.6834860265625 0.5671363406250001 0.6799187812499999 0.5666234734375 0.6840957484375 0.5687171249999999 0.6843528156249999 0.56981883125 0.678841834375 0.5707834359375 0.6744474687500001 0.5714334046875 0.6691538890625 0.5718347546875 0.6624234671875 0.5714316484374999 0.655321403125 0.5711400609374999 0.650772796875 0.571038503125 0.65159991875 0.5698879125 0.6489188796875001 0.5674985140625 0.6528654359375
1 0.511274928125 0.667287671875 0.51180810625 0.6629452828125 0.5105977328125 0.6553662828125 0.5081416765625 0.6512655640625 0.5054425124999999 0.6529911484375 0.506932509375 0.6572671062500001 0.5067598609374999 0.6586732125 0.502871553125 0.661365246875 0.502730615625 0.6654619390625001 0.503897878125 0.6674943421874999 0.5035065546874999 0.6764509125 0.5063434531250001 0.677449925 0.5065421046874999 0.67493455 0.507889959375 0.6697266609375 0.511274928125 0.667287671875
1 0.47932302968749996 0.66493870625 0.4813243765625 0.661973003125 0.4819871203125 0.660165296875 0.4843096828125 0.656378453125 0.4839934640625 0.6535689734375 0.48325266562499997 0.6444733953124999 0.4814740515625 0.642932653125 0.480728253125 0.6374676953125 0.4783271 0.6348430046875 0.47568605625 0.6359670203125 0.47344789374999996 0.638169003125 0.47251663749999995 0.641266096875 0.47228813125 0.6431271203125 0.4698614734375 0.6477617640625 0.47025070468749997 0.6508740656249999 0.47007051874999994 0.6559314703125 0.472384734375 0.6601617 0.4723331453125 0.6649410375 0.4728354 0.668927796875 0.47478146718750003 0.67615634375 0.477785659375 0.6756646296875 0.4774785640625 0.67111411875 0.47795334531250006 0.6672473250000001 0.47932302968749996 0.66493870625
1 0.4841536421875 0.6582903546875001 0.48561042343749994 0.6615547234375 0.49092064999999996 0.660359634375 0.49146185 0.6537723234375 0.4942604390625 0.6490574078125 0.492269365625 0.6448878453125 0.49120687968750004 0.6399507265625 0.488478671875 0.6366561843749999 0.4868379359375 0.64027486875 0.4837685703125 0.6464258218750001 0.48380741250000003 0.6476479984375 0.484693546875 0.65466244375 0.4841536421875 0.6582903546875001
1 0.008502303125000001 0.5717194171875 0.0098776796875 0.56846695625 0.010500140625 0.5659616421875 0.011071403125 0.56130908125 0.00928091875 0.560249646875 0.0067005499999999996 0.5654951109375 0.00442993125 0.568217853125 0.0026649453125 0.5800282890624999 0.00171934375 0.5824729375000001 0.0071515843750000006 0.5827201375 0.008502303125000001 0.5717194171875
1 0.0347227703125 0.5740783046875 0.0347951546875 0.5705399171875001 0.033119409375 0.5699563453125001 0.032186503125 0.5722976046875 0.031935146875 0.57434473125 0.0305288828125 0.5752845234375 0.02903794375 0.5776832015625 0.0283034296875 0.5821268093749999 0.0282534109375 0.58407271875 0.0312507453125 0.5851753875 0.033324701562499996 0.58469539375 0.0336870109375 0.5802060859375 0.0358306828125 0.5785172453125 0.0355680578125 0.5753995 0.0347227703125 0.5740783046875
1 0.08858583125 0.581573428125 0.0878580953125 0.5808333890624999 0.08523304375 0.5833656859375 0.0848967234375 0.5820020343750001 0.0851633125 0.5798308390625 0.085940925 0.576190134375 0.0851771578125 0.5743332140625 0.08363000781249999 0.573471575 0.081200940625 0.5758180375 0.0806825125 0.57862998125 0.078378271875 0.582524025 0.07740700625 0.5850494828125 0.077229765625 0.5879033203125 0.0781486171875 0.5897792828124999 0.080177290625 0.5922322999999999 0.0829738390625 0.5936881328125 0.08525359375 0.5939680515625 0.085408678125 0.59398709375 0.085562859375 0.5900389546875 0.08681389375000001 0.5866452890625 0.0883832 0.584634046875 0.08858583125 0.581573428125
1 0.06931438749999999 0.5687752671874999 0.0666565265625 0.5681130875 0.06506134687500001 0.5689247328125 0.0634670703125 0.5737035609375 0.0622869171875 0.5752378375 0.061267621875 0.57943658125 0.0605846453125 0.5849989765625 0.061861776562500005 0.5888289999999999 0.062775615625 0.5895918890625 0.064977828125 0.5898622859375 0.067843203125 0.590885784375 0.0705319875 0.583218815625 0.072119328125 0.57644510625 0.070345921875 0.5725541468750001 0.06931438749999999 0.5687752671874999
1 0.58677083125 0.6601433890624999 0.5848902421875 0.6568689625 0.584823665625 0.652410953125 0.5837283828125 0.6490230515625 0.58127631875 0.6491207828125 0.5796327046874999 0.6537886015625001 0.5763118234375 0.65480815625 0.575575384375 0.6583699546874999 0.5743894875 0.6667461984374999 0.5762954687499999 0.6698138453125 0.574896365625 0.6787726140625 0.5740355187499999 0.6833476390625 0.5794501953125 0.6850199875 0.5790740765625 0.684365103125 0.5805063968749999 0.6764179218749999 0.5821578374999999 0.6729684703125 0.583440359375 0.6662412921875001 0.58677083125 0.6601433890624999
1 0.5844161671875 0.668166228125 0.58514728125 0.6740071999999999 0.584268046875 0.6796294546875 0.5857554421875 0.685080521875 0.5887091015625 0.675640953125 0.5902215015625 0.667682615625 0.58858685 0.6634308765625 0.5889088109375 0.6593983890625 0.588197471875 0.6578837421875 0.5871667125 0.6603809046875 0.587194640625 0.6601534453125 0.584796040625 0.6622517703125 0.5844161671875 0.668166228125
1 0.6244929890625001 0.6589609171874999 0.6179088640625 0.658992078125 0.6167716125 0.6647925515625001 0.616364346875 0.66644271875 0.6152856875 0.66830430625 0.6150470265625 0.6702480421875 0.614841371875 0.6719229624999999 0.61470426875 0.673039578125 0.6151544999999999 0.6745011765625 0.615653246875 0.6756958625 0.615934875 0.676863890625 0.616010846875 0.679706840625 0.615668090625 0.6824983765625 0.6151082125 0.685263253125 0.6158911265625 0.6876052890625 0.6171432734375 0.68945920625 0.619301434375 0.69085764375 0.6201148140625 0.6929515453125 0.6239552609375 0.67898211875 0.6272647921875001 0.66920843125 0.623459834375 0.6639135890625 0.6244929890625001 0.6589609171874999
1 0.4193741375 0.6217483390625 0.41664628437499995 0.6221690343749999 0.4141035140625 0.6256979515625 0.4100455140625 0.6323362203125 0.4092528421875 0.6480232140625 0.417641309375 0.6482975546875 0.42053038281250005 0.6341273546874999 0.418882340625 0.627292228125 0.4193741375 0.6217483390625
1 0.52456841875 0.646460834375 0.523560703125 0.6453086031249999 0.5226146828125 0.645192446875 0.5223988734375 0.6469500796875 0.5222135296875 0.6484595765625001 0.5211619078124999 0.65087021875 0.5219070765625 0.65249396875 0.5227294484375 0.655155696875 0.5244996203125 0.65638055625 0.5254301328125 0.656494809375 0.5249007734375 0.653113425 0.5255215343749999 0.6557504 0.5256756515625 0.6529566906250001 0.524911675 0.6498193671875 0.5242916734375 0.648714740625 0.52456841875 0.646460834375
1 0 0.5818264984375 0.00041978125 0.581389821875 0.03786666875 0.57129486875 0.03789415625 0.583892115625 0.0404880734375 0.5884085671875 0.059098314062500004 0.5906936171875 0.060621681250000004 0.578286790625 0.16791194375000001 0.6019552734375 0.1715489265625 0.6107977531250001 0.180854046875 0.611940278125 0.1883269328125 0.6023629390624999 0.19402255625 0.60726023125 0.1976595390625 0.6161027109375 0.206964659375 0.6172452359375 0.22244570624999999 0.606552196875 0.2239690734375 0.5941453703125 0.22799067499999998 0.5884588359375 0.3271145640625 0.61310698125 0.3255911984375 0.6255138078125 0.32742343281249997 0.636233671875 0.33001735 0.6407501234375 0.3393224703125 0.6418926484374999 0.3447367140625 0.6362604968750001 0.348881484375 0.6409673687499999 0.3581866046875 0.64210989375 0.3636008484375 0.6364777421875 0.36499726875 0.62510481875 0.39509821875 0.623553303125 0.39281316718750003 0.64216354375 0.39645015 0.6510060234374999 0.40756001875000003 0.650271165625 0.4107611859375 0.63702085625 0.420193253125 0.6371294796875 0.41892378125 0.6474685015625 0.4215176984375 0.651984953125 0.43082281875 0.6531274781249999 0.43654592968749995 0.6706220171874999 0.4626565421875 0.675926978125 0.46807078593749996 0.6702948265625001 0.471879203125 0.639277759375 0.4757425921875 0.6334551875 0.4912511265625 0.635359396875 0.4917864015625 0.6438210343749999 0.49491559531249996 0.6567991234375 0.504220715625 0.6579416484375 0.5062793578125 0.6539964609375 0.5093810640624999 0.6543773015625 0.516936409375 0.6825917078125 0.5262415296875 0.6837342328125 0.5316282875 0.665504834375 0.5386208703124999 0.6726603515625 0.5416676046875 0.6478466968750001 0.5456122875 0.64284140625 0.6765978828125 0.672419890625 0.5227759828125 0.635032203125 0.52226819375 0.6391678125 0.5145139265625 0.638215709375 0.514504765625 0.6340166265625 0.506759659375 0.6372636046875 0.506233546875 0.6330010484375 0.49900539374999997 0.6363114999999999 0.49796232968750004 0.6319854703125001 0.46178491250000003 0.6317414 0.4563431828125 0.624776303125 0.45144065468749994 0.6280724515625 0.44393635624999994 0.6232529359375001 0.4431668203125 0.625857134375 0.43826821718750003 0.6309528906249999 0.4348929828125 0.6236418203125 0.4266191484375 0.6214265046875 0.42146272500000004 0.6267904578125 0.4183453109375 0.6192111890625001 0.41396235312499996 0.6237705484375 0.4100714765625 0.616995871875 0.37043092187500004 0.6086303265625 0.3663936875 0.61373189375 0.36250281093750003 0.6069572171875001 0.353197690625 0.6058146921875001 0.3495881953125 0.6095694593750001 0.3466778546875 0.6047809375 0.3411854484375 0.60748824375 0.33876537500000004 0.603692796875 0.332782703125 0.605407025 0.330852896875 0.6026046578125 0.20314575625 0.5842421640625 0.197858459375 0.5888404125 0.1946795359375 0.582677896875 0.19010419375 0.5878883078125 0.1862133171875 0.58111363125 0.0435348078125 0.5635949140625 0.03811025625 0.564503096875 0.0060638687500000005 0.5626672734375 0.001943146875 0.5689829937499999 0 0.5655996453125 0 0.5818264984375