1 0.68337689375 0.13267496875 0.664935434375 0.13196321875 0.6468559671875 0.15497153749999998 0.6288105859375 0.164187146875 0.6081730921874999 0.1706583078125 0.5800624265625001 0.208306828125 0.5668732140625 0.2514467984375 0.5732574125000001 0.284862346875 0.595197784375 0.2945446046875 0.608903021875 0.301662653125 0.6198525171875 0.3020823125 0.6303413156250001 0.27675329375 0.6310758437499999 0.317318325 0.6285963796875 0.332268890625 0.6457696953125 0.3326394046875 0.651348096875 0.316637846875 0.6495163500000001 0.30232116875 0.6499350171875 0.2896220171875 0.669947234375 0.23773932968749997 0.6727461640625 0.230508365625 0.672770846875 0.23074828749999998 0.67531428125 0.20201414843749999 0.67924145625 0.17570149531249998 0.685447434375 0.1598918046875 0.68337689375 0.13267496875
1 0.8410613265625001 0.2083043 0.842431284375 0.1875769265625 0.8179854843750001 0.1918613203125 0.7956689703125 0.21087868125 0.7572115390625 0.25554194375 0.7556966296875001 0.309129434375 0.7606900984375 0.3035918640625 0.8227281359375 0.3061065765625 0.836864034375 0.286911909375 0.8309869687500001 0.235804934375 0.8410613265625001 0.2083043
1 0.7181437390625 0.1681684875 0.70986420625 0.1755828703125 0.702058459375 0.204427740625 0.6969945078124999 0.2243045984375 0.6790488078125 0.2501888 0.6596926484375001 0.30687310624999997 0.6562269953125 0.3215221640625 0.67254299375 0.3108018515625 0.6810456640625 0.319117828125 0.6827333328125 0.326744503125 0.6989155625000001 0.3131483078125 0.7186842171875 0.2878214390625 0.7290092703125 0.2638830890625 0.7342368031250001 0.25009801875000004 0.7324132718749999 0.2167290265625 0.72997735 0.20171640625 0.7383456765624999 0.1743448390625 0.7181437390625 0.1681684875
1 1 0.13682674687500002 0.9478712359375001 0.122308209375 0.83876538125 0.2679736296875 0.8632541625 0.3178459734375 0.8195487968749999 0.4175115640625 0.8287043234375 0.458002065625 0.6930305515625 0.7391996703125 0.628302278125 0.9996556421875 0.622424484375 1 0.8637393031249999 1 0.8803702859375001 0.9660166640625001 1 0.5693436375 1 0.13682674687500002
1 0.2306537015625 0.16817375625 0.2274776546875 0.18946435781249998 0.24274776562499997 0.175217496875 0.2517911109375 0.17663454375 0.256426109375 0.1645738 0.256271578125 0.160483215625 0.255597346875 0.154885959375 0.2640068453125 0.1459776296875 0.2663013984375 0.1493747046875 0.27335076875 0.1279205171875 0.277883284375 0.10839241250000001 0.28136722812500004 0.089194378125 0.27217735468750004 0.074254728125 0.2686797015625 0.0670971375 0.269961075 0.056706650000000004 0.27072524375 0.049504248437499995 0.266388328125 0.037396076562500005 0.2633090578125 0.030366399999999998 0.258373003125 0.0248139546875 0.25600951250000004 0.024742015625 0.249984503125 0.024247765625 0.2418388578125 0.029193421874999997 0.235734409375 0.036761570312500005 0.23556370625 0.0590174703125 0.2395536703125 0.07236735 0.237824028125 0.0826207890625 0.23226783593749997 0.093098590625 0.2187775671875 0.118625371875 0.217380715625 0.121591 0.226854990625 0.143402978125 0.2306537015625 0.16817375625
1 0.47638896875 0.124465509375 0.48597876093750003 0.0930987140625 0.4780140125 0.08494719687499999 0.465388325 0.08680358593750001 0.4614395296875 0.09191694218749999 0.45841026874999996 0.114972003125 0.45480319687500004 0.1201433609375 0.44792061250000004 0.1203164265625 0.43445393125000004 0.13678775781250002 0.4205264671875 0.190251890625 0.4188173984375 0.210271409375 0.43359987968749997 0.21311776093749998 0.44267035625 0.22160733124999998 0.44144207656249995 0.24005426093749999 0.4312941671875 0.2443877625 0.43008823906250004 0.25089740312500003 0.43989754062499997 0.28187447187500003 0.4574438578125 0.21924571718750002 0.4608832140625 0.21857765156250003 0.46603672500000004 0.2030038921875 0.48382770468749997 0.18158048124999998 0.48885395625 0.162575128125 0.48920396874999994 0.1403740453125 0.4806260625 0.12631862031250002 0.47638896875 0.124465509375
1 0.37837500468749996 0.118201978125 0.37992422187499997 0.0996672703125 0.37122145781250004 0.0911506953125 0.3614425453125 0.0962011890625 0.3555743953125 0.1119747375 0.34206756718750003 0.12248497031250001 0.3413420734375 0.14345585 0.3412546796875 0.15881241875000002 0.3383504890625 0.166708328125 0.3282835125 0.15410313125 0.3218968515625 0.17338969531249998 0.3300890125 0.18026295781249999 0.3319091421875 0.19109044375 0.3461523015625 0.1983729515625 0.360012353125 0.19675452031250001 0.3635828890625 0.198543271875 0.3743002875 0.17695568281250001 0.37796494062499997 0.15321185312500002 0.3783877390625 0.1299176203125 0.37837500468749996 0.118201978125
1 0.1498359984375 0 0.1194541375 0.20111418906249998 0.052529701562499996 0.2560228140625 0 0.427461609375 0 0.4427220671875 0.136185246875 0.1873870328125 0.169647465625 0.15993272187500002 0.18142773750000002 0.13764763124999999 0.187581509375 0.014696670312499998 0.1891128484375 0 0.1498359984375 0
1 0.37297332656250004 0.1923050796875 0.3706588234375 0.2098157390625 0.3747634546875 0.2084680390625 0.3813705703125 0.20876845624999998 0.39011659062500004 0.2001489125 0.39909565156250004 0.17077973125 0.40616727968750005 0.1416639421875 0.40410154218749994 0.132387996875 0.40580379375 0.126820178125 0.41300774375 0.1073187328125 0.411768484375 0.0934155734375 0.39816173906249996 0.097946434375 0.3928498015625 0.10933546406250001 0.3860529265625 0.1115796453125 0.37334875312500004 0.137207334375 0.37554959062500004 0.1479653125 0.373918628125 0.161316284375 0.37297332656250004 0.1923050796875
1 0.4120794734375 0.1319456328125 0.40491595625 0.1445811125 0.390317990625 0.2000245859375 0.393102359375 0.20491919374999998 0.40825381250000004 0.2095514578125 0.4188709421875 0.1980183296875 0.4392045234375 0.1268072640625 0.43619302656250003 0.11036384375 0.42435364687500005 0.102700840625 0.41964721562499996 0.11339196562500001 0.4120794734375 0.1319456328125
1 0.3168750546875 0.10836926875 0.31350081093750004 0.10241128906250001 0.3150732875 0.089786040625 0.31119100624999996 0.0836727390625 0.301288634375 0.089661465625 0.2968317796875 0.095688425 0.29323109999999997 0.1056486796875 0.2805531046875 0.1226399875 0.27342334375 0.1364476671875 0.2679359953125 0.14787601875 0.271026859375 0.159463809375 0.26471039531249996 0.1772381515625 0.2743293859375 0.1768792359375 0.295935896875 0.183485009375 0.3006124203125 0.1738536703125 0.3168750546875 0.10836926875