1 0.238192103125 0.745447371875 0.2375098328125 0.7424558421875 0.239034340625 0.7401696 0.23737549375000003 0.7358274875 0.23514910625000002 0.734455090625 0.2344206609375 0.734108990625 0.2328572609375 0.737728090625 0.23261311562500003 0.7373904437500001 0.23254367031249998 0.7413690046875 0.22902492031250002 0.7433078890625 0.2289496578125 0.7476197328125 0.2309319 0.7486544859375 0.23274709218749998 0.7440396296875 0.2359751578125 0.744429359375 0.236405634375 0.748416646875 0.2398665734375 0.7497897578125 0.2396802390625 0.746140115625 0.238192103125 0.745447371875
1 0.40281231406250007 0.80803825625 0.4099674734375 0.80816315 0.412284771875 0.8034320390625 0.41472678125 0.7915561828125 0.41719532031249995 0.77905569375 0.412950871875 0.7652711859375 0.4081130078125 0.76041518125 0.40048914687500003 0.76207404375 0.399375059375 0.7739730796875001 0.399218715625 0.7829300484374999 0.40033319843750004 0.7960765015625 0.4028537640625 0.80566361875 0.40281231406250007 0.80803825625
1 0.4642770140625 0.8195502171875001 0.4760753875 0.8177766890625 0.47836490468750004 0.770767821875 0.465883896875 0.7695706484375 0.46946976874999996 0.77452981875 0.46472205000000005 0.7940541 0.4642770140625 0.8195502171875001
1 0.129054378125 0.9574082718750001 0.13320126875 0.9579807328125 0.13324526406249998 0.9554602828125001 0.1318527640625 0.9483932375 0.131949115625 0.9428732453125 0.1336575765625 0.93183888125 0.13060307499999999 0.9116574999999999 0.1182990890625 0.9038999171875 0.10762403125 0.910256246875 0.0923024140625 0.924074284375 0.0881028015625 0.9265221968749999 0.07134505468749999 0.935772809375 0.0600845328125 0.9541832578125 0.05605377499999999 0.9908268250000001 0.106943546875 0.9922151859375001 0.106612234375 0.989709021875 0.10717151875 0.979154675 0.10441959218750001 0.9640210093749999 0.10905559375 0.9580593437499999 0.118894971875 0.9557098734375 0.12159664218749999 0.9522356609375 0.1261708328125 0.9498151234375 0.129054378125 0.9574082718750001
1 0.5913902203125 0.7989530109375 0.5933666453125 0.8003210453125 0.5959297625 0.8065750656249999 0.59727295625 0.805723378125 0.6004972000000001 0.7929026953125 0.5985516796875 0.789764096875 0.59634789375 0.7826203796875 0.5960041953124999 0.7826143812499999 0.5926689421875 0.7829937296875 0.593278540625 0.7865674140625 0.5925449578124999 0.790096815625 0.5913902203125 0.7989530109375
1 0.6017116703125 0.8003208531249999 0.601696809375 0.7975910109375 0.6017716625 0.7968838765624999 0.60180693125 0.7948633515625 0.6017357609375 0.79177830625 0.6016761796875 0.791610575 0.6009037859374999 0.7902010453125 0.6009575984375 0.7871181828125 0.5999061671875 0.786474734375 0.5992500171875 0.78646328125 0.598195303125 0.7869032734375 0.597920628125 0.78741939375 0.6004659546875 0.79290215 0.60038020625 0.7933382203125 0.597559265625 0.8045406937499999 0.5982913125 0.8073664 0.5999320390625 0.8082701734375 0.6016454484375 0.8076958218750001 0.60135736875 0.8053987765624999 0.6018522265625 0.8039071859375 0.6017116703125 0.8003208531249999
1 0.613390528125 0.9074576625 0.616036178125 0.9367374609375 0.6226398343749999 0.9084734062500001 0.6228998031249999 0.8935798421875001 0.629474053125 0.891173378125 0.622675046875 0.8831785015625 0.6229052 0.8699930109375 0.61743656875 0.8690432578125 0.6132215671875 0.881325734375 0.613390528125 0.9074576625
1 0.7416054812499999 0.8738777078125001 0.742603828125 0.8775623578125 0.7419189421875 0.8800924578125 0.7429125609375 0.8840479015625 0.741364784375 0.8876672734375 0.7399108015625 0.886808434375 0.737841015625 0.8845219625 0.736948309375 0.887319309375 0.7389690109375 0.8924178515625 0.7395986421875 0.8921579671875 0.74886465 0.8940074640625 0.749325728125 0.8917651687499999 0.747999015625 0.8827198031249999 0.7466042984375 0.8784656484375001 0.7468513859375 0.8759487421875001 0.7471144609375 0.8734112812499999 0.744413965625 0.870551215625 0.7416054812499999 0.8738777078125001
1 0.6114900875 0.8471236390625 0.6123952953125 0.8606206593750001 0.6122887625 0.8667238953125 0.6131036015625 0.8728640515625001 0.6149470703125 0.8728962296875 0.6166045703125 0.8692579374999999 0.6178569953124999 0.8637581234375 0.6182671484375 0.8662239906250001 0.6214479578125001 0.868425671875 0.6246131453125 0.8706270796875 0.6238084749999999 0.8647996499999999 0.624459325 0.8534759515625 0.624912546875 0.840940284375 0.6209274421875 0.831994371875 0.6218971703125 0.8292608796875 0.6190041484375 0.8240012562500001 0.614895775 0.8230127375 0.613233196875 0.8260466828125 0.6135953546875 0.8312621328124999 0.6121831140625 0.833383640625 0.6119218578125001 0.8358169515625 0.611857865625 0.8394830609374999 0.6114900875 0.8471236390625
1 0.318181346875 0.776306409375 0.3208945921875 0.77664548125 0.3237429984375 0.7764034890625 0.3246542125 0.7752317125 0.324516178125 0.773291509375 0.3230879875 0.7727456671875 0.32242384999999996 0.7722965078125 0.321769165625 0.7713057640625001 0.320881221875 0.771144409375 0.320251978125 0.7695915249999999 0.32071304375 0.7682451984374999 0.3206440453125 0.7659311421874999 0.3199345171875 0.7636059046875 0.3177629734375 0.7635680015624999 0.318012571875 0.7635931953124999 0.31764415 0.7650036453125 0.3174566546875 0.7667923125 0.317929309375 0.7683633015625 0.317917675 0.7690298671875 0.3166707609375 0.769737378125 0.3164679953125 0.7724009125 0.316746621875 0.775239540625 0.318181346875 0.776306409375
1 0.327621609375 0.761010503125 0.3286076296875 0.7627154703125 0.32452280624999996 0.7666447796875 0.32444099843749996 0.7713315656249999 0.3261089234375 0.77604889375 0.32782956875 0.777745846875 0.335853778125 0.7782192953125 0.33613864531250004 0.7762239625 0.33522642343750003 0.771186440625 0.3345347125 0.7678405265625 0.3329078734375 0.7607693890625 0.33341943125 0.7601115515625 0.33248576875 0.755407040625 0.328736340625 0.75534159375 0.32667411875 0.7579935078125 0.327621609375 0.761010503125
1 0.61311199375 0.9252055046875001 0.6143331859375001 0.9188091765624999 0.6138054421875 0.906964828125 0.60904530625 0.9039229546875 0.609277640625 0.8906124828124999 0.6010782625 0.8939073859375 0.60057388125 0.901316378125 0.595230815625 0.9110787828125 0.593932178125 0.921911934375 0.5953748890624999 0.9234165093750001 0.5968415859375 0.9244422640625001 0.598801846875 0.9392704000000001 0.59896154375 0.9516083999999999 0.60967683125 0.9527955875 0.61311199375 0.9252055046875001
1 0.45288815312499997 0.7620510296874999 0.4513290921875 0.7672121062499999 0.4517272109375 0.773053278125 0.4517864734375 0.7974121875 0.4515879515625 0.8087854562500001 0.45353642812499995 0.8081735359375 0.456007734375 0.806258040625 0.4583063390625 0.7864826453125 0.45838560156249997 0.7819416703125001 0.459495640625 0.7738556437499999 0.45763806249999994 0.769260025 0.46062748437499995 0.7654157796875001 0.4611797765625 0.76152899375 0.4589980640625 0.7611783640625001 0.457274121875 0.7614608203125 0.4550982265625 0.76077690625 0.45288815312499997 0.7620510296874999
1 0.966463103125 1 0.9697259265625 0.985355103125 0.9687817703125001 0.9499165609375 0.961334053125 0.9289500531250001 0.9445127624999999 0.9078199296875 0.9445854812500001 0.9036538984375 0.97118029375 0.9020344625 0.9854224484375 0.8918648062500001 0.9918169328124999 0.8836418187499999 0.9934894546875 0.7878230828125 0.9812458734374999 0.7730238140625 0.9610819046874999 0.7643372484375 0.9614454953125 0.7435070890625 0.9724176890624999 0.7416149578125 0.9819003390625 0.735529525 0.9946529484375001 0.72116656875 0.996725421875 0.6024346546875 0.9892777046875001 0.5814681484374999 0.9693682484374999 0.5582004703125001 0.95229244375 0.5516514578125 0.942918871875 0.5514878421875 0.91458 0.5634950890625 0.9100750109375 0.5529982 0.8901655546875 0.5297305234375 0.8730897499999999 0.5231815125 0.8511817234375 0.52488275625 0.8450417515625 0.5185246296875 0.8279659468749999 0.51197561875 0.8076201812500001 0.5137041328125 0.7934143875 0.5217907734375 0.7822603984375001 0.534097984375 0.7676910109375 0.5630147828125 0.7488711484375 0.5668535828125 0.7361912562499999 0.5770505078125 0.7330667328125 0.57699596875 0.719369965625 0.5559203828125 0.6977528125 0.5409575 0.6806042890625 0.538574521875 0.6569885625 0.548580559375 0.658798446875 0.5400170921874999 0.47068179531250004 0.3890547625 0.4724622125 0.3765839359375 0.46944676718749995 0.3702803484375 0.46970128125 0.3556992375 0.4620717671875 0.345147809375 0.45262547656249996 0.349150225 0.4509904953125 0.3532889890625 0.45353327343750005 0.38667178281250003 0.44914362656250006 0.39158226093750004 0.14016828750000002 0.480465728125 0.1407888125 0.48747899375000003 0.13453976406249998 0.487369915625 0.1324439046875 0.48268781718750003 0.1329775015625 0.487342646875 0.12981661875 0.4893711234375 0.1266920953125 0.48931658437500003 0.12471952187499999 0.484909903125 0.1251298328125 0.48928931562500005 0.118844425 0.4912632546875 0.11699513749999998 0.487131990625 0.1172821640625 0.491235984375 0.11252265937499999 0.49532020781249997 0.1092707546875 0.48935407499999994 0.1015463703125 0.4915761625 0.099988203125 0.4971850703125 0.0953014171875 0.49710326250000003 0.09382198593749999 0.4937982515625 0.09373915625 0.4970759921875 0.0874537484375 0.4990499296875 0.0860976046875 0.49602033749999996 0.082730603125 0.5010511375 0.0783732203125 0.4982424234375 0.07956972031250001 0.503079615625 0.074810215625 0.5071638390625 0.07064883749999999 0.500464509375 0.0243025359375 0.5137970296875001 0.0245269578125 0.522955346875 0.015189743750000002 0.520708715625 0.016578153125 0.5160191171874999 0.013663840625000001 0.5185984296874999 0.007451153125 0.5164063359375 0.0011293859375 0.520463290625 0 0.5851657546875 0 0.7478878234375 0.014132962499999999 0.760310096875 0.029719223437499998 0.76266580625 0.0419628046875 0.7774650750000001 0.0405084375 0.8607857156250001 0.0170017890625 0.8645427078125 0.0011610140625 0.8767681093749999 0 0.8786287375 0 0.9839607499999999 0.0038844046875000002 0.989332784375 0.0569649546875 0.9923429578125 0.0623789234375 0.9507644453124999 0.0720070109375 0.9363469500000001 0.084614184375 0.9303160578125 0.0863218828125 0.9220112625000001 0.0927933921875 0.9120480609375001 0.1713131453125 0.9168395468750001 0.1769694390625 0.9215098703125 0.1764604109375 0.9506720953125001 0.1838354109375 0.975804634375 0.19913079843749998 0.9948244718750001 0.3225494984375 0.9969787546875001 0.330615321875 0.9825339890624999 0.34453024375 0.9911114765625 0.3617151265625 0.9914114406250001 0.374358659375 0.9832975312500001 0.38078950312500004 0.9729915281249999 0.385730803125 0.958492225 0.3846048515625 0.9334687640625001 0.39116845625 0.930255709375 0.45398425937500003 0.9340888984375001 0.4579220890625 0.9409994734374999 0.4557053625 0.9784664921875 0.4631530796875 0.9994329984375 0.49563657812499995 1 0.6214288453125 1 0.62602828125 0.9793558375 0.6324591265625 0.9690498359375 0.6446663484374999 0.9859321187500001 0.6632316968749999 0.99667443125 0.691388771875 0.995082265625 0.7151862953125 0.9746611453125 0.7196549250000001 0.9872410484374999 0.7288806531249999 1 0.7991854593750001 1 0.8087765796875 0.9846293734374999 0.8142365312500001 1 0.966463103125 1