1 0 0.79781090625 0.0049128578125 0.8004942390625001 0.0704194703125 0.7131723234375 0.07256604375 0.648129115625 0.103231775 0.54735494375 0.1270122453125 0.481096865625 0.14007055625 0.38115379374999997 0.11955502343749999 0.33716500781250003 0.042172943750000004 0.2960202265625 0 0.3767574359375 0 0.79781090625
1 0.6649894140625 1 0.6668915656250001 0.996109109375 0.6756790296874999 0.9431383921875 0.666775871875 0.9065981546874999 0.660882846875 0.8756460265625 0.6678123031250001 0.8654093109375 0.686989309375 0.8517747437500001 0.7193979749999999 0.8272668109374999 0.73748398125 0.779240215625 0.7173018359375 0.738684834375 0.6683484171875 0.7186254265625001 0.63656700625 0.73353329375 0.5904003515625 0.91568008125 0.570308190625 1 0.6649894140625 1
1 0.21096458125 0.5709907249999999 0.211825371875 0.567508015625 0.1968824078125 0.543824696875 0.2375357125 0.5339644328125 0.24559077343750002 0.5225093796875 0.24722448749999998 0.4879852265625 0.2548338390625 0.47367411875 0.250280503125 0.44895559374999994 0.251406909375 0.4246379734375 0.2525333140625 0.400320353125 0.2302772390625 0.37930805156249997 0.20870856875000002 0.3717801859375 0.1726325171875 0.37489568281249996 0.151141934375 0.3949449453125 0.13898595625000001 0.42519564218749994 0.1320162046875 0.4660611109375 0.1210377625 0.52185445625 0.123583396875 0.5337078625 0.103232671875 0.560899071875 0.0843489796875 0.611191384375 0.084185371875 0.6281401359375 0.078260865625 0.657787359375 0.0879290484375 0.7062016375 0.1168923328125 0.6665068749999999 0.1662103578125 0.5996466328125 0.21096458125 0.5709907249999999
1 0.8004303109375 1 0.8646565125000001 0.87920808125 0.8512871671875001 0.8459087921874999 0.8530989921875 0.7732079125 0.8422617062500001 0.754350284375 0.810866921875 0.755684121875 0.7889694734375 0.778395665625 0.78623120625 0.8227851953125 0.7921645359375 0.8439431468749999 0.799782065625 0.8758122125 0.7887651984375 0.88960925 0.7600948859375001 0.846546221875 0.7470341781250001 0.9034267625 0.752613 0.8998571999999999 0.7736265015625 0.9388490296875001 0.7853390890624999 1 0.8004303109375 1
1 0.15672961093749999 0.25912894375 0.1618840171875 0.24943491562500003 0.1704909953125 0.2332475421875 0.182895371875 0.215775953125 0.18635528125 0.1952237640625 0.19544512187500002 0.179293134375 0.18622935625 0.174393025 0.1802179203125 0.1786763703125 0.1718797359375 0.1908303109375 0.166575009375 0.199642175 0.1618462359375 0.212063609375 0.1468683796875 0.24725538125000002 0.1487034171875 0.259014096875 0.15672961093749999 0.25912894375
1 0.3048007890625 0.51968446875 0.29708080468750003 0.50418319375 0.28950982812500003 0.49482511718750005 0.279300746875 0.489396853125 0.2691405859375 0.48703838125 0.253429415625 0.49085973125000004 0.24636548125000002 0.497721615625 0.24562176249999998 0.5034137375000001 0.243174865625 0.5112440453125 0.2432580984375 0.5196410046875 0.2380611046875 0.5358718578125 0.2303928890625 0.536348471875 0.21468171875 0.540169821875 0.21173735312500003 0.5500007609375 0.21303031093749997 0.558285896875 0.21718017656250002 0.5665563890625 0.216985909375 0.56798678125 0.2229921890625 0.56204903125 0.24553082499999998 0.55503889375 0.25926803593750003 0.551701659375 0.290757109375 0.5471618171875 0.295728371875 0.5399422875 0.300420965625 0.5386385546875 0.3038930984375 0.5321084218750001 0.3048007890625 0.51968446875
1 0.66311426875 0.6427680171875 0.660093878125 0.6256835890625 0.6490298625 0.6218299375 0.6261575421875001 0.62783681875 0.6253261859375 0.6294003734375 0.6219696296875 0.647128896875 0.62638865625 0.6615828765625 0.641048390625 0.7231746734375 0.6432530125 0.7304108609375 0.656114628125 0.715707078125 0.6546572078125 0.699477290625 0.6460763109375 0.6653263546875 0.66311426875 0.6427680171875
1 0.5902274109375 0.579922678125 0.58097786875 0.61152999375 0.6173601140625 0.628373684375 0.6296978859375 0.6122587984375001 0.633521521875 0.589092178125 0.6254766015625 0.5722383718749999 0.6097056640625 0.5663539078125 0.58895426875 0.5805198781249999 0.5902274109375 0.579922678125
1 0.5502076921875 1 0.6334683531249999 0.71343425625 0.6172217171875001 0.661616534375 0.5494826484375 0.602735275 0.5288752125 0.584180446875 0.5847927640624999 0.51485965 0.620146528125 0.44477442500000003 0.6487523375 0.38381906718750003 0.6637491062499999 0.305458121875 0.6705751734375001 0.2532141484375 0.626799709375 0.1994533125 0.559704515625 0.2145786484375 0.5127871093749999 0.24550567812500002 0.46492827812500004 0.31401480937500004 0.4068573625 0.430419253125 0.38040205625 0.5052358703125 0.3864055984375 0.526195203125 0.344929390625 0.53969989375 0.2128889953125 0.56597358125 0.1564941328125 0.6147251140625001 0.0276708875 0.792538971875 0.40707189374999997 1 0.5502076921875 1
1 0.7534284953125 0.7082493984375 0.7531909609375 0.705268078125 0.7502480890625 0.7061100375 0.747247565625 0.7073932468749999 0.7452931671874999 0.7078405734375 0.74119606875 0.7095553171875 0.7377640546875 0.7100192171875 0.7363336109375 0.7131754406249999 0.73692934375 0.7193438109375 0.7376356140625 0.7186811515625 0.73916985 0.7178924453125 0.7409011359375001 0.7159343703125 0.742632828125 0.7128439421875 0.7454486609375001 0.713538909375 0.7478433 0.713561615625 0.7509314421875 0.713245209375 0.751694334375 0.7118104187500001 0.7534284953125 0.7082493984375
1 0.70485388125 1 0.7121311718750001 0.976724653125 0.7316339390625 0.9653396765625001 0.7342363203125 0.9423731312499999 0.7576069828125 0.867733209375 0.7583305453125 0.8284307921874999 0.7482930015625 0.82564201875 0.759718396875 0.793304009375 0.780323790625 0.7581786484374999 0.7782842375000001 0.7186811953125 0.7625567328125 0.710318734375 0.7448552625 0.7201131953125001 0.720583546875 0.7405005359375 0.7223262312500001 0.7516674578125 0.740139603125 0.7777736187500001 0.72382719375 0.8228972328124999 0.709657403125 0.8332717859375001 0.6639675671874999 0.870443590625 0.659184825 0.8794386203125001 0.6619936 0.8886005140625001 0.675999846875 0.9254945890625 0.6719614359375 0.965606346875 0.6715133203125 0.9935407609375 0.674151971875 1 0.676787809375 1 0.6875162703125001 0.9905352171875 0.7076723421875 0.9128883328124999 0.7065917984375 0.9456066359375 0.7115809343749999 0.9687400500000001 0.7025533875 0.9857183953125 0.6949597234375 1 0.70485388125 1