1 0.6365890375000001 0.5962669484374999 0.636458146875 0.5990846203125 0.6394239359375 0.6057458890625 0.6417033562500001 0.61086555 0.646604371875 0.6203367921875 0.6505150796875 0.6244336921875 0.651309590625 0.623144953125 0.6502120984374999 0.6196427250000001 0.6519237828125 0.6234872296875 0.6538507921875001 0.6226292703125 0.6519567734375 0.617338015625 0.650520334375 0.6130745015625 0.6483510734375 0.6082022593749999 0.645228671875 0.6022264515625 0.641225309375 0.5963464093749999 0.6386326640625 0.592597671875 0.6389716125 0.5933589593749999 0.6366045265625 0.5916534578125 0.6365890375000001 0.5962669484374999
1 0.5958240203125 0.6375865046875 0.594044546875 0.63358974375 0.5891035796875 0.6277166609375 0.5848863046874999 0.625466621875 0.583461409375 0.628335909375 0.58694086875 0.6312337140625 0.587517078125 0.632527903125 0.585570646875 0.636838053125 0.58755979375 0.6404221921875 0.5896070984375 0.6415631171875 0.5938846437499999 0.6494419437500001 0.5968308671875 0.648837153125 0.5957056328125 0.64657874375 0.5941787078125 0.6414205140625 0.5958240203125 0.6375865046875
1 0.5672260921875 0.6520294921875001 0.5674141296874999 0.6484566187499999 0.567051175 0.646565775 0.5670916296875 0.6421236078125 0.5653735906249999 0.6398782781250001 0.56005403125 0.6324633859375 0.557735921875 0.632058765625 0.5542819859375 0.6277584968750001 0.5508719796875 0.6267453828125 0.5491870750000001 0.629069090625 0.5484027 0.6321092968750001 0.549199578125 0.6352436578125 0.5499622093750001 0.6369565546875 0.550269175 0.6421790421875 0.552205765625 0.644646334375 0.554656071875 0.6490741796874999 0.5588184703125 0.651508284375 0.561235790625 0.655631546875 0.563719640625 0.6587901875 0.569110721875 0.6639839624999999 0.5714325671875 0.6620152078125 0.5688256468749999 0.658272825 0.56724106875 0.6547138046875001 0.5672260921875 0.6520294921875001
1 0.5679425796875 0.64384279375 0.5708725593749999 0.6458906062499999 0.574808796875 0.6421312453125 0.5718799796875 0.6362060796875 0.5718504765625 0.630723228125 0.567996309375 0.62817469375 0.5645427765625 0.624489978125 0.5605074328125 0.6230711359375001 0.5609648078125 0.62701799375 0.5615018218750001 0.63387123125 0.5621645843749999 0.6348988359375001 0.56653685625 0.6404549953124999 0.5679425796875 0.64384279375
1 0.115642475 0.8146155671875001 0.1151462625 0.81111929375 0.11438948281250001 0.808651228125 0.11248290624999999 0.8043689828125 0.1104025125 0.8043830375000001 0.11089231718749999 0.8102082656249999 0.1103483328125 0.81371156875 0.11491826875 0.824744121875 0.1153668171875 0.8273266156249999 0.1201504734375 0.824740696875 0.115642475 0.8146155671875001
1 0.1393327203125 0.8031329890625001 0.1375723625 0.8000627187499999 0.13583540624999998 0.8004255734375001 0.1362415859375 0.8029129062499999 0.13708048125 0.8047970937500001 0.13635910625 0.8063269312499999 0.1363165328125 0.809150890625 0.13797555781249998 0.813338109375 0.1389349 0.8150318406249999 0.142072034375 0.8144332703125 0.14360254687500001 0.8129536703125 0.1416009421875 0.8089189781250001 0.142568609375 0.8063672875 0.1407377390625 0.8038301203125 0.1393327203125 0.8031329890625001
1 0.1893626484375 0.7818160375 0.18835770937500002 0.7815565109375 0.1874118296875 0.7850791140625 0.186421215625 0.7840834546875 0.18553147812499998 0.7820850734375 0.1843229203125 0.77856388125 0.182711859375 0.7773655578125 0.1809419171875 0.7774238312499999 0.1800683171875 0.7806862031249999 0.18107219531250002 0.7833635218749999 0.18110265625 0.7878881390625 0.1815708265625 0.7905531171875 0.1828887359375 0.79309061875 0.18464253749999998 0.7942253906250001 0.187644846875 0.7952831921875 0.1907917671875 0.7950907546875 0.1928900671875 0.79415653125 0.1930328078125 0.7940929796875 0.191131525 0.7906293546875001 0.190456003125 0.787076084375 0.1907652953125 0.7845438625 0.1893626484375 0.7818160375
1 0.1662522578125 0.7807713984375 0.163632978125 0.7815727 0.1626836703125 0.7830899953125 0.1637783875 0.7880073624999999 0.163557009375 0.78993031875 0.164845815625 0.7940543203125 0.1671252359375 0.7991739812499999 0.170192559375 0.80179918125 0.1713687890625 0.8019824421875 0.1733957171875 0.8010799953125 0.1763789640625 0.8004815265625 0.174734921875 0.7925248265625 0.17260681875 0.7859010828125 0.169082721875 0.7834792515625 0.1662522578125 0.7807713984375
1 0.6568570625000001 0.59257939375 0.653558628125 0.5907412390625 0.651205515625 0.5869542671875 0.6485217765625 0.58461438125 0.646470284375 0.585961059375 0.6474655359375 0.5908086859375 0.64514409375 0.59339299375 0.64634730625 0.596825346875 0.6496448781249999 0.6046159703125 0.6528585765625 0.6062638046875 0.65627341875 0.6146635593750001 0.657891840625 0.6190284890625 0.663394446875 0.6176732078125 0.6627347609375 0.6173055765625 0.659869396875 0.6097558140625 0.659508359375 0.6059485015625 0.6571429421875 0.5995216375 0.6568570625000001 0.59257939375
1 0.6589707890625001 0.6006690515625001 0.6626057984375 0.6052991890625 0.6647478234374999 0.6105712421875 0.668830275 0.614477653125 0.6665003203125 0.6048651171875 0.663697853125 0.597264546875 0.660106875 0.5944620031250001 0.658305965625 0.5908396640625 0.656916128125 0.589907725 0.657318728125 0.5925790921874999 0.6572255171875 0.5923697375 0.6562502328125001 0.5954037234375 0.6589707890625001 0.6006690515625001
1 0.68858224375 0.5721374703125 0.6829545968749999 0.57555525625 0.684967246875 0.581112959375 0.68546805 0.5827371859375 0.6855022468749999 0.5848884296875 0.686298771875 0.5866774546875 0.6869851406249999 0.5882190625 0.6874427187500001 0.5892468015625 0.688581421875 0.59026775 0.6896242406249999 0.5910349218750001 0.690467221875 0.5918910687500001 0.6919965703125001 0.5942888234375 0.6931405171875 0.5968581703125 0.6940846265625 0.599516490625 0.6959619515625 0.6011207765625 0.6979900890625 0.602064990625 0.7005602421875 0.60215215 0.7023358843749999 0.6035280515625 0.6984330015625 0.589575940625 0.696236003125 0.5794937203125 0.690247471875 0.576914853125 0.68858224375 0.5721374703125
1 0.4935951765625 0.6458840859375 0.49147362499999997 0.6476496390625 0.491111571875 0.6519841359375 0.4910521484375 0.659764265625 0.4984520953125 0.6736189 0.5057837109375 0.6695336765625 0.5009619375 0.6558994609375 0.4960289390625 0.6508894187500001 0.4935951765625 0.6458840859375
1 0.5964921515625 0.6128877671875 0.595034928125 0.6124191234375 0.5941642046875 0.61280679375 0.5948844671875 0.61442453125 0.595503046875 0.61581388125 0.595843203125 0.6184218296874999 0.5973182296874999 0.6194298640625 0.59939403125 0.6212878578125001 0.6015422140625 0.6214260625 0.6023986640625 0.621044746875 0.6002033734375 0.618418975 0.6020936109374999 0.6203595875000001 0.6007868484375 0.6178855359375001 0.5985161515625 0.6155898015625 0.5974157812499999 0.614962275 0.5964921515625 0.6128877671875
1 0.589069553125 0.604014690625 0.590764290625 0.6078211312499999 0.583627215625 0.6109987609374999 0.581456675 0.6074041625000001 0.5764901421874999 0.614176390625 0.5738437953125 0.6107936359374999 0.56935306875 0.617354021875 0.5662309171875 0.6141831078125 0.5350951140625 0.6326066453125 0.52684335 0.629439090625 0.52433870625 0.6347894296875001 0.5154240328124999 0.6345232984375 0.5161056734375 0.637151871875 0.514531259375 0.6440427546875 0.5078726390625 0.6395143187500001 0.49963960625 0.6418767625 0.4979823296875 0.649130321875 0.491406571875 0.6442392078125 0.48999788750000006 0.65040473125 0.4831735390625 0.64660165 0.444886378125 0.659847371875 0.44405329375 0.6662995984375 0.4372289453125 0.6624965171875 0.42866445625000005 0.6663096734375 0.4275043625 0.6713871640625 0.42254344218749995 0.6687815359375 0.4192298984375 0.6739309484375 0.415200690625 0.6719240453124999 0.4109554328125 0.67647473125 0.407857940625 0.67506655625 0.2889341703125 0.725100865625 0.28677034687499997 0.73176549375 0.280871546875 0.7281204531250001 0.279633271875 0.7349431234375 0.272808925 0.7311400421875 0.1414867640625 0.7896084343750001 0.137304765625 0.79318075 0.10889013125 0.8081122515624999 0.1086108203125 0.815648209375 0.101786471875 0.811845128125 0.0946493984375 0.8150227578125 0.10481781406249999 0.8378613953125 0.1119548890625 0.8346837656250001 0.11369502812500001 0.827067528125 0.1405939921875 0.799127890625 0.147105615625 0.8099116828125 0.15165518125 0.8124470703125001 0.1687841578125 0.804820759375 0.16369994999999998 0.7934014406250001 0.267855825 0.75843071875 0.275527540625 0.7641370203125 0.28409202968749997 0.7603238640625001 0.2855648484375 0.7482656609375 0.29296924375 0.749529996875 0.300640959375 0.7552362968749999 0.30920544843750003 0.751423140625 0.3169679734375 0.7342840890625 0.31188376562500003 0.7228647703125 0.31240216875 0.71591918125 0.410062659375 0.6859941875 0.41514686718749993 0.6974135046875001 0.4222385375 0.7056585515625 0.426788103125 0.708193940625 0.4353525921875 0.704380784375 0.4370927328125 0.696764546875 0.4430697125 0.6986644078124999 0.4516342015625 0.6948512515624999 0.45337434062500004 0.6872350140625 0.44871381718750003 0.67676730625 0.47371627812500006 0.6599342640625 0.481342590625 0.677063240625 0.48901430625 0.6827695406250001 0.4981588421875 0.676417640625 0.4940783640625 0.6634111859375 0.5022191687500001 0.65864641875 0.506456009375 0.6681625171875 0.511005575 0.67069790625 0.5195700640625 0.66688475 0.53348608125 0.6789328765625 0.5585995015624999 0.6700321546875 0.560339640625 0.6624159171875 0.547629121875 0.633867621875 0.5479418468749999 0.6268869109375 0.56221599375 0.6205316515625 0.5670328812500001 0.627509003125 0.5763993328125 0.63702174375 0.584963821875 0.6332085875 0.5846965 0.628766621875 0.5875513296875 0.6274955703125 0.6085590187500001 0.6477887453125 0.61712350625 0.6439755890625001 0.6123520250000001 0.625575559375 0.6220312015625 0.6281075890625 0.6118627859375 0.6052689515624999 0.612666125 0.5989469171875 0.7401767390625 0.556838059375 0.589069553125 0.604014690625