1 0.301994178125 0.52593675 0.3032909828125 0.528807359375 0.3029648015625 0.5342892906250001 0.31017944062499997 0.5332813515625 0.3220254375 0.5417691437500001 0.3182376703125 0.551451478125 0.3268229296875 0.5527913703125 0.33084480781250003 0.546703325 0.3354081859375 0.5541312625 0.33773326406250004 0.5511773171875001 0.35961314375 0.5666813796875 0.3609642671875 0.5596575234375 0.36601564375 0.5627665921875 0.36636230468750003 0.5713024109375 0.37134812031250003 0.568023525 0.38263945625 0.554432890625 0.38922192187500004 0.5502689671875001 0.39359292031250004 0.5373966968749999 0.39183182968749997 0.5200633390625 0.3872152828125 0.51268815 0.36855774375 0.5167552765625001 0.364282334375 0.520087496875 0.3639356734375 0.5115516796875 0.37513796250000003 0.50317361875 0.3635890125 0.5030158609375001 0.3577563 0.5014531921875001 0.35762315624999996 0.49899815781249995 0.36324235 0.49448004218749997 0.359670115625 0.4927718625 0.3595702578125 0.49093058437500003 0.3628956875 0.48594422187499997 0.36151735937499996 0.4828630140625 0.3634977453125 0.4754092015625 0.362202365625 0.468872584375 0.3654115625 0.46672787343750005 0.361855703125 0.46033676406249996 0.354302615625 0.4561481484375 0.3451573515625 0.45757139531249996 0.33697823437499996 0.46262035625 0.3338548109375 0.47114181874999994 0.3348276796875 0.48891209375000005 0.3345417515625 0.4969043234375 0.333037415625 0.4998386359375 0.3261981875 0.5025860640625 0.31624001874999996 0.49973060468749997 0.3046762140625 0.511900240625 0.29640252500000003 0.52433336875 0.2957832265625 0.5288643328125 0.301994178125 0.52593675
1 0.6822735484375 0.632787315625 0.6867007593750001 0.6504262140625 0.7050072640625 0.6496581015625 0.70424518125 0.6132500765625 0.6928713203125 0.616873009375 0.6822735484375 0.632787315625
1 0.47576251718749996 0.5631852328125 0.46761451718749997 0.570911859375 0.4696265765625 0.5886741468750001 0.47072712968749997 0.5972849234375001 0.48198559999999996 0.5993403515625 0.49544753906250005 0.602010615625 0.5047460187499999 0.6046769109375 0.5164010984375 0.6074240093750001 0.5171079390625 0.6028841515625001 0.5109491984375001 0.5934179046875 0.50711618125 0.58817120625 0.5000004234375 0.5819831953125 0.4985088359375 0.5809605484375 0.5020401453125001 0.570720221875 0.5058098921874999 0.5575735546875 0.4950955859375 0.5473959640625 0.4817963234375 0.5483080046875 0.47467767031249997 0.554578959375 0.47576251718749996 0.5631852328125
1 0.3978505734375 0.25015544375 0.3887547171875 0.23741622968749998 0.37037765624999996 0.23214669062499999 0.354086334375 0.23798021406249997 0.3478775140625 0.2504444875 0.34722443125 0.264518840625 0.39074920468749996 0.27361669375000003 0.3978505734375 0.25015544375
1 0.55593176875 0.27631035000000004 0.5479712609375 0.28041909375 0.54252701875 0.300768865625 0.5808986453125 0.3073861765625 0.5830052218749999 0.30839818750000003 0.5815526953125 0.28287510781249997 0.5710890203125001 0.273483315625 0.55593176875 0.27631035000000004
1 0.175691384375 0.5548237109375 0.175921 0.5493990828124999 0.17210135 0.5489667515625001 0.170250184375 0.5837585234375 0.171459615625 0.5841053234375 0.1746763421875 0.5813050640624999 0.1757797921875 0.5774568765625 0.1758668 0.5733002296875 0.172216740625 0.5691938875 0.1741939421875 0.5622985625 0.1750676953125 0.5592514265624999 0.175691384375 0.5548237109375
1 0.1389690046875 0.5627879515624999 0.14238158437499998 0.5523096 0.13842457187499999 0.542930740625 0.139146284375 0.536916290625 0.134216175 0.535910565625 0.1310850203125 0.5384123921875 0.129991259375 0.54151543125 0.12895960312500002 0.5430384328125 0.12391156875 0.5480163109375 0.120788475 0.549126584375 0.11972105468750001 0.55284911875 0.12031365000000001 0.55985238125 0.1188997125 0.5739125421875 0.117567521875 0.58697624375 0.1198965734375 0.590057853125 0.127247315625 0.58754209375 0.127229434375 0.5756891109375 0.1389690046875 0.5627879515624999
1 0.42402137656249994 0.244962028125 0.41871244687500003 0.24343971718750002 0.4132204984375 0.2502621140625 0.410058775 0.2612883515625 0.4065486984375 0.2704468703125 0.40631154843750006 0.27435648437500004 0.41599554687499996 0.2775752828125 0.42317219375 0.27874923906250004 0.435426515625 0.279169409375 0.436189146875 0.274968515625 0.4342190640625 0.2602609734375 0.43305984531249997 0.251973340625 0.4285135453125 0.2462501375 0.42402137656249994 0.244962028125
1 0.10240595156250001 0.5354582921875 0.09820751093749999 0.5556723390625 0.0940859984375 0.5893711421875001 0.0940739703125 0.59492615625 0.11532539374999999 0.601019903125 0.11837861093749999 0.59315824375 0.11840584999999999 0.5598662734375 0.1322333671875 0.539268625 0.130696521875 0.5197897828125 0.1192903625 0.5125585015625 0.1117397171875 0.5222922390625 0.10240595156250001 0.5354582921875
1 0.139689275 0.6053883875 0.1447306203125 0.6074289125 0.1457935359375 0.6037220859375 0.1450557140625 0.5936684703124999 0.1516226359375 0.5728417 0.15330681875000002 0.564893446875 0.15395128593750002 0.5598597484375001 0.15214563125 0.5563162796875 0.1479769484375 0.554729965625 0.1438731 0.5557629921875 0.1420611703125 0.5564503125 0.1396298984375 0.559356809375 0.1336765859375 0.5674917734375 0.1332732875 0.5738185062500001 0.1258934734375 0.5974208921875 0.1247301109375 0.602900740625 0.1305283765625 0.6043763859375 0.1361520828125 0.60296325 0.139689275 0.6053883875
1 0.16504320625 0.6000797265625 0.164540575 0.5928812796875 0.16491988125 0.588179509375 0.17105838906249998 0.583548315625 0.1715407765625 0.5695950015625 0.171683025 0.5545752453125 0.1718518234375 0.551733928125 0.16800363437500002 0.550630478125 0.1638617140625 0.5539303671875 0.16245748437500002 0.5554485234375 0.16079888281250002 0.56010643125 0.1557333171875 0.55992878125 0.1559068140625 0.5615763765625 0.1578835421875 0.5669537296875 0.15558871875 0.572704078125 0.15130435625 0.586519103125 0.148880640625 0.60504925625 0.14811263125000002 0.6054749703125 0.1536939890625 0.6061064921875 0.1557297421875 0.599006978125 0.15646489531250002 0.59537615 0.156719265625 0.5922364015625 0.1591765796875 0.59261805625 0.1601440875 0.5948162984375001 0.155559140625 0.6108059140625001 0.1571235125 0.6131753046874999 0.160201340625 0.6124600124999999 0.16504320625 0.6000797265625