1 0.35338308125 0.7255191515625 0.3531485234375 0.7254944984375 0.3530659015625 0.7215423359375001 0.35208076250000003 0.72143879375 0.34956728125000003 0.721661659375 0.348307796875 0.72168639375 0.3477466296875 0.7222872765624999 0.34769595781249996 0.7252513421875 0.3472664109375 0.72933820625 0.347553190625 0.7313479421875 0.34898026875 0.7319849781250001 0.3539059671875 0.7325026890624999 0.3549238125 0.7298131 0.35569077031249996 0.72725425 0.35338308125 0.7255191515625
1 0.69782616875 0.76649774375 0.695317453125 0.7659984 0.6947752109375 0.7711574828125001 0.69521034375 0.770401953125 0.696710559375 0.773953221875 0.6944696125 0.7758701046875001 0.696038521875 0.7819266546875 0.6945708984375 0.7911519078125 0.7073660046875 0.791255553125 0.7024432890625001 0.781232959375 0.6990436546875001 0.7745440828125 0.7010035859375 0.77214204375 0.698577478125 0.7674722390625 0.69782616875 0.76649774375
1 0.0402537921875 0.70610374375 0.04039610625 0.7004627171875 0.03910563125 0.6983003546875 0.034977426562500004 0.6978664625000001 0.0328497234375 0.7014134890625 0.031854248437499996 0.7068234437500001 0.0296056828125 0.7115203859375 0.025733057812499998 0.7233208546875 0.038185678125 0.723749859375 0.03958905625 0.71242828125 0.0402537921875 0.70610374375
1 0.3095984140625 0.7291969296875 0.3113517859375 0.7303395921875 0.31194199375 0.73307250625 0.3165354546875 0.733366765625 0.31744000625 0.7234067546875 0.3105772828125 0.7225911875000001 0.310256615625 0.72293455 0.3095984140625 0.7291969296875
1 0.3755016515625 0.7109230875 0.3745096203125 0.7144952109375 0.37522033125 0.7196917171874999 0.3757939 0.7318338125 0.379757915625 0.732250446875 0.381168703125 0.73056053125 0.3837719171875 0.7263250640625001 0.38743308125000003 0.7181159140625 0.3867245953125 0.7131238859375 0.3887664625 0.7112960562499999 0.3884767328125 0.7081862359375 0.38180864375 0.706872659375 0.378680509375 0.7102359796875 0.3755016515625 0.7109230875
1 0.2556434125 0.7353250421874999 0.2530592078125 0.7391540187500001 0.2556995875 0.7406569968750001 0.260862065625 0.7414038390625 0.26312615156249997 0.7406205859375 0.2641835125 0.7364268859374999 0.2644824 0.7335831749999999 0.26389745 0.727190134375 0.266680415625 0.7244032671875 0.266149459375 0.7206553609374999 0.261658303125 0.7191621015624999 0.2599409578125 0.7208355078124999 0.25977877031249996 0.7253118265625 0.2571543234375 0.7297493046875 0.2556434125 0.7353250421874999
1 0.34733731562500003 0.7239253406249999 0.3475837046875 0.717745365625 0.34307993593749997 0.7159208484375 0.3395772375 0.72014033125 0.33829285468750003 0.7264940078125 0.338684490625 0.73450068125 0.344806290625 0.7344685328125 0.34733731562500003 0.7239253406249999
1 0.4884358609375 0.7733825859375 0.49038966874999995 0.773069475 0.48909732968749997 0.7670891281250001 0.490183678125 0.7605889484375 0.4906066921875 0.7565642421875001 0.489964946875 0.755224196875 0.4896157875 0.7549361203125 0.48822346093749996 0.7535171843749999 0.48806049375000005 0.7514576171875 0.4855422921875 0.7499203484375 0.48284220937500005 0.749887934375 0.48195933437500005 0.7510677375 0.48054541562499997 0.753464321875 0.4766151640625 0.7581416203125 0.4781505015625 0.7654201046875 0.4776997234375 0.7697089796875 0.47938894374999996 0.7719132515625 0.4884358609375 0.7733825859375
1 0.368993421875 0.72862099375 0.36980865 0.7247003546874999 0.369462978125 0.720092103125 0.365756975 0.7197025874999999 0.364394828125 0.724539828125 0.3610963296875 0.7243345406249999 0.35831236093749996 0.7248746203125 0.36185562656250003 0.72703809375 0.36416005 0.728804271875 0.363119021875 0.732842578125 0.36578236249999996 0.7372859390625 0.3683274640625 0.736987840625 0.3679289375 0.7326568328125 0.368993421875 0.72862099375
1 0.9005793499999999 0.8060642203124999 0.9176081937499999 0.8078540249999999 0.9176686234375 0.807279065625 0.9063023843750001 0.7897449171875001 0.903182775 0.7894170328125 0.90287681875 0.7977431625 0.9005793499999999 0.8060642203124999
1 0.16432773750000002 0.7047688140624999 0.1592954234375 0.7057167375 0.1563732203125 0.7077976828125 0.154367240625 0.711765990625 0.1492875625 0.71316455625 0.146021371875 0.7162619890624999 0.15188720625000002 0.718213953125 0.1588789125 0.7202842515625 0.1683765671875 0.7199470546875 0.1733692703125 0.71734530625 0.1739899078125 0.7114403328125001 0.1656647125 0.7049093359375 0.16432773750000002 0.7047688140624999