1 0.13055858125 0.24703390937499997 0.126802478125 0.2357905609375 0.12712492343749998 0.22737149375 0.12567665 0.2250114265625 0.1254588640625 0.2128943515625 0.11699246875 0.2114449703125 0.11138351093750001 0.22289080156250002 0.11354869999999999 0.2264221515625 0.09892493125 0.24426129375 0.10758048125 0.25442931562500004 0.10419001406249999 0.26461235156249996 0.10701246093750001 0.2701681625 0.1036138109375 0.29189189843749996 0.1281657609375 0.29670839375 0.12791288437499998 0.28486915156250003 0.122620215625 0.268720484375 0.12439390624999999 0.247163409375 0.13055858125 0.24703390937499997
1 0.0833100390625 0.264850496875 0.076537803125 0.26045290312499997 0.071713471875 0.26560590156249997 0.07158968906249999 0.27812776875 0.057694329687500004 0.2904780359375 0.0551764015625 0.30520669375 0.059791503125 0.3243251984375 0.0590744984375 0.339954703125 0.064677371875 0.33957157968749996 0.077536709375 0.3420371078125 0.07821935937499999 0.3322747625 0.07360141718749999 0.3237245671875 0.0752686484375 0.3160095734375 0.086600125 0.3136693171875 0.090044725 0.312343871875 0.09104161093749999 0.2873360453125 0.088333584375 0.2781280015625 0.08329525156249999 0.2758136703125 0.0833100390625 0.264850496875
1 0.0958721421875 0.2726866625 0.09587809375 0.2665537171875 0.09207227500000001 0.264309084375 0.089142128125 0.264549353125 0.0879630796875 0.25744321718749996 0.08408039218749999 0.2562978734375 0.0803133671875 0.259546303125 0.08170696250000001 0.263584271875 0.0837734 0.26964779375000003 0.08306295625 0.2739837984375 0.0879773796875 0.27807011875 0.090266853125 0.28721591874999997 0.0968669484375 0.28220358125 0.0958721421875 0.2726866625
1 0.070921046875 0.259466590625 0.080833853125 0.25120703125 0.079825734375 0.24815229374999997 0.07781501874999999 0.24801169218750002 0.0707390375 0.2564696203125 0.068217984375 0.25757935781249996 0.0677202046875 0.2532742796875 0.0648636171875 0.24753471718750003 0.0587275421875 0.24837518125 0.057757804687500004 0.2564192359375 0.045791728125 0.247899296875 0.0429704921875 0.2477020171875 0.05231293125000001 0.2590227359375 0.052384171874999996 0.2752514484375 0.051321914062499994 0.2790187625 0.06353669843750001 0.27815820156250004 0.0660778828125 0.265112896875 0.0662557171875 0.262569765625 0.070921046875 0.259466590625
1 0.9538121515625001 0.3346416890625 0.9536021296875001 0.3322692859375 0.9537111250000001 0.3307105921875 0.953392109375 0.3298968828125 0.9513811656250001 0.3266236328125 0.9484511640625 0.33111769375 0.946988825 0.336126571875 0.9427054781249999 0.3440708171875 0.9396102640624999 0.350927528125 0.9386165656250001 0.354386375 0.9449752312499999 0.35954644999999996 0.948255765625 0.3605672484375 0.9563143265624999 0.3626970734375 0.9565873859374999 0.35879213593750003 0.95677500625 0.350957190625 0.9568380453125 0.3446798484375 0.9562079828125001 0.3375626390625 0.9538121515625001 0.3346416890625
1 0.164955815625 0.307722621875 0.1649248890625 0.30435700312499997 0.1667580375 0.2971812125 0.16712976562499998 0.2918652453125 0.1680005234375 0.28322071875 0.16901115312499998 0.2801917328125 0.1663672625 0.2684985578125 0.1624550234375 0.26710383437499996 0.1599922046875 0.2680527703125 0.1595229546875 0.27476335625 0.1561308640625 0.285193590625 0.153997646875 0.29262868750000004 0.15708621875 0.2981866203125 0.1607352046875 0.2916983828125 0.1603141921875 0.293911246875 0.15965798125 0.2994876078125 0.16010069062500001 0.3045802375 0.16075909531250002 0.30658829375 0.164955815625 0.307722621875
1 0.14931139843750002 0.26534387812500004 0.1542229265625 0.25894392499999996 0.15488965937500002 0.253665075 0.1534315359375 0.251221884375 0.1463551796875 0.252293371875 0.146059028125 0.25227266406250004 0.1459520171875 0.25178704218750003 0.1411737234375 0.260537540625 0.1399998984375 0.2665723328125 0.1456600546875 0.2664899921875 0.14931139843750002 0.26534387812500004
1 0.8941086687500001 0.333681884375 0.894361078125 0.33007227656250004 0.8944628781249999 0.3266005265625 0.8941284406250001 0.32354343281250003 0.8930083609375 0.3218658203125 0.8904053421875 0.3216838 0.8886872546875001 0.3227342734375 0.8885771124999999 0.324309375 0.887599559375 0.326417371875 0.887299490625 0.326676678125 0.88716755 0.3285635171875 0.8893500765625 0.3425986359375 0.8904567484375001 0.342676021875 0.890991965625 0.3428618359375 0.8993206515625 0.34359262031250004 0.8977465046875001 0.3385527734375 0.8946782546875 0.33718409375 0.8941086687500001 0.333681884375
1 0.9880218734374999 0.3393256328125 0.988839246875 0.336596396875 0.986189321875 0.3321573125 0.9849469750000001 0.32550840000000003 0.9856622375 0.3242394140625 0.987953878125 0.322602521875 0.988124828125 0.3201578328125 0.9857612359375001 0.31834380156250003 0.98280383125 0.318301875 0.9817091390625 0.32051709375000004 0.9810476359375 0.3232572296875 0.9780177859375 0.32649125625000003 0.9760708062499999 0.3386548078125 0.9880218734374999 0.3393256328125
1 0.93205741875 0.30438268281249997 0.9289028109374999 0.30223305 0.9239487499999999 0.31036121875 0.9267389890625 0.3174975828125 0.9270327640625 0.318672253125 0.9295734359375001 0.31884991406249996 0.93205741875 0.30438268281249997
1 0.9433056859375 0.333247503125 0.9455012828125 0.32850423906250004 0.941893703125 0.3267845828125 0.935604084375 0.3302688015625 0.9307452828124999 0.3397226328125 0.9430573734375001 0.343518359375 0.9422575390624999 0.34151690156250003 0.946445659375 0.33493446250000003 0.9433056859375 0.333247503125
1 0.0794145921875 0.2439521984375 0.0792469390625 0.242093871875 0.0716841109375 0.2409385015625 0.07099395625 0.246776290625 0.0711186328125 0.2532810953125 0.07051070312499999 0.266230759375 0.0773359 0.2611352375 0.0794145921875 0.2439521984375
1 0.8917128515625 0.2994016484375 0.8916277218750001 0.29748314374999996 0.8903570343749999 0.29594338593749997 0.890122984375 0.299290475 0.8878711375 0.30215022812500003 0.8881898234375001 0.3074485234375 0.88724470625 0.311108615625 0.8877140499999999 0.3124604390625 0.8887334953125 0.311097309375 0.88901825625 0.3101609453125 0.8898635578125 0.3079282875 0.8913031281249999 0.31018881875000004 0.891352709375 0.30611986562500004 0.8924065750000001 0.30426451718749997 0.8926499187499999 0.30235249375 0.8917128515625 0.2994016484375
1 1 0.30801348906250003 0.9972398140625 0.31053997031249997 0.9869026125 0.30157335625 0.9864346515625 0.306345571875 0.9785999265624999 0.30575060625 0.9775504500000001 0.30091938906250004 0.9724154437499999 0.307155328125 0.9707652015624999 0.3051556421875 0.9692980562500001 0.3069373390625 0.963407475 0.30157917031250003 0.962930475 0.304560678125 0.9550957515625 0.3039657140625 0.9551326843749999 0.30045095625 0.9472610265625001 0.30337074999999997 0.9468578937500001 0.299322740625 0.9385831046875 0.29819452812499997 0.9352362546874999 0.30125799999999997 0.931591575 0.3021808203125 0.9279017093749999 0.29415010625 0.92375685 0.3015858546875 0.918549546875 0.2934961390625 0.915922125 0.300990890625 0.9100676906249999 0.3027955484375 0.905735803125 0.297546375 0.900252675 0.29980096093749997 0.896383640625 0.29689240781250004 0.8924179499999999 0.2992059984375 0.8920517515625 0.2916432328125 0.8842582828125 0.291098259375 0.8845832234375001 0.2986110328125 0.8713298078125 0.2967892265625 0.8764648140625001 0.2905532875 0.5711942156250001 0.27481245 0.19512740312500002 0.246254146875 0.1916245671875 0.2509083578125 0.18729267968750002 0.24565918281250002 0.17934708125 0.24525345937499998 0.178169978125 0.24172375625 0.1714014828125 0.2448477359375 0.164141734375 0.24074280468749998 0.163455884375 0.2444420109375 0.159006728125 0.24697874375 0.155510284375 0.2440362875 0.15121325937500002 0.24643377187499999 0.1475646859375 0.2436305640625 0.1435345203125 0.24424806875 0.1358557828125 0.242062365625 0.13167348750000002 0.2428191171875 0.1293915453125 0.24490784843750002 0.12817704531250002 0.2398766625 0.12372788906250001 0.24241339375 0.09989109375 0.24119622343749997 0.07039064218749999 0.23748459687499998 0.0652556359375 0.2437205359375 0.059365054687499995 0.23836236562500002 0.035984646875 0.23672744843750002 0.030849640625 0.2429633859375 0.0303907171875 0.2495263078125 0.034607874999999996 0.2564162125 0.04361584375 0.261992371875 0.0489327703125 0.275554190625 0.07075448437500001 0.2770801140625 0.07155760156249999 0.26559500156250004 0.07958053281250001 0.2628585140625 0.0810244953125 0.26460823906250003 0.0830421140625 0.2581543109375 0.0877181953125 0.2584812953125 0.090376659375 0.26526220624999997 0.094938009375 0.26722991875 0.0960377796875 0.2739018359375 0.1053899421875 0.274555803125 0.106078328125 0.2647114203125 0.1321171984375 0.273127246875 0.1403695921875 0.2671092984375 0.140690015625 0.2737267171875 0.1585002625 0.276620884375 0.1606326125 0.2685262265625 0.16530869374999999 0.26885321093750003 0.1679671578125 0.2756341203125 0.17887801406249998 0.27639708125 0.19093618125 0.260752740625 0.5790289390625001 0.2754074125 0.8689137734375001 0.2974211015625 0.8708708843749999 0.303352146875 0.8750880406249999 0.3102420515625 0.8907897109375 0.3096912671875 0.8989945625000001 0.3267525359375 0.9223749703124999 0.328387453125 0.9273952453125001 0.32379224687499997 0.9277394375 0.31887005625 0.9343184062500001 0.3143838421875 0.93743579375 0.31460183124999996 0.9355329078124999 0.319415028125 0.9397500640625 0.3263049328125 0.949102228125 0.3269589 0.9541225015625001 0.3223636921875 0.96019500625 0.3475196203125 0.96308293125 0.35101906875 0.97243509375 0.3516730359375 0.9872664562500001 0.3411688734375 0.9931570375 0.34652704375 1 0.34700555 1 0.30801348906250003