1 0.6328635203124999 0.5605809515625 0.6393603265625 0.5639098437500001 0.6499356890625 0.57391295 0.642683034375 0.5807139390625 0.6465553609375 0.5853228734375 0.663173571875 0.579383496875 0.660433603125 0.568792775 0.6565349265625 0.5674603234375 0.6373678328125 0.546456959375 0.6363462796875 0.5393895109375 0.6617127203125001 0.5497442203125 0.682764565625 0.5362425859375 0.6925593328125 0.534699321875 0.6988678828125 0.5359541671875 0.68186010625 0.51609316875 0.67023820625 0.5239274109375 0.65558896875 0.5321700890625001 0.6473557734375001 0.5253266921875 0.6355885781249999 0.5061733234375 0.5971276984375 0.47398961406250006 0.6078367625000001 0.44927366874999997 0.6040883 0.45326778125 0.57836678125 0.45714954375000005 0.5828218484375001 0.4679718515625 0.5851029390625 0.4809522484375 0.5984002937499999 0.5015548421875 0.609558396875 0.5177713234375 0.624356246875 0.53980794375 0.624892571875 0.55254155 0.6328635203124999 0.5605809515625
1 0.5340667515625 0.22858385625 0.5356243765625 0.23268992968750002 0.5372837953125 0.237962803125 0.5370021421875 0.2411264515625 0.5346893171875 0.2410380453125 0.530699096875 0.2356855375 0.531998996875 0.2411337578125 0.5384038343750001 0.24774146875 0.5431549921875 0.250913009375 0.5465042546875 0.2559550765625 0.5500987921875 0.26514990781250003 0.554430553125 0.2703358359375 0.5603740796875 0.275952096875 0.5656946265625 0.28124915 0.5726985171875 0.28999757187499997 0.5799249328125 0.2870664 0.5805601515625 0.2855401390625 0.5797273 0.2829200703125 0.57886456875 0.283934240625 0.55929116875 0.2485020375 0.5519164875 0.227770015625 0.543498665625 0.2142520453125 0.5362248109375 0.20869123906249998 0.5292209203125 0.19994281875 0.522743753125 0.200669053125 0.5241454453125 0.20728407187500003 0.5257809359375 0.214378446875 0.5304540265625 0.22304723124999998 0.5340667515625 0.22858385625
1 0.6113368015625 0 0.611743240625 0.004196746875 0.615810534375 0.0035481171875000003 0.618733009375 0.009540078125 0.6106073624999999 0.015372390625 0.6160469156249999 0.027346350000000002 0.619871034375 0.0241460796875 0.62799603125 0.024425978125 0.63201504375 0.0347192296875 0.6352972390625 0.0320502984375 0.63570119375 0.02918303125 0.6292591890625 0.020902293750000002 0.6259121265625 0.013218578125 0.634008765625 0.006094959375 0.6321811671875001 0.0003403953125 0.6319212171874999 0 0.6113368015625 0
1 0.58068346875 0 0.5840813203125 0.0095292859375 0.5826824046875 0.012911495312499998 0.5853593921875 0.01840013125 0.594080128125 0.0175290546875 0.5909279749999999 0.0305930171875 0.6005293609375 0.054704248437500005 0.6056524859375 0.0522055328125 0.6107035875 0.0443124484375 0.6143500546875 0.047637081250000005 0.618271109375 0.04367746875 0.616598459375 0.039746171875 0.6099618312499999 0.043339104687500005 0.6083042796875 0.033644584374999995 0.6091648921874999 0.02135708125 0.6068970515625 0.016707320312500003 0.6037639765625 0 0.58068346875 0
1 0.6343924140625 0 0.6346630656250001 0.005657159375 0.6357939531250001 0.03489365 0.6510278171875 0.038114909375 0.662981778125 0.032284571875 0.6583301625 0.0087409515625 0.654929775 0 0.6343924140625 0
1 0.503055409375 0 0.49515182031249994 0.023560078125 0.530835846875 0.0736833375 0.544479540625 0.0670288625 0.5375021203125 0.060433395312500006 0.53384819375 0.022191534375 0.523024659375 0 0.503055409375 0
1 0.416250375 0.11034464531249999 0.41939560625 0.11067978437499999 0.42227781875000003 0.1128936984375 0.42676674062500003 0.12209735 0.4319667375 0.122083040625 0.42759557812500004 0.10335741875 0.41651755 0.0923236953125 0.4066153640625 0.0914567921875 0.4019881515625 0.082973315625 0.397197290625 0.07899039531249999 0.393236421875 0.08154529687499999 0.3934254578125 0.087772678125 0.3993351328125 0.0950075984375 0.3986377234375 0.1004212125 0.39766946718749996 0.10911188125 0.40930719218749995 0.1280910421875 0.41036688593750004 0.12766320312499999 0.4103353453125 0.1272335453125 0.4111880390625 0.1254231984375 0.4139237890625 0.12313946406250001 0.4165195953125 0.12234811406249999 0.414015534375 0.118673978125 0.41217945 0.11559379843749999 0.41352167968750003 0.11191287187500001 0.416250375 0.11034464531249999
1 0.603819878125 0.99563638125 0.617239709375 0.9935415000000001 0.619305578125 0.9757410343749999 0.627053740625 0.9749289421875 0.637048015625 0.9779464656249999 0.6405363296875 0.97674948125 0.6388182390625 0.970170103125 0.6298010203125 0.9478953171875 0.6112957578125 0.9426202921875 0.609793815625 0.933472934375 0.604524653125 0.9241751234375 0.6027357734375001 0.9235641484375 0.596722440625 0.9195840796875 0.591240790625 0.9227620375000001 0.5888773625 0.9308277265625 0.59620261875 0.9420599828125 0.600329478125 0.9474645265625 0.5953951843749999 0.964676165625 0.600404775 0.9894099796875 0.603819878125 0.99563638125
1 0.4264770265625 0.12063650625 0.4202390421875 0.1122265921875 0.41481527500000004 0.10772161875 0.41286893124999996 0.1158212359375 0.41781265312500004 0.12486240312500001 0.41439193281250003 0.12222873906250001 0.4111027015625 0.13528538750000002 0.415042196875 0.14336255 0.41805895 0.144027375 0.42667469999999996 0.1441272546875 0.43678420156250003 0.13848445625 0.4401333328125 0.1332609796875 0.43703550937499996 0.126909503125 0.4264770265625 0.12063650625
1 0.47300066406249996 0.2954545078125 0.465051534375 0.2791563765625 0.4542281 0.24533106875000002 0.43737528125 0.23212944218749998 0.43800254218749995 0.2217359140625 0.424546646875 0.2232549984375 0.42476732500000003 0.2256692625 0.41769352812499994 0.2227998046875 0.427629940625 0.2431724703125 0.425240384375 0.255701309375 0.4319138859375 0.2713458234375 0.44521982812500005 0.2850312625 0.45439496874999996 0.305804896875 0.45886475937500004 0.28973956093750003 0.47300066406249996 0.2954545078125
1 0.43637522031250003 0 0.4404469390625 0.008348260937500001 0.40809035312499997 0.024129621875 0.3981098375 0.008228875 0.3832769484375 0.0006286656249999999 0.2969045125 0.0516561328125 0.286118984375 0.056916587500000004 0.27182648593750003 0.054986689062500003 0.2675145046875 0.0689575375 0.28307534843750004 0.12367371406250001 0.28831604375 0.1294319859375 0.26183849062500003 0.14389841718750002 0.251975959375 0.132908021875 0.254490353125 0.11981391718750001 0.22868437187500001 0.07602850312500001 0.0740917953125 0.151428340625 0.0744557734375 0.174986325 0.06789401875 0.17521976875 0.05908249375 0.16171580624999998 0.0422756015625 0.1728800125 0.03094968125 0.17247015625 0.058955756250000005 0.2047982265625 0.0628652328125 0.2014079796875 0.0680815828125 0.2166654265625 0.0776264734375 0.22635027343749997 0.0732979328125 0.2319228734375 0.0764956140625 0.24516345312499999 0.0411922078125 0.2644520328125 0.0318497890625 0.2746872171875 0.023540506250000003 0.27409632031250003 0.0215472671875 0.2672509515625 0 0.2516983296875 0 0.44426094374999997 0.0073610125 0.44803264531250003 0.0127537765625 0.44540241875 0.03477701875 0.44949565937499997 0.099876465625 0.5601575859375 0.104287803125 0.59657623125 0.10728782968749999 0.776096271875 0.1143017671875 0.7904769765624999 0.12320150156250001 0.7950371015625 0.193131021875 0.7787318265625001 0.2044569421875 0.7791416828125 0.21443745937499997 0.7950424296875 0.24132422187499997 0.8501684640624999 0.2685298921875 1 0.4490377625 1 0.7184099796875001 0.690714728125 0.7123034515625 0.6797953156250001 0.741605253125 0.6714377484375 0.749335996875 0.673601090625 0.790592315625 0.6623798546875 0.8204345078124999 0.6596925984374999 0.8438031531249999 0.64829495 0.8438913593749999 0.6393511125 0.8350798328125 0.62584715 0.7483322718750001 0.5939833 0.5025798078125 0.11749014531249999 0.5146225328125 0.1056826390625 0.5153393390625001 0.093465275 0.5674693937499999 0.0680397484375 0.5734025500000001 0.0710798328125 0.5841880781250001 0.0658193796875 0.5956022046875 0.0572853984375 0.597488 0.04746481875 0.6075567234375 0.054421729687499996 0.620139840625 0.048284532812499996 0.623194625 0.0408607375 0.6327229562500001 0.0421473375 0.6457582578125 0.0506242875 0.651151021875 0.0479940609375 0.6570841765625001 0.051034143750000004 0.6822504109375 0.0387597515625 0.6911501437500001 0.043319878125 0.7132615921875 0.03846928125 0.75280853125 0.0191809515625 0.755863315625 0.0117571546875 0.75262919375 0 0.43637522031250003 0