1 0.716731153125 1 0.7327201 0.9507543843749999 0.7470909953125 0.964045865625 0.7616807765625 0.8957237203125 0.77942439375 0.8407259625 0.7788898140625 0.8212709796875 0.789930275 0.797140775 0.7983394406250001 0.7622541171874999 0.7925726546874999 0.7381300578125 0.7809792718749999 0.7428484937500001 0.7616383359375 0.7827344265625 0.745592653125 0.8167767078124999 0.741336115625 0.8173670468750001 0.7278321984375 0.8284659109374999 0.7161700875 0.8427437078125 0.7049698656250001 0.88608516875 0.7132967609375 0.88722259375 0.687358084375 0.9483302859375 0.6609152875000001 1 0.716731153125 1
1 0.6448009140625001 1 0.6525276078125 0.9684825671875 0.6587179671875 0.9652958953124999 0.6644596968750001 0.951769228125 0.6916792578125001 0.8660098390625001 0.716529965625 0.8097446234375001 0.7300396546875 0.7893146921875 0.7436947453125 0.761704078125 0.749183115625 0.7407764593749999 0.7507321453125 0.7109342890625 0.7390993140625 0.7325411 0.7314980656250001 0.7289343625 0.722506584375 0.75125665625 0.7274664796875 0.7541479140625 0.715833646875 0.7757547265625 0.7135151015625001 0.7735789515625 0.7042008140625 0.7973615406250001 0.697329315625 0.7957546078125 0.6925679812500001 0.8189683515624999 0.680935146875 0.840575165625 0.6811435312499999 0.8179302640625 0.6591147515625 0.8643563015625 0.669302315625 0.8621819765625001 0.65766948125 0.8837887906249999 0.6481003624999999 0.8875693203124999 0.6460366484375 0.9053956015625 0.6370859734375001 0.9107823390625001 0.634403815625 0.9270024156250001 0.6260715828125 0.933995359375 0.6227709828125 0.948609228125 0.6089878328125 0.9674439984375001 0.619582303125 0.9777554078125 0.6093388828124999 1 0.6448009140625001 1
1 0.0714218265625 0.6000740296875 0.0664473875 0.6142324109375 0.0646492328125 0.6190284484374999 0.06861737031250001 0.6123993609375 0.069550184375 0.612081278125 0.0684424078125 0.6171703640625 0.0685802015625 0.6165658171875 0.07182658750000001 0.616515746875 0.07839649062500001 0.60267758125 0.0803405484375 0.598657515625 0.08398208124999999 0.589798675 0.087558771875 0.5819323703125 0.08998379375 0.5732201890625 0.08603759062500001 0.576798415625 0.082304815625 0.5817933140625 0.07705660156250001 0.5878790406250001 0.0714218265625 0.6000740296875
1 0.12965219375 0.6050532578125 0.1290012421875 0.602787834375 0.1257331078125 0.6073679249999999 0.12351870000000001 0.6108652125 0.1201642125 0.61892784375 0.11798375312500001 0.6242246406249999 0.1216999625 0.6255470625 0.12757010156249998 0.6117178828125 0.12965219375 0.6050532578125
1 0.504732528125 0.7081112921875 0.503708178125 0.71012461875 0.5027378234375 0.7116508359375 0.5008719546875 0.7143270140625 0.49949906562499996 0.7171614468749999 0.498435103125 0.7196679859375 0.4978297453125 0.7210941203125001 0.496600684375 0.72398960625 0.495497109375 0.7269893578125 0.49851732968749995 0.726792284375 0.501067171875 0.7207852328125 0.5035813609375 0.715222075 0.5037483468749999 0.7140688875000001 0.50516085 0.7107412421875 0.505857928125 0.7090990265625 0.5063000765625 0.7072975968749999 0.5056276171875 0.70752218125 0.504732528125 0.7081112921875
1 0.09809789375 0.5858959328125 0.097437503125 0.5874517140625 0.090174778125 0.5973235906250001 0.0921176890625 0.599984409375 0.08110288593750001 0.6230544453125 0.0831884046875 0.6239396953125 0.095827546875 0.594163740625 0.10166514374999999 0.5818508312499999 0.10061519375000001 0.5814051546875 0.09809789375 0.5858959328125
1 0.8265977578125 0.955411128125 0.83602215 0.9288098453125 0.8465295375 0.9090946234375 0.86077695625 0.8868867234375 0.8742604875 0.85956030625 0.8820300734375 0.841896134375 0.884404821875 0.835661753125 0.8786162546874999 0.8316235640625 0.8741785890625 0.8313209734375 0.8676413374999999 0.8366045234374999 0.8616400499999999 0.852622159375 0.8557799062500001 0.8670676171875 0.8482782265625 0.8815813265625 0.837101009375 0.9066735375 0.8325928578124999 0.9216928828125001 0.832427225 0.9296810234375 0.8200103953125 0.9526149593750001 0.8265977578125 0.955411128125
1 0.1638744328125 0.6108072484375 0.1605981890625 0.614006821875 0.159777884375 0.6177388500000001 0.1563904859375 0.62435943125 0.15293550312499998 0.6338584890625001 0.15467144531250002 0.6352073875 0.1570751453125 0.6304643765625 0.160009734375 0.627629809375 0.159617490625 0.6239951171875 0.16179587499999998 0.6179834015625 0.1645216625 0.61108198125 0.1638744328125 0.6108072484375
1 0.1518660734375 0.6125443828125 0.14978464687499998 0.6166081453125 0.14835087656249998 0.6203857890625 0.14694459375 0.6258581953125 0.14792305625 0.6257124968750001 0.14923104843749999 0.62738976875 0.1508980546875 0.6247821874999999 0.1524756546875 0.62106559375 0.15612157499999998 0.6115965828125 0.1557605953125 0.6081281734374999 0.154713328125 0.609315725 0.1526863234375 0.612331528125 0.1518660734375 0.6125443828125
1 0.8309427796875 1 0.934222028125 0.7566893390625 0.9309311625 0.7619228171875 0.90831675625 0.7875665296875 0.8626843578125 0.8673972390625 0.8425948468750001 0.909566565625 0.8222537765625001 0.962645721875 0.8207678390625001 1 0.8309427796875 1
1 0.128912675 0.628149653125 0.129459225 0.62838165 0.13065720625 0.626799046875 0.13126902499999998 0.625477659375 0.131082046875 0.6253982921875 0.13314305625 0.6206628265624999 0.134750884375 0.6167550546875 0.1357027078125 0.6137928921875 0.1363783328125 0.6111215140625 0.13625705 0.6089279125 0.13477202187499998 0.6113067234375 0.134193115625 0.614070159375 0.1334441140625 0.616914403125 0.13119716406249998 0.6219279609374999 0.128912675 0.628149653125
1 0.8085820921875 1 0.8103599890625001 0.9961042499999999 0.81571346875 0.9633377203125001 0.8269945640625 0.9202856015625 0.8336510578125 0.9009248828124999 0.8445600203125 0.8880614906250001 0.8576274859374999 0.8609154828125 0.8710028734374999 0.8175282718749999 0.8660273546875 0.807255834375 0.850290553125 0.8168968671875 0.83915135625 0.8367009218750001 0.8317143328125001 0.8487429359374999 0.8233885171875001 0.8720363296875 0.8198627343749999 0.8903798265624999 0.8111801734374999 0.8925596234375 0.789328615625 0.9229643921875 0.7667481796875 0.9624442921874999 0.74999198125 1 0.8085820921875 1