1 0.636513984375 0.6793553203125 0.635345421875 0.6854348671875 0.6383134765625 0.6924648890625 0.6350587359375 0.7091191109375 0.6365989328125 0.71237935625 0.6418690328125 0.712665640625 0.6425980078125 0.7119584703124999 0.6425887015625 0.6991324375 0.6434943328125 0.6908175734374999 0.6468119609375 0.685352615625 0.64599748125 0.6814057765625 0.6467992078125 0.6763438734375 0.6457260140625001 0.6715334328125 0.640089078125 0.6722647921875 0.636513984375 0.6793553203125
1 0.6800638296875 0.7105310078125 0.681009534375 0.7135494453125 0.691499503125 0.71044386875 0.6963525296874999 0.697881721875 0.69624765 0.675970553125 0.6953828390625 0.663451975 0.6905327734375 0.6579167765625 0.6862818078124999 0.6667775359375 0.6844345078125 0.687430325 0.6800638296875 0.7105310078125
1 0.41505902499999997 0.685010928125 0.4186163890625 0.6827268015625 0.42336004843749997 0.6763486828125 0.422150940625 0.6839826890625 0.42451136875 0.689355590625 0.428925865625 0.6850557312500001 0.4293886484375 0.67873784375 0.43317327343749995 0.6615347578125 0.4397265828125 0.6640070265625 0.43935418437499996 0.6596661593750001 0.4371297625 0.6365544734374999 0.43694965 0.6343955515624999 0.43544309375 0.62702749375 0.431276284375 0.6263675359375 0.4275437984375 0.6364494390625001 0.42633469062499996 0.6440834453125001 0.41923712812499997 0.65863141875 0.4173696921875 0.6704219484375 0.413001690625 0.6811203578125 0.41505902499999997 0.685010928125
1 0.5512009703125 0.6705468109375 0.5527503578124999 0.654571675 0.550969175 0.6422454453124999 0.5441913734375 0.6403915062500001 0.5425174687500001 0.6534571765625 0.5396678015624999 0.655368253125 0.5400198781250001 0.65803955 0.542542203125 0.6594936984374999 0.540110278125 0.6711526359375 0.5411119640625001 0.6760150328125001 0.5386448625 0.6915917 0.5462179703125 0.6933184875 0.548037284375 0.6768376843749999 0.5512009703125 0.6705468109375
1 0.5218720859375 0.6905171296875 0.522093890625 0.6853211906250001 0.52014831875 0.67533134375 0.516626803125 0.67399315 0.5131670203125 0.6760607078125 0.5109992671875 0.6822562078125001 0.5101303484375 0.6902393984375 0.5144091203125 0.697983253125 0.5218720859375 0.6905171296875
1 0.7714637046874999 0.6915959765624999 0.7735051234375 0.6879960031250001 0.7749195515625 0.6790656546875 0.7721147375 0.672103671875 0.7680110953125 0.6701459515625 0.7629393421875 0.705264084375 0.769143259375 0.7062466875 0.7714637046874999 0.6915959765624999
1 0.4638208515625 0.67149336875 0.4635132484375 0.6641464625 0.468292953125 0.663933215625 0.4708584 0.643141053125 0.46807831875000006 0.638819615625 0.4658383828125 0.6379797046875 0.46465112187499996 0.6338894515625 0.462281109375 0.631573521875 0.459350540625 0.6327968046875 0.458668825 0.6382995765625 0.46053454374999997 0.6403036125 0.45640521562499997 0.6445009875000001 0.4541665359375 0.659734159375 0.4543875796875 0.662933121875 0.4558228140625 0.663160440625 0.45425818281249997 0.67533641875 0.45493348906250003 0.68835230625 0.45541468125 0.6911073359375 0.457019675 0.691361540625 0.45948448593749996 0.6907816484375 0.46220436249999997 0.68169948125 0.4638208515625 0.67149336875
1 0.610649484375 0.6944323453125001 0.611122046875 0.6914487015625 0.6116467531249999 0.68813583125 0.611976684375 0.684454621875 0.61260568125 0.680483290625 0.6129388703124999 0.6767815046875 0.6121368484375 0.67055859375 0.61322460625 0.6652888781249999 0.610329115625 0.6610968125000001 0.6078444625 0.6607032828125 0.6063687796874999 0.6635280453125 0.604564796875 0.6717217171875001 0.60215356875 0.6740608171875 0.6009018984375001 0.6755711062499999 0.5985982187500001 0.67723116875 0.5970996265624999 0.67870235 0.597173053125 0.6814349796875 0.5991638625 0.68175029375 0.6015458546875 0.68109400625 0.6042390875 0.6801706171874999 0.6049293390625 0.6823048734375 0.6051283375 0.687440903125 0.6041481281250001 0.692031584375 0.6046691046875 0.7016270515625 0.6046169609375001 0.7019562828125 0.6048330203125001 0.705386478125 0.6033865703125 0.70652843125 0.6042561671875 0.7090285796875 0.607234665625 0.7095003265625001 0.608849721875 0.707393709375 0.6097810453125 0.70311168125 0.61051433125 0.6984818921875 0.610649484375 0.6944323453125001
1 0.8428548499999999 0.6863241062500001 0.8479190531249999 0.685712965625 0.848312821875 0.6810294015625 0.8502878062500001 0.6685598374999999 0.847792603125 0.659643053125 0.847437653125 0.659586834375 0.843736890625 0.6627763437499999 0.8403697109375001 0.6750465 0.8369133828124999 0.6834846984375 0.838688040625 0.6856641484375 0.8428548499999999 0.6863241062500001
1 0.627146096875 0.6869626859375 0.6248703109375 0.6863491203125001 0.626433703125 0.6852678765625 0.62822139375 0.6839690421875 0.6284314109375 0.681344584375 0.6287182078125 0.6795338234375 0.629716725 0.6757264843749999 0.628949115625 0.6705847671875 0.6268194125 0.67024745625 0.6234554828125 0.6689131265625 0.622414596875 0.6729879640624999 0.6203623484375 0.6771557328125 0.6185322875 0.6787220671874999 0.6169499171874999 0.6787245609375 0.61394228125 0.68143324375 0.6136978515625 0.6829765078125 0.6136561578124999 0.6869353921875 0.6133047546875 0.6879554796875 0.6121056125 0.6917310421875 0.6118988562500001 0.6943349234375 0.612341996875 0.7002267843750001 0.6125353390625 0.7052986390625 0.6121656296875 0.7089313625 0.6126551609375 0.709536221875 0.6162620828125001 0.710634828125 0.6182302703125 0.7106934421875 0.6214647906249999 0.7040552046874999 0.6217165015624999 0.6974718625 0.6228011921875 0.6918219859375 0.6237903171875 0.6906708796875 0.6261052109375 0.6910375234374999 0.627146096875 0.6869626859375
1 0.4848869578125 0.660043703125 0.48515218125 0.650678221875 0.48597336562500004 0.6439952390625 0.4823054765625 0.637887928125 0.4801757734375 0.6375506171875001 0.4756753921875 0.64139391875 0.4731969703125 0.6432583296875001 0.4715942828125 0.6517791875000001 0.4702939203125 0.659989346875 0.4692901328125 0.6663270125 0.46730009375000003 0.6712007046874999 0.463693371875 0.6832852703125 0.4662423484375 0.6901645484375 0.4784241515625 0.682370071875 0.4827816109375 0.6733363406249999 0.4848869578125 0.660043703125
1 0.10705505625 0.6165481015625 0.1090211421875 0.627806778125 0.11899071718750001 0.630883409375 0.119453503125 0.6279614984374999 0.12085557031250001 0.62620081875 0.123660178125 0.6131876765625 0.11992289062499999 0.6061201890625 0.11865376875 0.5999498546875001 0.112820234375 0.5990259140624999 0.109923696875 0.6055278453125 0.10705505625 0.6165481015625
1 0.6533915328125001 0.6838635546875 0.6517276859375001 0.687776446875 0.6531783640625 0.7049860953125 0.6517606781249999 0.7139370203125 0.65445640625 0.71799198125 0.6609555546875 0.7165112765625 0.6615832984375001 0.7032588171875 0.663791021875 0.693315090625 0.666159115625 0.6928464390625 0.6669180890625 0.68545753125 0.6650682765625 0.6773601328125001 0.6673628500000001 0.67605720625 0.668709221875 0.6701534765625 0.6662420124999999 0.6672526375000001 0.6650238875000001 0.6631574953125 0.6626124671875 0.6625013562500001 0.6615381234375 0.6600953359374999 0.66044605 0.659099740625 0.6575765390625 0.6600373953124999 0.65700476875 0.66494588125 0.650896428125 0.67984036875 0.6533915328125001 0.6838635546875
1 0.179883278125 0.6433543078125 0.18103351875 0.6161155578125 0.17859880156250002 0.6115113328125 0.191082296875 0.60926991875 0.20970370625 0.6248750734375 0.20579284375 0.6495672828125 0.2094449171875 0.6564736203125 0.2187044953125 0.65794019375 0.2246379046875 0.6504427453125 0.22811422656250002 0.6284941140625 0.40982637187500004 0.6445523468750001 0.625493271875 0.686511065625 0.6197132421875 0.71301653125 0.6221479578125 0.71762075625 0.6314075359375 0.7190873296875 0.635145871875 0.7154608203125 0.637187565625 0.692581865625 0.635404659375 0.683862271875 0.632725515625 0.6808013093749999 0.668886734375 0.6522525203125 0.6757882859375 0.6586188749999999 0.6794403609375 0.6655252140625 0.6856134125 0.6665029296875 0.6912209171875 0.6610631640625 0.696416253125 0.6682139312500001 0.7025893062499999 0.669191646875 0.7063276421875 0.6655651359375 0.7098263359375 0.6534634609375 0.7588848484375 0.6633428671875 0.759124490625 0.6718180328125001 0.7627765640625 0.678724371875 0.765863090625 0.6792132296875 0.7702532375 0.67147135 0.7787747421875 0.6875861421875 0.7880343203125 0.6890527140625 0.79177265625 0.685426203125 0.79877004375 0.6612228531250001 0.90862449375 0.6817860421875 0.9076036468750001 0.69322551875 0.9112557203125 0.70013185625 0.9205152984374999 0.7015984296875 0.9277331828125 0.72594395625 0.9238223218750001 0.750636165625 0.9274743953125 0.7575425046875 0.9367339734375 0.7590090765624999 0.9426673828125001 0.751511628125 0.945926434375 0.7309347859375 0.9426002656250001 0.7219707640624999 0.9333406875 0.720504190625 0.92731140625 0.701971728125 0.9264487078125001 0.69410098125 0.9242967656250001 0.6927054953125 0.9305992125 0.6778839359375 0.9212821265625 0.6834392625000001 0.918267484375 0.6741730328125 0.9260556859375001 0.6666178015625001 0.9152528437499999 0.6649068 0.9096453406249999 0.670346565625 0.9074209984375001 0.6638883875 0.7977751640624999 0.6496306390625 0.7954438749999999 0.65225883125 0.7899433203124999 0.6486122296875 0.784641034375 0.650547828125 0.7821114734375 0.6475938203125 0.7664477828125 0.645556996875 0.760840278125 0.6509967624999999 0.7581381265625 0.6450845984375 0.708280190625 0.6422502031249999 0.7065001671875 0.6444994375 0.699970534375 0.641777803125 0.6987838515625 0.64327729375 0.683351221875 0.6408330062500001 0.6292316078125 0.68288455625 0.4021239828125 0.6430538203125 0.2326714203125 0.6100862546875 0.22985238749999998 0.6175198 0.22652621874999998 0.6085557765625 0.21726664062499998 0.6070892046874999 0.21165913593750002 0.6125289703125001 0.2085385265625 0.6078161078125001 0.19981041093750002 0.6085430140625 0.1620350765625 0.5962320812499999 0.1527754984375 0.594765509375 0.145744553125 0.6041984265625 0.1474417203125 0.6129044421875001 0.13871360625 0.613631346875 0.1303263359375 0.6565982828125 0.133978409375 0.663504621875 0.1432379875 0.66497119375 0.1469763234375 0.661344684375 0.1533219015625 0.6412567015625 0.1573861421875 0.6355725062500001 0.16047266875 0.6360613640625 0.1646902890625 0.649385184375 0.1739498671875 0.6508517578124999 0.179883278125 0.6433543078125