1 0.8439194562500001 0.5826715953125 0.842597975 0.584928575 0.8431717984375 0.5895412140625 0.845591184375 0.5908441328125 0.8463932140624999 0.5938058046875 0.8454044906249999 0.595116096875 0.8469533703125001 0.59842601875 0.8493645609374999 0.5955888218750001 0.8478727328125 0.5918661578125 0.850539978125 0.5900065624999999 0.854309240625 0.5932290578125 0.8555736703125 0.59138481875 0.8534829296875 0.587613021875 0.8494658062499999 0.587553040625 0.8475366687499999 0.5840727828125 0.8474796171874999 0.5844855265625 0.8444001515625 0.582024021875 0.8439194562500001 0.5826715953125
1 0.7292754125 0.7242775609375001 0.7270000609375 0.7146293046875 0.7218122046875 0.7024984578125 0.71746911875 0.6946633234374999 0.7108991796875 0.6846801296875 0.7033889203125 0.686794628125 0.701397096875 0.6933534640625 0.7041209046875 0.7075171109375 0.7121691203125 0.717395478125 0.7199006640625 0.7267347828124999 0.7241678375 0.7298242015625 0.7304268359375 0.7263547828125 0.7292754125 0.7242775609375001
1 0.6691986187500001 0.743072365625 0.6558405375 0.7280623671875001 0.656678484375 0.7220002156249999 0.6462204484375 0.728916734375 0.670311296875 0.7693482390625 0.6815612640625 0.76537516875 0.6691986187500001 0.743072365625
1 0.5521751890625 0.7968156296875 0.5510356890625 0.793374065625 0.547912740625 0.7946049265624999 0.547612090625 0.7947715796875 0.5490200359374999 0.8021137218750001 0.5487757265625001 0.8057983078125 0.557641509375 0.8156046078125 0.559227321875 0.8157260109375001 0.5585543359375 0.8090007296874999 0.5596571625 0.8068649515624999 0.5544798578125001 0.7995875109374999 0.5521751890625 0.7968156296875
1 0.545653553125 0.8009070296875 0.5471483828125 0.8036037734375 0.5471281343750001 0.8052109296875001 0.547154271875 0.805387 0.548539775 0.8081443453125001 0.54951949375 0.80991180625 0.5499175640625 0.8105010265624999 0.5511860265624999 0.8129183109375001 0.552745603125 0.8161508421875 0.553882796875 0.8172355171874999 0.554706834375 0.8193989328125 0.5564893265624999 0.8191016578125 0.5575137078125 0.8175334 0.5568334765625 0.8146947734375001 0.5490834921875 0.806127928125 0.5488030578124999 0.8057831562500001 0.5484764484375 0.7997472125 0.547991621875 0.7994204578125 0.5468538 0.799527125 0.54627983125 0.79984528125 0.545653553125 0.8009070296875
1 0.571575771875 0.89591898125 0.5693259734375 0.9061699781250001 0.5762604578125 0.9052083359375 0.5834821015625 0.918236525 0.6025819546875 0.940091975 0.5911718921875 0.912997390625 0.579052878125 0.8898449453125 0.5695649796875 0.8809789859375 0.5651823453125 0.884384934375 0.571575771875 0.89591898125
1 0.46888630468750003 0.9556037875 0.46582050625000004 0.953134709375 0.46484085156250005 0.9491757843749999 0.46304832500000004 0.9472633734375 0.46219997343749997 0.943541325 0.45815853593750006 0.9419227093749999 0.457116859375 0.9457158046874999 0.45854040625000003 0.94783274375 0.4599401875 0.9499390375000001 0.46070593125 0.9543500140625 0.4637810546875 0.9629594515625 0.46524085625 0.9647228171875 0.4725539703125 0.9587396828125 0.47323190937500004 0.9586735515625 0.47262246250000006 0.9532231437500001 0.470520975 0.951172334375 0.46976689531250004 0.954162875 0.46888630468750003 0.9556037875
1 0.5639719984375 0.885746615625 0.5657331937500001 0.8823169234374999 0.56750805625 0.8788796546875 0.56671254375 0.8765098671875 0.5704003765625 0.8807779359374999 0.5735719359375 0.883212209375 0.5751845171875 0.8823183421874999 0.5730213484375 0.8765143625 0.5700619890625 0.8711755390624999 0.5645247734375001 0.8588334078125 0.5606130109375 0.8522598390624999 0.5588353749999999 0.8490528984375001 0.557462328125 0.847027065625 0.55521940625 0.845816890625 0.5530906671875 0.8410418999999999 0.550198346875 0.8391436171875 0.54703495 0.8419451921875 0.54694980625 0.8479473562500001 0.5490893234375 0.8499056265625 0.5497705359375 0.8596752921874999 0.5560558453125 0.8705308531249999 0.5619466671875 0.8802235312500001 0.5639719984375 0.885746615625
1 0.7852736375 0.653648603125 0.785447084375 0.65531513125 0.7847388265624999 0.6558744640625 0.7846259015625 0.6570565937499999 0.7842503703125 0.657764971875 0.783245609375 0.6589174156250001 0.7840346031250001 0.66069531875 0.785389271875 0.6613021453125 0.788017875 0.660178565625 0.7902543453125 0.6586053921875 0.791020265625 0.656989840625 0.7899336234375001 0.6543526734375 0.7885041390625 0.6520961046875 0.7870710234375 0.6520568 0.7867478171875 0.6514737187499999 0.7864276109375 0.649864721875 0.785422334375 0.6483734453125 0.7844348703125 0.6473010546875 0.784643425 0.6471616296875 0.7827438609375 0.6482145765625 0.7832090171874999 0.6506007421875 0.7842344781249999 0.6526763250000001 0.7852736375 0.653648603125
1 0.7801193078125 0.6530518140625 0.7746679234375 0.6515001484375 0.77473809375 0.6495318421875 0.774158284375 0.6464231734375 0.771092453125 0.645049828125 0.7678126296875 0.6468678640625 0.7691968890624999 0.651460028125 0.7699574046875 0.6518007031249999 0.7718406875 0.6588079 0.7728007546875 0.66208690625 0.7743602843749999 0.6669630359375 0.7755485578125 0.6685910734375 0.78241124375 0.6644059046875 0.7831338125 0.662099790625 0.782391853125 0.65715159375 0.7801193078125 0.6530518140625
1 0.5956687875 0.9234627328125 0.59974993125 0.928537040625 0.6157357578125 0.951284928125 0.62463944375 0.9452061796875 0.6189881078125 0.9342374 0.6137575281250001 0.9202246453124999 0.61457098125 0.9186303859375 0.6151384656250001 0.9166246140625001 0.6089059796875 0.90766918125 0.5996051609374999 0.9015579078125 0.5956815078125001 0.8952529484375 0.5868950234375 0.896193096875 0.5933490515625001 0.9078364703125 0.5905741718749999 0.912757034375 0.5956687875 0.9234627328125
1 0.68219658125 0.7399644953125 0.6708130921875 0.7184290328125 0.6684223453125 0.7130846796875 0.6646227984374999 0.709259653125 0.6620732546875 0.7091722359375 0.6604731312500001 0.7107976171875 0.658818375 0.7113575640625001 0.657056646875 0.7126914046875 0.659369028125 0.715863946875 0.6638132953125 0.7178547656250001 0.6643306640625 0.7227845375 0.6691069296875 0.7294029421875 0.6713087734375 0.7333751734375 0.6826223062500001 0.7497566828125 0.685703609375 0.75028775625 0.687711290625 0.7499132953125 0.68219658125 0.7399644953125
1 1 0.373914121875 0.9500835406249999 0.283862446875 0.942597128125 0.2832482578125 0.9381407749999999 0.2881004421875 0.9343566750000001 0.28719123125 0.9377842015625 0.2906800828125 0.9305946609375001 0.29704729687500003 0.9264932437500001 0.28885562187499997 0.8793126499999999 0.2988419765625 0.8787835156250001 0.30671078125 0.872663696875 0.305339078125 0.8714492187499999 0.3005063703125 0.8689204890625 0.305031984375 0.8635857859374999 0.3021707609375 0.8638106890625 0.3054824046875 0.857334296875 0.306690340625 0.8557223546875001 0.3038351546875 0.855967703125 0.30744785625 0.8518679234375 0.3097204015625 0.8478589203125001 0.3054995453125 0.8399954875000001 0.30716393750000004 0.83992515625 0.31395839531249997 0.8338053375 0.31258669375000003 0.8321320562500001 0.30882832968749996 0.83243874375 0.3133442078125 0.82596235 0.31455214374999996 0.8242686234375001 0.310492721875 0.8245957562499999 0.3153096578125 0.8218625703125 0.3168246875 0.8181193640625001 0.31651759375 0.8164051921875 0.312157115625 0.8167527703124999 0.31727510937500003 0.811286396875 0.3203051703125 0.808541759375 0.31382150625 0.4940044671875 0.380397196875 0.48782330937499996 0.3781223171875 0.47439617656250005 0.34745329687500004 0.47100954218749996 0.3445665625 0.46078994218749997 0.345467403125 0.45900707656249995 0.35836560156249997 0.46607721562500004 0.37112047187499997 0.4663740890625 0.378101875 0.47380080312499995 0.38827710625 0.3785761796875 0.6098843515625 0.38419451875 0.6165957546875 0.35864551875 0.618847859375 0.3446230125 0.6290026484375 0.332560846875 0.652362728125 0.33036170781249996 0.677401609375 0.327628521875 0.6789166390625 0.311645675 0.6758661375 0.2932265140625 0.6813120671874999 0.2667868953125 0.6626199625 0.251160621875 0.656989821875 0.23482120156250003 0.6565189578124999 0.21604546875000002 0.6645445296875 0.204043003125 0.67834356875 0.20160668906249998 0.6868400015625 0.1814643640625 0.6956230875 0.169461896875 0.7094221265625 0.16280640468750002 0.7393131890625 0.163756725 0.75069635625 0.1330979265625 0.75339888125 0.12489836562500001 0.757943971875 0.11289590000000001 0.771743009375 0.10624040781249999 0.8016340734374999 0.1095076421875 0.8236428921875 0.16707878437499998 0.9275039828124999 0.1850816703125 0.9341987328125001 0.196311290625 0.935120015625 0.20688746406249997 0.9316395359375 0.2169876640625 0.9498607796874999 0.20326203125000003 0.966996971875 0.19939942500000002 0.9858119640625 0.20726398124999998 1 0.5985087484375 1 0.60039850625 0.9969693312500001 0.60325109375 0.9763322171875 0.613767565625 0.982412778125 0.6288204234375 1 0.62930879375 1 0.7670034890624999 0.9236745828125 0.76373625625 0.9016657640625001 0.7441893015625001 0.869625040625 0.74442188125 0.8616746671875 0.79808536875 0.828799928125 0.8053891265625 0.8285554609375 0.8161427734375 0.85117846875 0.82731269375 0.8616607937499999 0.8378291671874999 0.86774135625 0.85280199375 0.8689697328125 0.86783451875 0.8606370671875 0.8760937796875 0.846530934375 0.8899968859375 0.8554982296875 0.9979577562499999 0.7956545421875 1 0.7849543765625 1 0.75938806875 0.9972462343749999 0.7460272046875 0.983105953125 0.7205174624999999 0.98590758125 0.71373834375 1 0.7051052 1 0.373914121875