1 0.2844191125 0.934488490625 0.330078603125 0.7947531 0.3521539890625 0.7123666390625 0.3597726015625 0.7657354328125 0.3643368546875 0.7998351078125 0.37815070624999997 0.7994148078125 0.3804948640625 0.765129628125 0.3813019125 0.71605509375 0.3877362984375 0.67670756875 0.3826507703125 0.64455331875 0.37424873281250004 0.6197053390625 0.367862771875 0.607738446875 0.3683761890625 0.59555938125 0.3783873828125 0.5633285781249999 0.36280086875 0.5550304749999999 0.34948893281250004 0.5637801875 0.328744840625 0.595195975 0.32515046875000003 0.608610353125 0.313121403125 0.6177038109375 0.2926533796875 0.6327552265625 0.2854821984375 0.6390528859375 0.272939715625 0.6603254062499999 0.2608719328125 0.689968540625 0.23833581874999998 0.7229407640625001 0.2311664328125 0.739494684375 0.24418900312499997 0.7573615625000001 0.2575185015625 0.7280807484375 0.294640390625 0.686675890625 0.3061560375 0.6897614984375 0.2594334640625 0.8538695531249999 0.24454861874999997 0.919683515625 0.2461067859375 0.949607609375 0.2844191125 0.934488490625
1 0.496686921875 0.220775715625 0.49654768593750004 0.22413275625 0.49552144531250003 0.2268157078125 0.49402939687499997 0.22731299218749998 0.49178805312499996 0.22831261875000003 0.4884328671875 0.23805730625 0.48867252656250004 0.23993992187500002 0.5018332125 0.24050838593749999 0.501778659375 0.240711978125 0.5033892734375 0.23639145312499998 0.5045227437500001 0.232161284375 0.5043977640625 0.23033364218750002 0.502071871875 0.22832843593750002 0.5008228859375 0.2273149015625 0.5022976671875 0.2229579796875 0.5028407031250001 0.220388009375 0.5018159859375 0.21853748906249998 0.4982109765625 0.2184686078125 0.496686921875 0.220775715625
1 0.42929485781250004 0.23346116249999999 0.43018580625 0.23321498593749998 0.43006471562500004 0.22750912968749998 0.4302229171875 0.22631500624999998 0.43043337656249997 0.2211828953125 0.43173104218749997 0.21881512500000003 0.430779615625 0.21312923437500003 0.4289989328125 0.212409646875 0.4247205078125 0.215457690625 0.42450896718750003 0.21564346250000002 0.4245992796875 0.215910115625 0.423859796875 0.21866990468749997 0.42311425312499995 0.2214523125 0.4204431609375 0.22345207500000003 0.4157646203125 0.231072259375 0.41636031874999996 0.23319575 0.42929485781250004 0.23346116249999999
1 0.41927154218749996 0.10309944374999999 0.4187956 0.10801494687499999 0.4259007 0.10739723593749999 0.4274396171875 0.099299471875 0.42921334843750003 0.09189500625 0.43040137031250003 0.087461246875 0.4321719421875 0.0832078296875 0.4311523140625 0.0823042421875 0.42754027031249997 0.083227534375 0.4254560890625 0.0870817328125 0.4219104640625 0.0940356671875 0.41927154218749996 0.10309944374999999
1 0.42736927187499996 0.0610457171875 0.4281220109375 0.066144971875 0.4271946265625 0.06960601875 0.42891111875 0.07110849999999999 0.4279369984375 0.07601174375 0.433811053125 0.074555025 0.435276925 0.07005024374999999 0.4391974890625 0.06857924062500001 0.4398446609375 0.064533959375 0.4385622234375 0.060747492187499995 0.4393498328125 0.0581703171875 0.440075140625 0.051478984375 0.4382616671875 0.0503384421875 0.4351571296875 0.05401621718750001 0.43162357343749996 0.0579669640625 0.42736927187499996 0.0610457171875
1 0.44215987500000004 0.125379753125 0.44175230781249997 0.1283497046875 0.44323574218750006 0.13042011874999998 0.44121749218749995 0.140789734375 0.440261003125 0.14918903125 0.43966789687499996 0.1535154984375 0.44217053906250003 0.153895134375 0.4461462625 0.15161456874999998 0.4500129640625 0.1406249578125 0.45110606875 0.1344928390625 0.4526428546875 0.1315345171875 0.452053528125 0.12606687656249999 0.45006846093749997 0.12441969374999999 0.45119096875000003 0.11606488125 0.44987798124999995 0.1126339078125 0.446706525 0.11680290468750001 0.4455406828125 0.12320647968750001 0.44215987500000004 0.125379753125
1 0.730680346875 0.3036461921875 0.7255510000000001 0.29713177343749997 0.721593325 0.30550275781249997 0.714223875 0.31380814375 0.7321633359375 0.315196415625 0.7306626890625 0.3122243125 0.730680346875 0.3036461921875
1 0.729031975 0.22515875 0.7306999625 0.2328792890625 0.7296783375 0.23095686093749998 0.7308646984375 0.23721485625 0.736254346875 0.23104596875 0.73708803125 0.2246746203125 0.737912371875 0.22159813593750002 0.736727090625 0.22028648125 0.7386568359375 0.2138693875 0.7370536328124999 0.2107970671875 0.7346257781250001 0.2141227625 0.7340557015625 0.2195706859375 0.729031975 0.22515875
1 0.7415958953125 0.23972659062499999 0.7374365234375 0.23846661875000003 0.7353999140624999 0.246067346875 0.730345759375 0.2518897109375 0.7319093140625 0.2583700015625 0.7293832359375 0.27534375 0.74001751875 0.275138284375 0.7425100640625 0.2645078296875 0.7412664906249999 0.2550826109375 0.743675203125 0.24675724687499997 0.7407004515625 0.244456953125 0.7415958953125 0.23972659062499999
1 0.4265738859375 0.12559190625 0.42512233750000006 0.1218328625 0.42336765468750004 0.1222840203125 0.42169776406250004 0.125497621875 0.42223260625 0.1280897109375 0.426079096875 0.128223296875 0.42297806875 0.1344235296875 0.42068847812500004 0.1353617375 0.4228071296875 0.13928740781249999 0.42110129531249996 0.1422125578125 0.42113225 0.1504885140625 0.42583332343749997 0.15051165 0.4265738859375 0.12559190625
1 0.473889009375 0.231784246875 0.47464366562500004 0.21991227656249998 0.4713432625 0.208141775 0.4672821265625 0.2143029546875 0.4568808875 0.2199775765625 0.45657780781249996 0.2271457234375 0.45627472812500003 0.23431387187500002 0.468318615625 0.23754102187499998 0.473889009375 0.231784246875
1 0.38214495625 0.1582259078125 0.3944687046875 0.1563637875 0.3952960703125 0.1291882421875 0.393339865625 0.1228451953125 0.3897264859375 0.125101625 0.3858595421875 0.1363336234375 0.3861357453125 0.140917265625 0.38214495625 0.1582259078125
1 0.5978955015625 0.3164845515625 0.6022138859374999 0.306707009375 0.6030906734375 0.2964922015625 0.608409840625 0.2853341328125 0.617520946875 0.27451324375 0.6168568859375 0.26829821875 0.6186315875 0.2599241984375 0.6196237703125 0.255074284375 0.6185136546875001 0.2510672921875 0.6157735265625 0.25266063125 0.611561046875 0.25618700625 0.6097060484375 0.25731439843750004 0.60475705625 0.2636498484375 0.6032034234375 0.26534289843750003 0.601183553125 0.26829300625 0.597754484375 0.27644195 0.5968112515625 0.2927002890625 0.59524555 0.29739652968749997 0.5909411109375 0.305310915625 0.5898950375 0.3127163953125 0.5966934265625 0.31686557031249996 0.5978955015625 0.3164845515625
1 0.18534040000000002 0.5453998046875 0.1835462984375 0.5279473343750001 0.1817400484375 0.5226142828125 0.3399220140625 0.252234078125 0.3580331234375 0.257086934375 0.3707254796875 0.24594063593749999 0.379781034375 0.24836706406250003 0.39398265 0.23762516875 0.40454746249999995 0.24045600312499998 0.41723982031249995 0.2293097015625 0.4260105328125 0.2146880671875 0.43144143437500004 0.21856780781250001 0.429610884375 0.23747358749999997 0.45859594843749996 0.237966509375 0.46675215000000003 0.2251055828125 0.47370068906249996 0.229891140625 0.4758039328125 0.24015284062500003 0.48485948749999996 0.24257926875 0.4863184796875 0.23997519218750002 0.5023644625 0.249694246875 0.5041707140625 0.2550272984375 0.5117170093750001 0.25704932343750003 0.5135232609375 0.2623823765625 0.5014370375 0.2712665546875 0.4978002359375 0.28483928281250004 0.5005096124999999 0.2928388609375 0.5116805609374999 0.2934075734375 0.5143899375000001 0.3014071515625 0.523445490625 0.3038335796875 0.5297916687499999 0.2982604296875 0.543981134375 0.2996379515625 0.5482119203125 0.29592251875 0.5527275484375 0.3092551484375 0.561783103125 0.3116815765625 0.5711477984375 0.3069172375 0.573857175 0.314916815625 0.5829127296875 0.31734324375 0.590471175 0.3072458515625 0.6053153734375 0.2578835859375 0.6213232390625001 0.25247474375 0.625554025 0.2487593109375 0.6278599875 0.25759366875 0.6250171250000001 0.2680117234375 0.6164741703125001 0.2705717140625 0.60313923125 0.320338384375 0.6058486078125 0.32833796249999997 0.6149041625 0.330764390625 0.6224626078125 0.3206669984375 0.627287378125 0.3268088609375 0.65204165625 0.331017215625 0.6547510328125 0.33901679375 0.6638065875 0.341443221875 0.67559581875 0.327630396875 0.6795174625 0.3311057328125 0.6825238312499999 0.3440339578125 0.693694778125 0.34460267031249997 0.6973072796875 0.3552687734375 0.7160245234375 0.357859509375 0.7256740609375 0.3701432328125 0.7347296156249999 0.3725696609375 0.7389604015625 0.368854228125 0.7441064625 0.3556859046875 0.7501434984375 0.357303525 0.7492282234375 0.36675641406250004 0.7519376 0.3747559921875 0.7836320406249999 0.3832484921875 0.7975366640625 0.36757795 0.8126292546875 0.3716219984375 0.8153386312500001 0.3796215765625 0.8243941859374999 0.3820480046875 0.8307403640625 0.37647485468749997 0.835886425 0.36330653281249997 0.8337831828125 0.3530448328125 0.8168843406249999 0.3436677328125 0.7978822546875 0.3240289328125 0.8033374578125001 0.303669840625 0.8105867609375 0.3007632171875 0.8169450890625001 0.2830706515625 0.814841846875 0.27280895 0.8027799234374999 0.25745429531249997 0.7958519109375 0.241050734375 0.7705036484375001 0.226985084375 0.7674972796875 0.214056859375 0.7448583921874999 0.2079907875 0.7321660359375 0.2191370875 0.7303597859375001 0.21380403593750003 0.7107394171875 0.2085467734375 0.7177038796875 0.188592084375 0.7156006359375 0.1783303859375 0.6959802671875 0.1730731234375 0.6751354828125 0.184459521875 0.65973375 0.18760624374999998 0.653387571875 0.1931793921875 0.5539481125 0.1642284046875 0.5468241593750001 0.17432395 0.5462989234375 0.16200140624999998 0.5386497343750001 0.15977440625 0.5371989203124999 0.1378013921875 0.520300078125 0.1284242921875 0.5139539 0.1339974421875 0.5070258875 0.11759388125 0.5145843328125 0.1074964890625 0.5170088671874999 0.098448003125 0.514905625 0.0881863046875 0.48411430937500005 0.0823603296875 0.472325078125 0.09617315625 0.46628804218750003 0.0945555375 0.46418479843749993 0.0842938375 0.45512924374999997 0.081867409375 0.45876604531250004 0.06829468125 0.45666280312499996 0.0580329796875 0.4476072484375 0.055606551562499995 0.4412610703125 0.061179703125 0.4373272765625 0.0698237828125 0.4279625796875 0.0745881234375 0.42736859687499995 0.064730828125 0.4303992640625 0.0534202203125 0.4285930140625 0.04808716875 0.4180282 0.045256334375 0.4128942890625 0.0463052421875 0.3980865390625 0.059309259375 0.389030984375 0.05688283125 0.3772417546875 0.07069565625 0.367580065625 0.0705313484375 0.3612338890625 0.0761044984375 0.349135515625 0.09710809375 0.346116996875 0.096299284375 0.347420009375 0.1040994328125 0.33977081875000004 0.101872434375 0.334018625 0.117302878125 0.329787840625 0.12101831249999999 0.3308768453125 0.12361030937499999 0.170785303125 0.5148920671874999 0.17268449375 0.520187853125 0.166338315625 0.525761003125 0.1602891296875 0.5362628015625 0.15665232812500002 0.5498355296875 0.1593617046875 0.5578351078125 0.1759635546875 0.5622835609375 0.1801943390625 0.558568128125 0.18534040000000002 0.5453998046875