1 0.36408651718749996 0.5798431640625 0.36021370625000004 0.5545502234375 0.3590110109375 0.5494730296875 0.3625049046875 0.5348156640624999 0.36387770937499997 0.5191244265625 0.3567102578125 0.5060320828125 0.3467545328125 0.505985803125 0.3445806125 0.51828445 0.3412392796875 0.5437474046874999 0.33750565312499997 0.5484162890625 0.337098815625 0.5342423890625 0.33576949375 0.5241585796875 0.3239469546875 0.52644674375 0.3159764046875 0.5415371890625 0.320859896875 0.5552780125 0.32123355937500003 0.5827390203125 0.32722950625 0.60904244375 0.3247349609375 0.6312805453125 0.3235810671875 0.6444696015625 0.32320965625000003 0.6677181875 0.3601362921875 0.6692758171875 0.362210625 0.6520200515625 0.364972821875 0.6139940265625 0.36408651718749996 0.5798431640625
1 0.3891842046875 0.4882076921875 0.38166604843749996 0.48754993906250005 0.37529202968750003 0.4965827703125 0.37409721875 0.5102395234375 0.3692453875 0.5110167984375 0.3638345765625 0.5045581968749999 0.35997091875 0.49404059062499994 0.35759060468750004 0.4848545140625 0.35760243593749996 0.4710942625 0.357821734375 0.46392647499999995 0.35448025781250003 0.4702084484375 0.3479663171875 0.48101988906250004 0.348500328125 0.48405921718749995 0.35302730625 0.5006200749999999 0.35571859843750003 0.506251653125 0.35943738281250004 0.513763978125 0.36232674062500003 0.5217928328125 0.36297944531250004 0.532618615625 0.36240659062499997 0.5391663734375001 0.364383415625 0.5393393234375 0.36806288125000003 0.53367601875 0.36897168125 0.5277703125000001 0.3753850171875 0.5319131109375 0.3766085296875 0.5362145171875 0.3856226921875 0.5333978859374999 0.3887186875 0.539064871875 0.39048682968750004 0.5416230750000001 0.3954797984375 0.530089471875 0.3884563359375 0.5192954171874999 0.3910166296875 0.508138075 0.391615665625 0.496809146875 0.3891842046875 0.4882076921875
1 0.68986218125 0.40463539375 0.6791317703125 0.399101653125 0.6746695500000001 0.409409246875 0.673008271875 0.428397746875 0.6698217328125 0.43577720937500003 0.66696564375 0.4684224640625 0.6742146250000001 0.472874009375 0.676668728125 0.4738663234375 0.6831074375 0.4468835015625 0.69191634375 0.43924188593749997 0.6852331375 0.4225866390625 0.68986218125 0.40463539375
1 0.42610760625 0.49464275312500006 0.42727383124999996 0.48633249218749997 0.4246628265625 0.471895059375 0.41655317812500003 0.47118555781250004 0.412778965625 0.4799038734375 0.41057665156249995 0.49521620625 0.41106739687499994 0.5043076578125001 0.406058859375 0.50257345625 0.409762596875 0.4848004578125 0.40889125625 0.475039484375 0.40607140781249995 0.48772933125 0.40009390937499995 0.4968911078125 0.3970785125 0.5166565640624999 0.3960678328125 0.5282086828125 0.40799471406250004 0.524727890625 0.41836255624999996 0.5340472515625 0.41885330156249995 0.543138703125 0.4268504234375 0.5451343718749999 0.4293634984375 0.5459904625 0.43362781562499997 0.5218100140625 0.42885654687499997 0.512344065625 0.422796684375 0.5079258609374999 0.42610760625 0.49464275312500006
1 0.398421428125 0.6113828953125 0.3935753453125 0.6034891796874999 0.390235996875 0.5973767546875 0.3932909015625 0.5751876796875 0.390240025 0.565777990625 0.385652309375 0.5612058156249999 0.3780739921875 0.565538334375 0.37370737656249997 0.5776215796875 0.36986794375 0.5897745109375 0.3709804 0.6023371125 0.3648185765625 0.61593633125 0.3596219671875 0.6753338546875 0.3824898203125 0.673187296875 0.38413976875 0.6733316484375 0.38664987968750003 0.651094909375 0.3900721671875 0.6372560140625 0.395287615625 0.621924528125 0.398421428125 0.6113828953125
1 0.4171717765625 0.40585000468750004 0.4176161515625 0.3919862140625 0.41545607812499996 0.3813584484375 0.4156430796875 0.3616518703125 0.4060408015625 0.3654538578125 0.40406895625 0.3792075765625 0.397564196875 0.40067067968750003 0.3987176828125 0.42280379218749997 0.3945010578125 0.44446708125 0.39772663750000004 0.4517006171875 0.413721159375 0.454254584375 0.41639679531249996 0.4324564765625 0.4155027265625 0.41614276562499997 0.4171717765625 0.40585000468750004
1 0.41323963125 0.6150121421875 0.40564417343750003 0.615596509375 0.3986527296875 0.6187786171874999 0.3928559109375 0.637169665625 0.3863269859375 0.654247778125 0.38395610625 0.6716661109375 0.408609409375 0.6776167734375 0.4138001671875 0.6566513703125 0.421760128125 0.6422197875 0.41736052187499995 0.6254579984374999 0.41323963125 0.6150121421875
1 0.3683620421875 0.3631706375 0.3633236734375 0.36661787343749996 0.36031844999999996 0.38124729999999996 0.3640065171875 0.39323406875 0.3664480421875 0.39992773125 0.3716871265625 0.3744658625 0.3730915921875 0.373292725 0.373161096875 0.3674785359375 0.3683620421875 0.3631706375
1 0.456433134375 0.5343618234374999 0.45449753125000003 0.5281601359375 0.45357565156249996 0.521128146875 0.4413234140625 0.5233080250000001 0.43780314374999996 0.5318129218750001 0.43600879531250003 0.5381595578125 0.434580084375 0.547318715625 0.439611075 0.5570430265625 0.442678953125 0.5642863296875 0.44130468125 0.5730025375000001 0.4379460375 0.5796600296875 0.44062281406250003 0.5877881046875 0.44460278593749997 0.60253381875 0.44682348593750004 0.5911346921875 0.45113005156249997 0.58081348125 0.46331239531249996 0.575846953125 0.46040409687499995 0.5667796328125 0.456011184375 0.56033939375 0.4578154296875 0.5502940984375 0.456433134375 0.5343618234374999
1 0.4285745125 0.6202653687499999 0.42375959218750003 0.6347835953125001 0.41912880625 0.6471971859375001 0.4113241171875 0.6795744406249999 0.4442614140625 0.684600390625 0.43882574375 0.6574505578125 0.44180199218749994 0.639566784375 0.440905684375 0.6256092625 0.4285745125 0.6202653687499999
1 0.336215471875 0.3863962265625 0.3320034 0.37770968125 0.3309075328125 0.358503525 0.3191005578125 0.3607930515625 0.31676785937499996 0.374727275 0.3078903890625 0.3939091734375 0.304996309375 0.41443928750000003 0.30212611875 0.44079176093749994 0.3115920703125 0.4466154578125 0.31807656406249996 0.42305340156250004 0.3225376546875 0.4226189609375 0.330093103125 0.4058191671875 0.336215471875 0.3863962265625
1 0.510370434375 0.6034100265625 0.5151882046875 0.60194641875 0.514246471875 0.5840261953125 0.5124760078125 0.582928746875 0.5140879390624999 0.575081628125 0.5114902625 0.5762681921875 0.5053014015625 0.5898179156250001 0.5048424515625001 0.58789265625 0.5090184359375 0.5652596921875 0.5072515359375 0.5496000984375 0.49870270625 0.543691690625 0.48496679531250003 0.55422475 0.4852480828125 0.5617662265625001 0.48279542031249995 0.5718726109375 0.4825359234375 0.5784242203125001 0.481142571875 0.5801874265625 0.4802035 0.590921071875 0.4777917546875 0.6005597609375 0.4745367640625 0.6162512734375001 0.47063893749999997 0.621542015625 0.4541717375 0.663293853125 0.45573918593749996 0.6704765765625 0.4563680328125 0.6846227734375 0.48739015781250006 0.6873368578125 0.4928636671875 0.6676215125 0.4944833625 0.6419372421875 0.5072133140624999 0.61439733125 0.510370434375 0.6034100265625
1 0.373216565625 0.5237116859375 0.3690109125 0.5267840625 0.366055009375 0.534395778125 0.36429455625 0.5396378796875 0.362262934375 0.5404498156249999 0.3605580546875 0.5486422609375 0.363223640625 0.581817725 0.364288653125 0.5995837875000001 0.364256890625 0.6148268171875 0.364938815625 0.6183267984375 0.3698404125 0.610885309375 0.3709189390625 0.6021432250000001 0.3711620703125 0.59577869375 0.3731803078125 0.5875901015625 0.3756093046875 0.578471328125 0.37809682968749997 0.568862834375 0.3825426578125 0.5628659921875 0.3871737234375 0.5622814765624999 0.3908820515625 0.5498343078125 0.3918492984375 0.5425434484375 0.3915372125 0.53858098125 0.389350571875 0.5373999921875 0.38520344687499997 0.5399826484375 0.387191465625 0.5283746546875 0.3841813984375 0.5217255046875 0.3774066546875 0.5206379515624999 0.373216565625 0.5237116859375
1 0.7284319015625 0.380958509375 0.7197200687499999 0.3973508046875 0.7199551843750001 0.406137125 0.715285521875 0.4057285828125 0.7116227796875 0.39739642656249996 0.7035254906249999 0.3974420484375 0.7032422703125001 0.3999621640625 0.6997199796875 0.4043667734375 0.6954282015625 0.3974876703125 0.5577742906250001 0.3982632453125 0.550824375 0.40312201875 0.5456211125 0.39088487031249997 0.5416699953124999 0.39736030625 0.5347252328125001 0.389931603125 0.5336629890625 0.3964117421875 0.52565598125 0.3954631796875 0.5197955859375 0.39922915937500003 0.517648975 0.394514615625 0.5101493734375 0.4019198015625 0.5096419671875 0.393566053125 0.47761393906249994 0.38977180312500004 0.39348798125 0.3728621765625 0.37480933125 0.37122800625 0.37108245 0.3779711 0.36215230625 0.37247704531250003 0.36182329687500003 0.3583099515625 0.3577674078125 0.3508859546875 0.346871528125 0.34993268906249997 0.335690884375 0.3701619703125 0.3356107109375 0.3890060328125 0.32713399375 0.4141846453125 0.31636253124999997 0.42973695625 0.31357843124999996 0.44363168750000004 0.31628235781249997 0.4485810203125 0.330291346875 0.4498066484375 0.3369267453125 0.44567440156250004 0.3600704671875 0.4500555984375 0.3766589640625 0.43972498125000004 0.3805102625 0.44948746406250006 0.39140614218750003 0.45044073124999995 0.398530896875 0.42278745000000006 0.3975438703125 0.3802861734375 0.46960693437499995 0.3888232390625 0.5029002015625 0.41306750625 0.501877246875 0.42475993125 0.5035582187500001 0.4414016890625 0.5091706640625 0.44896186875 0.47731292031250006 0.48741140781250003 0.4698918703125 0.48558395781249997 0.46747270781249994 0.4594520765625 0.46341681875 0.45202807968750003 0.45407749375 0.45121099375 0.44858946718750004 0.4601563921875 0.4474863390625 0.49069288125000005 0.4397035671875 0.4900119765625 0.434215540625 0.498957375 0.431022259375 0.517529075 0.4358163390625 0.5344431953125001 0.4336460125 0.5413224703124999 0.420375215625 0.5495869640625 0.4157055515625 0.549178421875 0.415581134375 0.53267284375 0.4097641 0.52745115 0.3955505203125 0.5285640093749999 0.3893685484375 0.563368925 0.3949809921875 0.570929103125 0.3957191828125 0.580419225 0.3919923015625 0.58716231875 0.390969346875 0.5988547453125 0.3977291625 0.611228075 0.39867194375000004 0.6183797125 0.4128855234375 0.6172668546875 0.42173549374999997 0.641604971875 0.43939118906249996 0.65493156875 0.441379046875 0.6680655984375 0.439640025 0.6879427234375 0.44295772343750006 0.6858766000000001 0.445047878125 0.6978413875 0.45594375625000005 0.698794653125 0.4612271921875 0.692187740625 0.461840965625 0.685172284375 0.45602392968750005 0.6799505921875 0.4543429578125 0.6633088328125 0.4740003203125 0.6179009359375 0.4857504921875 0.5553065593750001 0.49259048125 0.548835828125 0.4944318 0.5277894609375 0.4894331296875 0.5132138265624999 0.5352723609375001 0.4494127265625 0.5348938953125 0.4417868203125 0.5399727390625 0.4375183921875 0.5418208203125 0.440298284375 0.5483692828125 0.43118384218749994 0.6969358796875 0.418261503125 0.700787178125 0.42802398750000004 0.70017340625 0.4350394421875 0.694276196875 0.4486618125 0.68850340625 0.47878975781250005 0.69235470625 0.48855224062499997 0.7421644406250001 0.492910028125 0.7474478765625 0.486303115625 0.7519931203125 0.47020608125 0.7555154109375 0.465801471875 0.7589934578124999 0.4260472234375 0.7521092234375 0.397168315625 0.7359146453125 0.397259559375 0.74399744375 0.38232031875 0.7284319015625 0.380958509375