1 0.8781729640625 0.5207335390625001 0.87910586875 0.523068125 0.8820284031250001 0.5281301046875 0.884407978125 0.5312829 0.887883371875 0.53564620625 0.890237878125 0.53428683125 0.8881017281249999 0.5305869109375 0.887412684375 0.5289247015625 0.8853164031249999 0.5231688390625 0.8831381531250001 0.5203334984375 0.8805278609375 0.5179373390625 0.87918861875 0.5172739515625 0.878242371875 0.51801000625 0.8781729640625 0.5207335390625001
1 0.754474684375 0.56913808125 0.7539582515625 0.5682435953125 0.7504936703125 0.5663677640625 0.7495306937499999 0.565731090625 0.748756046875 0.5643893609374999 0.747366265625 0.563700940625 0.746195221875 0.56407888125 0.745113803125 0.5652995625 0.7476564828125001 0.5703911125000001 0.7474681546874999 0.5710961671875 0.7472798265625 0.5718012234375001 0.748273209375 0.5742093140625 0.7509343296875 0.577443509375 0.7540724015625 0.582191309375 0.7553634812500001 0.584427525 0.758601325 0.5855668828125 0.75904786875 0.5853090703125 0.7590174609375 0.5835376515624999 0.75543018125 0.5766368015625 0.7553496265625 0.5734035265624999 0.755061003125 0.571184865625 0.754474684375 0.56913808125
1 0.8305793078124999 0.5427364078125 0.8325832515625 0.542582340625 0.83214093125 0.53950371875 0.8263685578125 0.533349425 0.8234960250000001 0.5293428015625 0.8224260546875 0.529770809375 0.8211255124999999 0.531361953125 0.8226759234375001 0.53464109375 0.82425640625 0.5362223203125 0.8266848687499999 0.539834790625 0.8288700515625 0.5444008890625 0.8304635765624999 0.5496609546875 0.8310386937500001 0.5506570875000001 0.8320646249999999 0.5507153015624999 0.8346353484375 0.5484179250000001 0.833650546875 0.5473059484375 0.8328631921874999 0.5457547109374999 0.8305793078124999 0.5427364078125
1 0.81772625 0.5380680078125 0.8167165140625 0.5404128453125 0.8197593296875001 0.54624565625 0.8231055156249999 0.5526351671875 0.824253175 0.5575292234375 0.8266251828125 0.5622314109375 0.8285306140625 0.566687965625 0.8304250453125 0.565594215625 0.8326081546875 0.561812971875 0.8327640359374999 0.5612079671875 0.8305299640625 0.5561821921875 0.8256121249999999 0.54766424375 0.8231685796875 0.5422444 0.820778628125 0.5378236328125 0.81772625 0.5380680078125
1 0.918483571875 0.47927230937500004 0.9164395687500001 0.47841949218749996 0.9151385921875 0.4787911328125 0.915989190625 0.4805769140625 0.9165836578125001 0.4827003109375 0.917830409375 0.484609746875 0.920904021875 0.49077715 0.9234094046875001 0.4950228515625 0.925335646875 0.49710920156249994 0.9261889671875 0.49639969375000004 0.9257154578125 0.49442330312499994 0.92516183125 0.49043314374999997 0.923123846875 0.48621575000000006 0.9204163124999999 0.4818699140625 0.9206926203125001 0.4824422421875 0.9200940281250001 0.48140545156250003 0.918483571875 0.47927230937500004
1 0.7049785171875 0.61259570625 0.7035460125 0.6084895359375 0.7010454328125 0.602533403125 0.696972371875 0.59466615625 0.69474290625 0.5924296078125 0.6942385015625 0.5923684515625001 0.69142391875 0.5939934515624999 0.692445334375 0.596575096875 0.6946874078125 0.6012709828125 0.6967768999999999 0.6057025890625 0.70137769375 0.613265146875 0.7023398453125 0.61411914375 0.703043490625 0.61371289375 0.7049785171875 0.61259570625
1 0.9876537203125 0.46964101874999997 0.98540116875 0.46592698437499996 0.9817843953125 0.46235004999999996 0.980117728125 0.4594633 0.9787835796875 0.45790248437500003 0.976578121875 0.4546762703125 0.9748285140625 0.4545208625 0.9736984 0.4583446953125 0.975550775 0.4607718546875 0.97723800625 0.46313172500000005 0.9792214296875 0.4661608640625 0.9803375687500001 0.46868782343750004 0.9817000406249999 0.47123519375 0.9843532578125 0.4725494515625 0.9850193624999999 0.47314067812499994 0.9880341546875 0.471237453125 0.9876537203125 0.46964101874999997
1 0.8619632984375001 0.5057513234375001 0.8596986203125001 0.503453784375 0.8575350609375001 0.5038626421875 0.8588692546875001 0.5080797828125 0.8591656359375 0.5118118796875 0.8638543640625 0.5179954953125 0.8690545734375 0.5263775234375 0.8720195093750001 0.5238254421875 0.866226915625 0.5141048765625 0.8643935562499999 0.5093356531250001 0.86378885625 0.50635078125 0.8619632984375001 0.5057513234375001
1 0.8663149515624999 0.5433823578125 0.8647739484375 0.5411820125 0.862703271875 0.5389079953125 0.8613828 0.53774586875 0.8590840234374999 0.5359830234375 0.8582373046875 0.5349539625 0.8557431234375 0.5317589140625001 0.8544469937500001 0.533076453125 0.8561698718749999 0.5367168140625 0.8578935734375 0.5401398546875 0.8598561421875001 0.5428828718750001 0.8631719203125 0.5475009671875 0.8669000562500001 0.5470832875 0.8673050359375001 0.546659734375 0.867342721875 0.5460687578125001 0.8663149515624999 0.5433823578125
1 0.8393719703125001 0.5370907453125 0.8383508421875 0.5353220999999999 0.838630159375 0.534212140625 0.83872168125 0.5327769109375 0.8373712359375001 0.531062871875 0.8353019640625 0.5301975375 0.8343395234375001 0.528530540625 0.8330190500000001 0.5273684140625 0.831694453125 0.5272928968749999 0.8314072343750001 0.5264829171875001 0.8309964359374999 0.5257713953125001 0.8300913203125001 0.5254536890625 0.8291439609375001 0.5255940625 0.8288871484375001 0.5265555015625 0.8295882203125 0.52905104375 0.828504184375 0.5305171875 0.8301149296875 0.53346333125 0.8316055406249999 0.53604514375 0.832442996875 0.5364019109375 0.8341186359374999 0.539147953125 0.8348960484375001 0.540650721875 0.8360663140625 0.5431464296875 0.8366576265625 0.5465456140625 0.8387299531249999 0.5483849890625 0.8391418203125 0.5470358640625 0.8383303671875 0.5411616359375 0.8425595546875 0.546580553125 0.8445155796874999 0.5461559874999999 0.8424115859375 0.5415430140625 0.8415554593750001 0.5394351578125 0.8404397546875 0.5381277015625 0.8393719703125001 0.5370907453125
1 0.8984850578125 0.49182136718749997 0.8959926156250001 0.4935043296875 0.89664246875 0.49659865937500003 0.8976510796875001 0.501220621875 0.8999940828125 0.5055600734375 0.9068990453125 0.5072385703125 0.90329285 0.5004299578125 0.900171175 0.4935855578125 0.8984850578125 0.49182136718749997
1 0.8530215562500001 0.538670021875 0.851636234375 0.540364325 0.8513910156250001 0.5409395921875 0.8525986765625 0.5420313218749999 0.8528863296875 0.544060803125 0.8544238890625 0.5467239312500001 0.8593715109375 0.5527309671875 0.8616651031250001 0.550078584375 0.861320025 0.5489496390624999 0.8567767 0.543142871875 0.8559850765625001 0.542271740625 0.8558852171875 0.5405675265625 0.8530215562500001 0.538670021875
1 0.847945415625 0.5265028890625 0.8451554328125 0.521201746875 0.841039928125 0.5182922328124999 0.8394560562500001 0.5122676359375 0.8352608109374999 0.5134700078125001 0.8392400734375001 0.51892479375 0.8359257453125 0.518371709375 0.8383215171874999 0.52392755625 0.8425586062500001 0.5312664093749999 0.8459150328125 0.5309549125 0.8478640265624999 0.5310494171875 0.847945415625 0.5265028890625
1 0.87995283125 0.48934760781250003 0.8757138812499999 0.4945055328125 0.8411460406250001 0.5141244625 0.7781269078124999 0.5315346234375 0.7778301375 0.537465915625 0.7702495171875 0.53371089375 0.7621305281249999 0.53839839375 0.7627658703125 0.5488738375 0.756782996875 0.5434219109375 0.6678648859375 0.6063755109375 0.668500228125 0.6168509546875 0.663255878125 0.6112049749999999 0.541023621875 0.6992808046875 0.53571063125 0.696227628125 0.39509810624999997 0.74532071875 0.31829520312500004 0.7695522546875 0.3169345125 0.781879609375 0.31061491406249997 0.771975409375 0.3001485078125 0.7725970609374999 0.2992512296875 0.7866679296875 0.312162028125 0.8090300875 0.32344323125 0.8160697046875001 0.3303885109375 0.8093492828125 0.3295737125 0.8016880109375 0.40277839843749996 0.7428975671875 0.53334333125 0.70170395625 0.534813353125 0.710298496875 0.5490773156250001 0.7318794046875 0.56035851875 0.7389190218749999 0.5673037984375 0.7321985984375 0.5664890015624999 0.724537328125 0.5487039109375 0.69685765 0.65052788125 0.6207219390625001 0.6731950640625 0.62498265 0.6819493921875 0.6307705921875 0.6900683812499999 0.6260830921875 0.6906067484375 0.617640571875 0.6835644953125 0.6054430328125 0.6827171328125 0.5968325015625 0.702916915625 0.5822659781249999 0.781904125 0.5757722671875001 0.772334996875 0.5623230515625 0.7845134796875 0.5552918015625 0.792908896875 0.5667080921875 0.8490234328125 0.5119481921875 0.8726556078125001 0.5054193828125 0.8763492234375001 0.5049809749999999 0.8808646031249999 0.5159268421875 0.8927811484375001 0.5334419046875001 0.9020738453125 0.530787328125 0.90667170625 0.5200010578125001 0.905856909375 0.5123397875 0.8962877812500001 0.49889057187499997 0.8884103906249999 0.5010668421875 0.8877129078125 0.4902884546875 0.87995283125 0.48934760781250003