1 0.5231085171875 1 0.683218978125 0.9559188328125 0.68074303125 0.9472841750000001 0.669959190625 0.9199934531249999 0.650663225 0.9091604796875 0.61863260625 0.894957734375 0.6264085234375 0.8810343375 0.6171202984375 0.8486424421875001 0.5896133781249999 0.7372956046875 0.561895721875 0.7125115125 0.5215723984375 0.7053847890625 0.4974784 0.749697946875 0.507671715625 0.8519666296875 0.5257464015625 0.9098987375 0.5082053656250001 0.9359668624999999 0.46963697031249996 0.9657412359374999 0.47727636249999994 1 0.5231085171875 1
1 0.35989082968749997 1 0.3598832453125 0.998838884375 0.3701569703125 0.9935696921874999 0.37311131875000003 0.9833521062499999 0.35739895 0.96449599375 0.3362259078125 0.8957586359375 0.3073521953125 0.7848037203125 0.2437611765625 0.737574146875 0.143704765625 0.717192671875 0.10470968124999999 0.6582380140625 0.032630073437500004 0.678906509375 0.036457796875 0.687153553125 0.12306375 0.9942862171875 0.12703979999999998 1 0.35989082968749997 1
1 0.9147720125 0.7983474375 0.8291899968750001 0.7925047484375 0.7996505140625 0.8126687453124999 0.7859372015625 0.8469839140625 0.7597320203125 0.8942515078125 0.760135175 0.93154021875 0.97578163125 0.8673555296875 0.9744064890624999 0.8420392187499999 0.9627726421875 0.8219877953125 0.9301114359374999 0.80564261875 0.9147720125 0.7983474375
1 1 0.633980728125 0.9850748859375 0.6308427765625 0.9861907125 0.6141568171875 0.983820215625 0.5751089828125 0.9657236703125 0.5171573281249999 0.9465565249999999 0.5016151046874999 0.9535128109375 0.5463951765624999 0.9591940749999999 0.5611062859375 0.96342344375 0.5809576625 0.961442590625 0.6048872265624999 0.9651633531250001 0.617863065625 0.958116803125 0.6292282578124999 0.9631975203125 0.6417883234375 0.9752111546875 0.6734245343749999 0.9931636921875 0.710353353125 1 0.739021346875 1 0.633980728125
1 1 0.7523924828124999 0.9709667859375 0.7354332796875 0.9377207359374999 0.74091365 0.9089965046874999 0.797706103125 0.923806384375 0.819763784375 0.9482789265625 0.829602859375 0.9681606578125 0.8515485328124999 0.979911534375 0.879207309375 1 0.873447034375 1 0.7523924828124999
1 0.903739634375 0.6187228250000001 0.9038915828125 0.6307601515625 0.889462621875 0.6254497078125001 0.885908 0.6453647421875 0.881225521875 0.6740443218750001 0.8815762640625 0.7017969265625 0.8818300828125001 0.721161996875 0.8772492062499999 0.7340401609375 0.8946405875 0.7542734249999999 0.9077095890625 0.782560978125 0.9133655234375 0.787263565625 0.9259115953125001 0.7536961203125 0.9434780281249999 0.7434188078124999 0.964901090625 0.7362174765625 0.9868232046875001 0.7330807046875 0.9980512828125001 0.7330103984375 0.983012946875 0.693206646875 0.975174 0.6728414671875 0.96598836875 0.6408073640625 0.9655159890625 0.624137978125 0.966390159375 0.607572940625 0.9660546406250001 0.5971628984375 0.9628805 0.5849596171875 0.957196009375 0.54665554375 0.949255190625 0.5189626203125 0.9388262890625001 0.499882190625 0.927644921875 0.49206586874999997 0.904674625 0.4823639359375 0.8902539812500001 0.48858991406249996 0.8759152390624999 0.5032077312500001 0.8729014968750001 0.5261427765625 0.876718459375 0.55447610625 0.8866634640625 0.581052246875 0.8958139718749999 0.602590175 0.903739634375 0.6187228250000001
1 0.8484488046875001 0.6193728390625 0.81191955 0.6553515484375 0.8547589296875 0.683440465625 0.8822297703125 0.737181065625 0.882670775 0.720069075 0.88936219375 0.6267433859375 0.9084792296875 0.6234042171875 0.8867555062499999 0.5850011921875 0.8644773640625001 0.5212530296875 0.8234222703125 0.4947950296875 0.8102739328125 0.5283028453124999 0.8249107546875001 0.5793475124999999 0.8484488046875001 0.6193728390625
1 1 0.500105540625 0.9955226140625 0.4941568453125 0.9865996718750001 0.4603178828125 0.9583755 0.4583694359375 0.9342688593749999 0.465281903125 0.9330839828125 0.4832009140625 0.9454365765625001 0.509783665625 0.963324159375 0.519729790625 0.9774113046874999 0.5495839921875 0.9822111109374999 0.5883740703125 0.9855608437500001 0.6276057640625 1 0.63664659375 1 0.5863505640625 0.9989524890625001 0.58610331875 0.9937063484375 0.578805090625 1 0.572103784375 1 0.500105540625
1 0.47745739218749994 1 0.47087494531249996 0.970058565625 0.498554046875 0.9434066453125001 0.47391805 0.8780113375 0.44323085781250005 0.8377127453125001 0.4206007578125 0.8255125718749999 0.3933850359375 0.8333165546875 0.3782798859375 0.790898946875 0.383967821875 0.77989751875 0.37863613749999997 0.751043415625 0.373555421875 0.7384833484375 0.323346340625 0.7481824453125 0.30144560625 0.7334240656250001 0.30047362031249997 0.7453964671875 0.3091462796875 0.775641625 0.3207801265625 0.7956930484375 0.3274552375 0.7984513046874999 0.3403270578125 0.8228200593749999 0.34392718125 0.8404769906249999 0.3294611328125 0.8516464390625 0.35832800625 0.9625775015625001 0.373918396875 0.9861667187500001 0.36491367812500003 1 0.47745739218749994 1
1 0.8125771265624999 0.8091686109375 0.8483387562500001 0.79545506875 0.881977928125 0.8065377375 0.9149112781250001 0.815215596875 0.9081496265625001 0.7973035937499999 0.9016597703125001 0.7879354921874999 0.8963034421874999 0.7730537671875 0.8919602718749999 0.757907334375 0.8871520078125 0.7411389234375 0.879557328125 0.7260471765625 0.864751434375 0.7009423140625 0.8501562296875 0.6766288968749999 0.8398668 0.6692021625 0.8231030484374999 0.66192819375 0.8092616093749999 0.6572495109375 0.7902089484375 0.6609832453125 0.7830374984375 0.668228215625 0.7796237578125 0.69424655625 0.7831120375 0.7234743625 0.78375228125 0.737101203125 0.7838133890625001 0.744853659375 0.793421225 0.7688934656249999 0.80077703125 0.7926755453125 0.8014322937499999 0.806298078125 0.8125771265624999 0.8091686109375
1 0.814279625 0.5261733046875 0.8241107375000001 0.4923776203125 0.8235225296875001 0.49032629375000003 0.8114612187500001 0.48715064999999996 0.7901438453125 0.4954574890625 0.778210971875 0.512173334375 0.775871296875 0.5283325546875 0.781151496875 0.5467467984375001 0.7831384984375 0.54398285625 0.7878304890625001 0.5603457703125 0.7900543671875 0.5729764203125 0.8049496234375001 0.590853584375 0.8103237609375 0.5804584140625 0.8080930437499999 0.5678039125 0.817930475 0.55834890625 0.8101890031250001 0.5362262484375 0.814279625 0.5261733046875
1 0.70469946875 0.7683136265625 0.728884225 0.812748384375 0.7542802453124999 0.8824948156250001 0.7616998781250001 0.8942551375000001 0.78250473125 0.8540602359375 0.80426895625 0.8125060546875 0.7831128281249999 0.722286696875 0.7801653953125001 0.6931877562500001 0.788024146875 0.664191115625 0.7723862234375 0.635504378125 0.76420330625 0.5929088250000001 0.75259255625 0.5641514984375 0.7376914921875 0.5427394984375 0.7077737296875 0.5770030890625 0.7100376500000001 0.584898315625 0.710950515625 0.5974918687499999 0.7269997078125 0.6463762015625 0.710139303125 0.665124525 0.7079460421875 0.6903540640625 0.6970865125000001 0.7041807437500001 0.697036121875 0.729854190625 0.70469946875 0.7683136265625
1 0.2294993234375 0.73329996875 0.228149921875 0.7301245890625 0.2045966484375 0.6840373640624999 0.19685190624999999 0.680553265625 0.1870703265625 0.684080878125 0.1827248859375 0.6924515453125 0.1789915046875 0.70136949375 0.1874334390625 0.7261050124999999 0.1888940984375 0.7249633859375 0.2294993234375 0.73329996875