1 1 0.802622421875 0.9880490546875 0.79845314375 0.9533874203125 0.721659153125 0.8665243984375 0.6690688015624999 0.8219323984375 0.664285084375 0.7732377984375 0.6532117125 0.69137768125 0.6650227546874999 0.6130582078125 0.70492851875 0.596501715625 0.75164328125 0.5875032140625 0.7885213125 0.581000928125 0.8109588328124999 0.5913457078125 0.8893685484375 0.6024986609375 0.914781753125 0.610234659375 0.9299645046875 0.612526690625 0.9467538765624999 0.618837078125 0.9626630125 0.6232375984375 0.9783481249999999 0.6291983734375 0.995333259375 1 0.80640039375 1 0.802622421875
1 0.0986225328125 0.4747793359375 0.10581175625000001 0.484703871875 0.0969930078125 0.49655970937499994 0.10614545625 0.5145224015625 0.12246212187500001 0.5406865062499999 0.14083799375 0.5584688640625 0.152776184375 0.59934418125 0.1705362953125 0.592569534375 0.1691375484375 0.5881943515625 0.1586118359375 0.583351784375 0.157588428125 0.566364946875 0.1496688484375 0.5466367875 0.1515037453125 0.5377707546875 0.163001621875 0.5669887296875 0.1720128421875 0.566347871875 0.15257677187500002 0.5157352125 0.145417475 0.50582535625 0.1392568984375 0.497082634375 0.11842100468750001 0.4827983734375 0.11683585781250001 0.48136139375000003 0.115506971875 0.4712641640625 0.114586090625 0.4677827875 0.1048977046875 0.468768678125 0.0986225328125 0.4747793359375
1 0.7447072859375 0.1657546546875 0.737093440625 0.1611642796875 0.7287901812500001 0.178084771875 0.7424704281250001 0.2049337671875 0.751572465625 0.21861241250000002 0.763437865625 0.22947640468750002 0.775066634375 0.2460875625 0.7669984859375 0.2177857078125 0.7658285703125001 0.2113485640625 0.7879340109374999 0.23812465781249997 0.79234626875 0.2302199765625 0.7701948234375 0.1950274296875 0.7599406921875 0.1749025625 0.7447072859375 0.1657546546875
1 0.0417930015625 0.41403911562499995 0.0455811171875 0.41896264531250005 0.04646986875 0.4244955453125 0.0470329390625 0.431900321875 0.0606376796875 0.4283802328125 0.05977433125 0.42540825781249997 0.054931765625 0.41590418749999997 0.05182041875 0.4097978234375 0.0478799015625 0.408363815625 0.0417930015625 0.41403911562499995
1 0.80189754375 0.33213895781249997 0.78931305 0.3137401875 0.78587601875 0.3095057 0.783480140625 0.30731458906250003 0.7762162921875 0.2930584859375 0.7614092 0.2740862484375 0.7567786187500001 0.2712979109375 0.7516611796875 0.26878756875 0.7408928890625 0.2665526828125 0.7312077578125 0.24754454374999998 0.7284861984375001 0.2472253125 0.7233642359375 0.2472612125 0.7167605515625 0.2531998265625 0.716612675 0.25414310625000003 0.7144363625000001 0.26123773125 0.7156819140625 0.2674268359375 0.7184796875 0.27542883906250004 0.722255696875 0.28032860937500004 0.7222886843749999 0.2854595375 0.722352790625 0.29311855000000003 0.7277197234375 0.30492930937499996 0.731897628125 0.3156399734375 0.733993228125 0.3222638875 0.7333748531250001 0.3311385734375 0.7308652765625 0.3375350734375 0.730373896875 0.3403593140625 0.7379005359375 0.366452996875 0.738781703125 0.36941589218750004 0.7409655984375 0.3648912703125 0.746298328125 0.3502026296875 0.7462520421875001 0.3425345375 0.7454724671874999 0.330960271875 0.7445583109375 0.3228664484375 0.752766215625 0.32637598749999996 0.7550396218750001 0.332071303125 0.7555518828125 0.3343542328125 0.755602690625 0.3394760796875 0.75614035625 0.3443199328125 0.7568558265625 0.3482351875 0.7609829218749999 0.353824003125 0.7649443203125 0.360365178125 0.773669009375 0.363611403125 0.7803951921875 0.373023653125 0.7953069609375001 0.4073558359375 0.811201490625 0.43603953906250004 0.8119302578125 0.44249195781250006 0.815168603125 0.442547875 0.8260638890625 0.4387323140625 0.8272916203125 0.44493049687499997 0.8310543312500001 0.447293103125 0.8393892328125 0.44475219531250004 0.8425888765625 0.43971002343750004 0.8447727703125001 0.4351854015625 0.847621328125 0.4294541859375 0.8452000453125 0.42470215156249996 0.8407472671875 0.4209852140625 0.81875373125 0.39795305000000003 0.8053433734375 0.36031191875 0.803675046875 0.3432047546875 0.8046832109375 0.34011720156249997 0.80189754375 0.33213895781249997
1 0.5149956109375 1 0.47919382656250004 0.9365764578125001 0.4436642046875 0.8994013953125 0.4131842640625 0.8762338921874999 0.392782571875 0.8728020140625 0.3521048 0.8824846828125 0.3310222265625 0.9346780421875 0.335746428125 0.9765055578125 0.33880902968750004 1 0.5149956109375 1
1 0.6138330140625 1 0.6119521 0.9983145078125 0.6000712625 0.9924864015624999 0.5590689515625 0.9688442187499999 0.550268140625 0.940646315625 0.548503946875 0.9415452171875 0.53121323125 0.9622369703125001 0.5228245312500001 1 0.6138330140625 1
1 1 0.5073263390625 0.9787985296875 0.49029189687499997 0.9110285734374999 0.5248224140625 0.8770454421875 0.563327203125 0.8501557328124999 0.63526944375 0.861432465625 0.6612780125 0.950518328125 0.7270416890625 0.9916745734375001 0.7960970625 1 0.7915797140625 1 0.5073263390625
1 0.49133625781249995 0.859039559375 0.5139813734375 0.9137035796875 0.53878805625 0.9341950140625 0.5527553875 0.9462326734375001 0.5793765703125 0.9779506234375 0.6257234484375 0.9971038218749999 0.6088549249999999 0.9280936453124999 0.5943801765625001 0.8971302343750001 0.5857079281249999 0.8057471968750001 0.5976352203124999 0.7752780484375 0.5968085140625 0.7582807734375 0.5293921312500001 0.7490549484375 0.5056161312499999 0.771644471875 0.4911171140625 0.8278158703124999 0.49133625781249995 0.859039559375
1 0.48466890312500005 0.8448087421875 0.48090471875 0.8406810921875 0.4728531203125 0.8365531953125 0.4629460890625 0.8409426484375 0.4567090421875 0.84412058125 0.45287246249999996 0.8524502296875 0.447700446875 0.8623881062500001 0.45760499374999997 0.8608132171875 0.46845293125 0.8578298562500001 0.4772211265625 0.8628795640625 0.49124242812499996 0.8773139453125 0.48992316249999995 0.870055040625 0.48770802343749997 0.86103788125 0.48466890312500005 0.8448087421875
1 0.22778620625 0.432191828125 0.220932003125 0.423982096875 0.21675331718750002 0.421023365625 0.21381005000000003 0.41899144843749997 0.2072934171875 0.4151888078125 0.20253193125000002 0.415579753125 0.200704221875 0.42617798906250004 0.1984009015625 0.429895528125 0.19812048124999998 0.43458757343750004 0.1994640109375 0.43797331249999993 0.20204239531249998 0.443782590625 0.2090677796875 0.44783479687499994 0.2120341328125 0.45290767968749995 0.2188142875 0.4647166546875 0.23176815 0.49014004062499994 0.235815075 0.4890956046875 0.2320018359375 0.4808627890625 0.2311376953125 0.4762152125 0.23312652968749997 0.471131546875 0.24004323749999998 0.47422155000000005 0.2424042703125 0.4781064234375 0.246097290625 0.48385655468750005 0.249452740625 0.4851995953125 0.2503269390625 0.480175078125 0.24642810937499998 0.47402102343749997 0.23310879999999998 0.45387172031249995 0.2289810765625 0.4442727796875 0.22985583906249998 0.4377515390625 0.22778620625 0.432191828125
1 0.3136660671875 1 0.3095123140625 0.9918478015625001 0.2886009890625 0.9621288375000001 0.25893925 0.94069930625 0.2488182875 0.9208358000000001 0.18776935156250002 0.953887153125 0.18175889375 0.97041755 0.1968319046875 1 0.3136660671875 1
1 0.5229969484375 1 0.5263221625 0.9793343 0.532638559375 0.9622589453125 0.5388410296874999 0.9505988796875 0.541801246875 0.9360117328124999 0.5299667218749999 0.915075965625 0.5081129640625 0.9277373750000001 0.5028777171875001 0.9049954 0.4957051734375 0.88862769375 0.48006896406250005 0.870407128125 0.4678644171875 0.8612123734375 0.44270418749999996 0.861701528125 0.42620829374999997 0.8724111156250001 0.415111284375 0.885786928125 0.439187790625 0.90356775 0.463103634375 0.9221786515625 0.47338197812500005 0.9423510390625 0.4875329546875 0.9644409546875 0.4931437703125 0.9777435984375 0.5155567265625 0.9978984046875 0.51652920625 1 0.5229969484375 1
1 0.58554495 0 0.56842305 0.00872404375 0.5594450859375 0.0043199359375 0.513112746875 0.027927440625 0.51139863125 0.0377794359375 0.4935785015625 0.046859246874999996 0.4669841015625 0.0783669890625 0.4574347671875 0.0772468796875 0.442607290625 0.08779472656250001 0.43063667343749995 0.0819225796875 0.41638056875 0.089186428125 0.41537362031249997 0.11364245312500001 0.3981927609375 0.1283822796875 0.3970500171875 0.1349502765625 0.3685378078125 0.149477971875 0.3203555578125 0.16504944531250001 0.31564878749999997 0.173433403125 0.3151453140625 0.185661415625 0.3219056890625 0.212145534375 0.3279588953125 0.2240256203125 0.3381475 0.230805746875 0.3394260390625 0.242125778125 0.33408000000000004 0.24484972031250002 0.3298767046875 0.2410056671875 0.3215380109375 0.2422615734375 0.301800071875 0.2343613359375 0.285122684375 0.23687315 0.27443060625000004 0.2423210359375 0.275205671875 0.2658690796875 0.2633029515625 0.2689409484375 0.257889015625 0.262720878125 0.2590317578125 0.2561528796875 0.251767909375 0.24189677656250003 0.24278994687500002 0.2374926671875 0.2285338421875 0.2447565140625 0.21848103437500002 0.2558644171875 0.21797755937500002 0.26809242968749997 0.2126315203125 0.27081637187499996 0.20691780468749998 0.30365635625 0.183751634375 0.315460109375 0.1815340453125 0.3375401171875 0.144111771875 0.35660771874999997 0.1291484984375 0.34926753593750004 0.1042003171875 0.3619792703125 0.0964329953125 0.359951178125 0.088733571875 0.3668671015625 0.076762953125 0.3609949546875 0.0589428234375 0.37007476562499997 0.0376265640625 0.3899145515625 0.008542984375 0.407726246875 0.00027218749999999997 0.41792616718750003 0 0.4245368671875 0 0.430608103125 0.0046112796875 0.4396582484375 0.014799884374999999 0.44643837499999994 0.0183639109375 0.44462241406249997 0.03332718125 0.4519625953125 0.0475832859375 0.444698746875 0.055854082812500004 0.4344988265625 0.061839390625000004 0.43743489843749994 0.05928761406250001 0.444720834375 0.32918743125 0.9357027015625 0.318495353125 0.9411505874999999 0.2915614640625 0.9279382609375 0.27374133437500003 0.9370180703125 0.27202721875 0.946870065625 0.2756591421875 0.9539981187500001 0.2900510421875 0.9646222984374999 0.3139220359375 1 0.3392763265625 1 0.33281935625000003 0.9428307546875001 0.513277959375 0.9137327734375 0.507796125 0.8985686875000001 0.485569003125 0.8769724 0.498682365625 0.87627655 0.4890651328125 0.8662124234374999 0.487215221875 0.858176390625 0.4919898890625 0.858736446875 0.49185409375000005 0.8408484187499999 0.500247140625 0.8441767828125 0.7666518640625 0.66447595 0.7659446125 0.6562992734375 0.7712906515625 0.6535753296875 0.7749770125000001 0.6588602984375 0.7760653203125 0.6541353859375 0.82266925 0.6663039375 0.8297973031250001 0.6626720125000001 0.8332255328124999 0.642968021875 0.8433462390625 0.640804134375 0.854106215625 0.6443002625 0.8510456640624999 0.6338882124999999 0.8621733171875 0.6072683 0.86032340625 0.599232265625 0.999756 0.5072377203125 1 0.5074386265624999 1 0.486163309375 0.9984095640625 0.4869736765625 0.9961240765625 0.50010966875 0.7643280390625 0.5585577749999999 0.7450524093750001 0.49635079531250004 0.7593085140625 0.489086946875 0.762097475 0.463722940625 0.788963465625 0.4679912546875 0.794812978125 0.4530392984375 0.7935344390625 0.441719265625 0.7826386671875001 0.420335109375 0.7541163546874999 0.398620975 0.7632005093750001 0.37337481875 0.7559366609375 0.3591187140625 0.7469586968749999 0.3547146046875 0.73626661875 0.360162490625 0.7313561562500001 0.34171440625 0.7324989000000001 0.335146409375 0.7167605625 0.3042581828125 0.7089253421875 0.293286078125 0.698165365625 0.28978994999999996 0.6842769390625 0.26693775625 0.6752989765625 0.262533646875 0.62566268125 0.165116934375 0.632790734375 0.16148500937500002 0.6350762203125 0.148349015625 0.6552497359375 0.1350772265625 0.664799071875 0.13619733750000002 0.6700772125000001 0.12452938124999999 0.680769290625 0.11908149531250001 0.689747253125 0.12348560312500001 0.7004393328125 0.1180377171875 0.712981321875 0.120625865625 0.7521856078125 0.10065028281249999 0.76758445625 0.0868184375 0.7741411359375 0.0864705125 0.8233982328125 0.055387028125 0.82568371875 0.042251034375 0.8145143734375001 0.0419563609375 0.810516753125 0.0080788109375 0.8061024703124999 0 0.58554495 0