1 0.4379228765625 0.349639634375 0.434535371875 0.3931229875 0.452226890625 0.3913533953125 0.4502747875 0.3888027578125 0.44600795312499997 0.36966967500000003 0.44419259375 0.36427483125000004 0.44457478437500003 0.3557672390625 0.4379228765625 0.349639634375
1 0.7780384734375 0.302324390625 0.7805712609375 0.3069859453125 0.782183809375 0.3184598234375 0.7827620015625001 0.32257388124999997 0.8002256015625001 0.317610775 0.797142778125 0.3046569703125 0.7952289078125 0.2999084328125 0.7964475625 0.28635009375 0.795642740625 0.28062349375 0.7931099546875 0.27596193750000003 0.7895843390625 0.2731053921875 0.7812263921875 0.2759455046875 0.78072369375 0.276859434375 0.781110171875 0.2751185578125 0.7793443875 0.28040531875 0.779919675 0.28449870312500003 0.774094515625 0.29200036875 0.7780384734375 0.302324390625
1 0.4710955015625 0.3289130453125 0.47539697812500004 0.3283085125 0.4762692046875 0.32789078125 0.47058344375 0.321901459375 0.468729528125 0.32184578125 0.46633007031249996 0.32127647656249997 0.4637517625 0.321006375 0.461364871875 0.3204142234375 0.46102331406249997 0.3195557 0.46089547187499996 0.318646059375 0.46192166874999996 0.3144962578125 0.4623032125 0.31227119062500003 0.46332488749999995 0.30966100937499996 0.46358601562499996 0.305007353125 0.4604149875 0.30051982499999996 0.456749121875 0.302278865625 0.45547083906249997 0.3080030828125 0.45470032656250003 0.31397216562499997 0.45203683437500003 0.31803584375 0.4509906453125 0.32372744062500003 0.4503724875 0.3275247484375 0.450031621875 0.330039246875 0.450644334375 0.332714878125 0.4517974484375 0.3344080328125 0.4533275859375 0.33541574218750003 0.45635460937500005 0.33562278125 0.45961082031249995 0.3357765296875 0.46050825156249997 0.335650403125 0.46246734375000004 0.32983050625 0.46048918125 0.3322588828125 0.45889187343750004 0.32908916875 0.4593369921875 0.3256324109375 0.46541172187499996 0.3278777140625 0.4710955015625 0.3289130453125
1 0.419781128125 0.329905621875 0.41969686875 0.3293060859375 0.41899247031250003 0.3275498671875 0.4163934796875 0.32544853906250004 0.416673675 0.324186403125 0.41737899843750004 0.3210093046875 0.41676628437499996 0.318333675 0.414295134375 0.3171419875 0.411667109375 0.3196616953125 0.411987059375 0.32362230937500003 0.41249552031250003 0.3272401984375 0.41112938125 0.32897118281250004 0.40959181874999995 0.3294824203125 0.40993176093750006 0.3319012375 0.4107449328125 0.3311755765625 0.41549512499999997 0.3305079796875 0.419781128125 0.329905621875
1 0.37788594999999997 0.320340503125 0.3773651984375 0.3180946703125 0.3766685703125 0.316506015625 0.375429859375 0.3171228265625 0.3747243984375 0.3196253203125 0.3746714296875 0.320707946875 0.3742199 0.3259154125 0.37702739687500003 0.326132221875 0.3794000140625 0.3231424390625 0.37894588125 0.32036019531250004 0.37788594999999997 0.320340503125
1 0.4939276 0.353279453125 0.4911983234375 0.3477811515625 0.4887978765625 0.3376618421875 0.483222084375 0.33975255312499997 0.4825329734375 0.34181002656250004 0.4825644234375 0.3489945671875 0.48307553593749997 0.3561116953125 0.483074771875 0.3665473890625 0.485504528125 0.37339487031249996 0.4894318859375 0.3734964578125 0.492309853125 0.37309198593750004 0.49611783281250005 0.3758245203125 0.4966561125 0.36921345 0.496685421875 0.365941621875 0.495874790625 0.360173671875 0.4939276 0.353279453125
1 0.40248919218749996 0.313636115625 0.4011861453125 0.31177429375 0.3972770953125 0.311353903125 0.396375490625 0.31470616093750003 0.3963075328125 0.318152075 0.396627275 0.32110078125 0.3971294421875 0.322316209375 0.4022135578125 0.3230141765625 0.40208970624999996 0.32269427031250003 0.40235233125000003 0.320633490625 0.4024390125 0.318892584375 0.402255621875 0.3159036328125 0.40248919218749996 0.313636115625
1 0.0974818140625 0.33771805 0.095631540625 0.33656559375 0.094787678125 0.33381703906250004 0.0936636203125 0.3323306203125 0.09195301875 0.33318240781249997 0.0919958625 0.3346099609375 0.0921520203125 0.3368437890625 0.0912836453125 0.3371766515625 0.0904428484375 0.33995115 0.0921122421875 0.3409392859375 0.0946117078125 0.3434551609375 0.09872082343750001 0.343278221875 0.0993823765625 0.34360688437500003 0.0989291203125 0.3403817953125 0.0974818140625 0.33771805
1 0.0312969703125 0.36437020468750003 0.0395760765625 0.363775865625 0.0372765359375 0.35998805625 0.0342631890625 0.351008984375 0.0313089421875 0.351993390625 0.029538500000000002 0.35814516875 0.0312969703125 0.36437020468750003
1 0.13942841875 0.3339521203125 0.13919268125 0.3350815140625 0.13732993124999998 0.33911698437500004 0.134560275 0.339506234375 0.1263840140625 0.3417305140625 0.12310903124999999 0.344362228125 0.14491040156249999 0.3412982453125 0.1439851171875 0.3376335265625 0.141560040625 0.334748803125 0.13942841875 0.3339521203125
1 0.0893238828125 0.3444513 0.0889045 0.346070309375 0.08807747031249999 0.34523785 0.086163553125 0.344979784375 0.0853442953125 0.34431488906249996 0.085398415625 0.3441386265625 0.0854658421875 0.3428220671875 0.0853388765625 0.34146958125000004 0.084899546875 0.3401399140625 0.08387136875 0.33933572343749996 0.0827612375 0.3397447265625 0.081902525 0.34003406875 0.0812927375 0.342206884375 0.0817515296875 0.34412411249999997 0.0810892359375 0.3449128984375 0.0806033015625 0.347405621875 0.08121115 0.34993436093749997 0.08238635625 0.3508865421875 0.08395304218750001 0.35091934375 0.08738019531249999 0.34993172031249997 0.089821875 0.348892859375 0.09092313125 0.3429194578125 0.09046191718749999 0.3433426703125 0.090028675 0.343403559375 0.0893238828125 0.3444513
1 0.7673744546875 0.3214265875 0.7664542421875 0.318920665625 0.763644046875 0.31969508750000003 0.7631852078125 0.32226833125 0.763914071875 0.32543360468750004 0.7629037421875 0.326777271875 0.7629070609374999 0.3288217578125 0.76396740625 0.3308652640625 0.770592384375 0.3282687078125 0.7707229250000001 0.3281871140625 0.7699217 0.3258542078125 0.7686091296875001 0.3247105125 0.7679145296875001 0.323585375 0.7673744546875 0.3214265875