1 0.33364205625 0.6470329015625 0.33807512968750003 0.652211771875 0.3392660703125 0.6495368734375 0.357920921875 0.6182400765625 0.35140988281249996 0.6131953609374999 0.33976992968749997 0.634767678125 0.33364205625 0.6470329015625
1 0.3453353046875 0.6126637609375 0.3473571703125 0.6095439500000001 0.34671165 0.606268703125 0.344837565625 0.608096203125 0.34175292968750004 0.6117206765625001 0.33840588125000004 0.615934534375 0.3355662171875 0.621352134375 0.333147859375 0.6272832562499999 0.330341796875 0.6340467640624999 0.3291404765625 0.637205959375 0.33077508437500003 0.6382596796875 0.3379844828125 0.6277526046874999 0.34285524375 0.6205774140625 0.3444364796875 0.615604528125 0.3453353046875 0.6126637609375
1 0.33440266875 0.6231971984375 0.337026775 0.6173033578125 0.340212053125 0.6139138265625 0.3406128765625 0.6122452546875 0.3400021109375 0.6111584609375 0.342039971875 0.605275225 0.34098425625 0.603881678125 0.3394145359375 0.603834684375 0.33797631875 0.6057204328125 0.33644078125 0.60878515 0.3333258546875 0.6097885671875 0.332180325 0.611016925 0.3278339703125 0.6217393859375 0.32847371875000003 0.6234909765625 0.326677065625 0.6264122750000001 0.3228232375 0.63656631875 0.3241298265625 0.6370122375 0.3251024859375 0.63690205 0.3249633515625 0.63779078125 0.32511 0.6410340484375 0.32603276718749996 0.6401139437500001 0.32920043906249996 0.6326150828125 0.331362021875 0.6303723437500001 0.33440266875 0.6231971984375
1 0.2271188515625 0.5648652750000001 0.22859858593750002 0.561042334375 0.22826205625 0.55926276875 0.22526247968750002 0.561159571875 0.2243816859375 0.56617269375 0.221770821875 0.5669659390625 0.22001180156250003 0.5701484531250001 0.22098374999999998 0.5725368703125 0.2207030328125 0.5742045906250001 0.2189440125 0.5773871046875 0.21684573437500002 0.5818310046875 0.21597776093749999 0.58378050625 0.2190289671875 0.585301965625 0.2211585328125 0.5805188859375 0.2220652859375 0.5769840796875 0.222019725 0.5773169031250001 0.2236013953125 0.5729961046875001 0.22533734375 0.5690971 0.226180228125 0.5669734562500001 0.2271188515625 0.5648652750000001
1 0.33518379062500003 0.6434548625 0.336538815625 0.641640725 0.3375330921875 0.63917705 0.338788196875 0.637318425 0.33953015625 0.6354214640625 0.34061007656250003 0.6329959234375 0.3423799109375 0.6299811984375 0.3456825453125 0.62425364375 0.3469392328125 0.6212005859375 0.3470059859375 0.6205512515625 0.346920340625 0.6205131203125 0.346423484375 0.619938796875 0.34678811718749997 0.6183899234375 0.3474829328125 0.6180202218749999 0.34850879375 0.6174448 0.34928045625 0.6164030953124999 0.3487585109375 0.6156546281249999 0.3488770234375 0.6141591484375 0.3488786046875 0.612964715625 0.347924975 0.6121870234375 0.347483196875 0.61218046875 0.34634430156249996 0.6135475890625 0.3458145765625 0.614506878125 0.3454978078125 0.6147189515625 0.34457806406249997 0.6148255359375 0.34444066093750003 0.6156335515625 0.34428668125 0.6174391859374999 0.3434401875 0.6186105468750001 0.34262138124999997 0.621179509375 0.3371940765625 0.6292205609375 0.3362645375 0.6315772468749999 0.33604610625000003 0.6330282390625 0.33592499375 0.6333002624999999 0.33640945625 0.6349012296875001 0.3362438015625 0.637923965625 0.3331668171875 0.6441050921875 0.333947575 0.6460009546875 0.3344623046875 0.6448448531250001 0.33518379062500003 0.6434548625
1 0.269221615625 0.6040637624999999 0.2694459578125 0.6025610765625 0.2687139328125 0.6006325890624999 0.26926225000000004 0.598133334375 0.269877471875 0.5960984625 0.2716288609375 0.5957374203125 0.27317665625 0.593221403125 0.272963403125 0.5917411859375 0.271245603125 0.5907590734375 0.2693937203125 0.5919988890625001 0.266852921875 0.5908676515625 0.265044721875 0.5907416453125001 0.2628633890625 0.5936818078125 0.26191106406250003 0.594860375 0.26190140781250004 0.5955351296875 0.26285777499999996 0.5959609328125001 0.2617282609375 0.599803990625 0.260146440625 0.6030110750000001 0.260164759375 0.6046218 0.26150595625 0.6061424546875 0.26264355781250004 0.6055081343750001 0.262882175 0.6040118046875 0.2623024109375 0.603047459375 0.2646842921875 0.5976976656249999 0.2655421734375 0.5957708328125 0.26720272968750003 0.59561380625 0.2673880078125 0.5961580546875 0.267621009375 0.59694085 0.267786971875 0.5988346078125 0.267185453125 0.6017990953125001 0.2677656515625 0.6034155265625001 0.269221615625 0.6040637624999999
1 0.2284876328125 0.577426059375 0.23140154218750003 0.570113 0.23131862343749998 0.5670339171875 0.2312282140625 0.565200959375 0.23211118437499997 0.5634482703125 0.230384584375 0.561756025 0.2286486359375 0.565655028125 0.22810421406249998 0.5686449359375 0.22579528437500002 0.5728320734375 0.22406611718749997 0.57798355625 0.22180881874999997 0.58558895625 0.22366172031249998 0.58676703125 0.2257307265625 0.5821199640625 0.2284876328125 0.577426059375
1 0.156644309375 0.5573907140625 0.16473558593749998 0.5604227765625 0.1662265265625 0.5466634625 0.16168303906249998 0.5488778734374999 0.156957184375 0.5566879859375 0.156644309375 0.5573907140625
1 0.17933654062499998 0.5530979859375 0.1748299421875 0.55000503125 0.17146775 0.5529083625 0.1694290203125 0.5574874234375 0.1677550625 0.558942265625 0.1683978546875 0.5652584625 0.1718132609375 0.5645789609375 0.17521005 0.560061303125 0.17674716875000002 0.5558021531249999 0.17933654062499998 0.5530979859375
1 0.286340103125 0.5852837546874999 0.2855746375 0.5858121374999999 0.28388540624999997 0.5902208609375 0.2783886203125 0.601952196875 0.27578584375 0.6059541828125 0.27376628125 0.6080700171875 0.2777079734375 0.611970784375 0.27941884375 0.6105867 0.28192285781250004 0.607382771875 0.2827201828125 0.60559195 0.28250938125 0.6042214718750001 0.285891896875 0.599697459375 0.2864608359375 0.597804953125 0.2872757453125 0.5947453390625 0.2876758359375 0.5901972484375 0.2858103890625 0.5889321046875 0.2879914359375 0.586453571875 0.286340103125 0.5852837546874999
1 0.2096318734375 0.5589266 0.207270178125 0.5642310578124999 0.20373135625 0.5661865578125 0.2086647359375 0.5690892562500001 0.208645971875 0.5641373828125 0.2119673578125 0.560672640625 0.2096318734375 0.5589266
1 0.31894003125000003 0.6196265765625 0.320369909375 0.6230609046875 0.31841884062500003 0.6271357515625 0.32166945 0.6280940968750001 0.32619560625 0.618619665625 0.3284618515625 0.612838115625 0.325353409375 0.61286658125 0.31894003125000003 0.6196265765625
1 0.290173453125 0.6094807656250001 0.2913716 0.6060213734375 0.2916308265625 0.6024427296875 0.291424046875 0.5972984984374999 0.2926048953125 0.59464626875 0.293542075 0.592157175 0.2948023703125 0.5900563984375 0.2955304890625 0.5888051734374999 0.2915589765625 0.5910026203125 0.2887702015625 0.5942699015625 0.28560814375 0.5994896375 0.284440425 0.6039947390625 0.2811846453125 0.608656665625 0.281189421875 0.6131405546875001 0.2823446203125 0.6139265046875 0.2846000734375 0.6133552890625 0.2856022875 0.6129866390625 0.28570625 0.6146354953125 0.28650661093749996 0.6147202171874999 0.28730105 0.61216756875 0.28733982812500003 0.610582265625 0.28863184531249997 0.608794396875 0.290173453125 0.6094807656250001
1 0.20976839531249997 0.5541253515625 0.21054312656250002 0.5508486578125 0.20048011875 0.5527061625 0.2016422140625 0.547791121875 0.1926091734375 0.5546342296875 0.191191840625 0.5512869734375 0.183576134375 0.5614773375000001 0.181312434375 0.555037034375 0.1784576046875 0.5537659828125 0.1819035625 0.5498677843750001 0.18064913437500002 0.5411606203125 0.1720846453125 0.5373474640625 0.167211271875 0.5406101359375 0.10137720624999999 0.5194475781250001 0.10054092031249999 0.513642803125 0.0954814375 0.521514265625 0.093403846875 0.5104651734375001 0.0891478453125 0.5154842921875 0.08626677187500001 0.5072875421874999 0.077947440625 0.5144484125 0.07648065937500001 0.5034243421875 0.0714014953125 0.5061015328125 0.0701470671875 0.4973943671875 0.047726573437499996 0.490128340625 0.0345338671875 0.500551884375 0.02990565 0.5147885828125001 0.035442321875 0.5254023250000001 0.0470346265625 0.5224148953125 0.05803580312499999 0.5245967140625 0.06534586406250001 0.5197027046875 0.0739103515625 0.5235158609375 0.0741555078125 0.5344898890625001 0.0831381390625 0.5412054328125 0.08724739687500001 0.5511836484375 0.1018150296875 0.5275442390625 0.1099416953125 0.523260734375 0.108148625 0.5335742125 0.1185061828125 0.527073890625 0.1144822171875 0.5396041874999999 0.1011034015625 0.554636521875 0.0954659125 0.5711400828125 0.0995751703125 0.5811182984375 0.127705321875 0.59092643125 0.1350153828125 0.5860324234375 0.141071015625 0.57243125 0.13981658749999998 0.563724084375 0.160860075 0.556795934375 0.158545965625 0.563914284375 0.15938225156250002 0.569719059375 0.16794674062499998 0.573532215625 0.171983828125 0.5644647671875 0.1830571734375 0.5856922531250001 0.19364020625 0.5849716843749999 0.20338695312500002 0.578446340625 0.21480627187499998 0.5835305484375 0.22110706093750002 0.5809034015625001 0.21985263281249998 0.5721962359375 0.22187117656250002 0.5676625125 0.22918123750000002 0.5627685046875001 0.2283449515625 0.5569637281250001 0.2190566734375 0.5555445390625 0.2194440390625 0.5539061921874999 0.20976839531249997 0.5541253515625