1 0.5709671703125 0.1372604890625 0.5654064140624999 0.1428713359375 0.564010796875 0.158611571875 0.5315838453125 0.174093625 0.538024509375 0.18212243125 0.5679558796874999 0.16315979687499998 0.571001390625 0.1781966265625 0.5928446828125 0.17343976875 0.59657215 0.17242226249999998 0.599259590625 0.16079621718749998 0.5923606765625 0.1377479328125 0.590137578125 0.127753909375 0.58118170625 0.11192883281249999 0.566437903125 0.108663825 0.5543387484375 0.1179046953125 0.55722669375 0.13209639374999999 0.5709671703125 0.1372604890625
1 0.2341794609375 0.18085744374999999 0.23316594531249998 0.1840395453125 0.22945745624999997 0.192362778125 0.2265426984375 0.20255358750000002 0.23757254843750003 0.2212932296875 0.24114945781250002 0.23115192968749998 0.2656375421875 0.22692536406250002 0.2727436453125 0.21774760624999998 0.2649913875 0.21326450624999999 0.258581959375 0.204534684375 0.2559347953125 0.1878211453125 0.2552655109375 0.1741639515625 0.24643665 0.16917111875 0.235004103125 0.173339003125 0.2341794609375 0.18085744374999999
1 0.6617970093750001 0.130626140625 0.669831546875 0.1144355546875 0.6695895625 0.11290772499999999 0.6612754234375 0.10742205468749999 0.6644733078125 0.100366175 0.662398015625 0.09729361875 0.6559331609375 0.0936032609375 0.647588290625 0.09780415625 0.647969203125 0.107694459375 0.6407161921875 0.1114534859375 0.6387970671875001 0.11909781718750001 0.638124490625 0.12233665625000001 0.6344052734375001 0.1310412640625 0.6444713203125 0.1302221265625 0.6481455328125 0.12362867656250001 0.6508845390625 0.13104146562500002 0.6571772515625 0.12376435 0.6585782234375 0.1251244359375 0.653381559375 0.13692642500000002 0.657428346875 0.14256592343750002 0.6608126078125001 0.14177679375000002 0.6617970093750001 0.130626140625
1 0.6796737796875 0.1282218734375 0.685505490625 0.123722953125 0.6944565109374999 0.13143325625 0.7051423453125001 0.13886879218749998 0.7118861734374999 0.13264343125 0.7180164828125 0.1225444796875 0.727038153125 0.11198758125 0.7149161015625001 0.09922678124999999 0.710320965625 0.09281986406250001 0.7042844359375 0.08464795 0.69704236875 0.08024224375 0.682452340625 0.08573285 0.6840460171875 0.095794925 0.684753440625 0.10400407812500001 0.6696273234375 0.1210805640625 0.669855271875 0.13374773281250002 0.6796737796875 0.1282218734375
1 0.8010040578125001 0.11564934687499999 0.7983267 0.0891639734375 0.7956575375 0.0723115421875 0.790914196875 0.0664659703125 0.7831738734375 0.0656511671875 0.781154171875 0.0720616671875 0.7723951734375001 0.0841272984375 0.767998475 0.0899018125 0.765575196875 0.10349512812499999 0.7644840562499999 0.1254992265625 0.7681743375 0.12948665625 0.763139409375 0.1409624546875 0.768783559375 0.1526452234375 0.7733598234375 0.14785473437500002 0.7832419015625 0.1285081484375 0.78204305 0.135310690625 0.7826900859375 0.14433621562500001 0.7852028140625 0.1602009609375 0.7898679359375 0.16555268750000002 0.7996255156250001 0.15994155937500001 0.8010040578125001 0.11564934687499999
1 0.14231270468749999 0.24112683750000002 0.14353456250000002 0.23207424375 0.14816835781249998 0.2277966953125 0.1390251375 0.22036994999999998 0.137382575 0.20999922187500003 0.1336968765625 0.20349572343750003 0.12074358593750001 0.20554732343749998 0.116931071875 0.2150102359375 0.12375495 0.2245603234375 0.14231270468749999 0.24112683750000002
1 0.14383012343749998 0.2071429375 0.1433657078125 0.20421073750000002 0.1416112125 0.2021156578125 0.13793471562499998 0.20285615468749998 0.1359393859375 0.20522875468750001 0.1370243984375 0.20758806875000002 0.137549021875 0.20940334843750003 0.135164403125 0.212312196875 0.136482521875 0.21764034687499997 0.1391527265625 0.224019928125 0.1400064296875 0.2264158765625 0.14351721875 0.23361150937500003 0.1457116859375 0.2384844625 0.1527844859375 0.23673145 0.1528542203125 0.2311834875 0.1515582609375 0.2201567125 0.14867808124999998 0.21080463124999999 0.147971034375 0.20933464062499998 0.14383012343749998 0.2071429375
1 0.1556592734375 0.21670707656250002 0.1636140484375 0.24223002968750001 0.15594176875000001 0.249330153125 0.1533119671875 0.25757745781249997 0.1634712015625 0.2598916953125 0.1692076578125 0.2589831296875 0.16555240468750002 0.266744240625 0.1908615 0.2163521140625 0.1877292703125 0.20900160625000003 0.173694759375 0.2007834078125 0.1671112484375 0.1900562265625 0.1529349875 0.187081003125 0.14247156562500002 0.195271809375 0.146007103125 0.20516870156250003 0.158869684375 0.2122752953125 0.1556592734375 0.21670707656250002
1 0.7300658906249999 0.1441283953125 0.7330261218749999 0.12853584375 0.7344480671875 0.1059256578125 0.7301528046875 0.081800565625 0.7254644625 0.08648224843749999 0.7275582484374999 0.0940130484375 0.7211543375 0.0965460265625 0.718637675 0.10056735312500001 0.7262904531250001 0.11175797031250001 0.7242199609375 0.1187460265625 0.7259629000000001 0.123911971875 0.71901179375 0.13167304062500002 0.721530059375 0.1445786109375 0.7300658906249999 0.1441283953125
1 0.6089312609374999 0.1133237703125 0.599817696875 0.1147672171875 0.5951006875 0.1224117375 0.5938694484375 0.1239197859375 0.5919149171875 0.1334364578125 0.5960888453125001 0.1317945484375 0.5989575406250001 0.1280496796875 0.6017486843750001 0.1269589953125 0.6057399546875 0.127307665625 0.6094141515625 0.1349361890625 0.6143562328125001 0.1351500859375 0.614779525 0.1222532109375 0.60959121875 0.11749058125 0.6089312609374999 0.1133237703125
1 0.37937219375 0.15621591875000002 0.38280994375 0.1593574390625 0.3809080890625 0.1612722796875 0.382404515625 0.1654806234375 0.3885573265625 0.1645061140625 0.396525940625 0.1724511140625 0.39968658437500004 0.1723460109375 0.3936678671875 0.159346246875 0.39067914843749996 0.15784214218749998 0.3919222484375 0.1558101625 0.3876997765625 0.151606446875 0.382396246875 0.15165545625000001 0.37937219375 0.15621591875000002