1 0.7030237578125 0.635859375 0.6868682500000001 0.6543593750000001 0.6895680343749999 0.678703125 0.65187905 0.696234375 0.637062634375 0.719609375 0.6330237578125 0.733234375 0.6841684671875 0.7400625 0.7070626343749999 0.739078125 0.7312958968750001 0.731296875 0.7541684671875 0.728375 0.75820734375 0.713765625 0.75820734375 0.703046875 0.748790496875 0.6981875 0.74071274375 0.6894218750000001 0.7434125265625 0.648515625 0.7339740828125 0.635859375 0.7030237578125 0.635859375
1 0.8412958968750001 0.6873125 0.8307559390625 0.681015625 0.8270842328124999 0.670390625 0.8252483796875 0.6564687499999999 0.8156371484375 0.644515625 0.7986609078125 0.644515625 0.7844492437499999 0.6528125 0.7830669546875 0.6717187499999999 0.7844492437499999 0.679359375 0.7560043203125 0.68896875 0.7468466515625 0.6929531250000001 0.7459179265625 0.693953125 0.7495896328125 0.69859375 0.758315334375 0.702234375 0.75555075625 0.727125 0.7986609078125 0.722484375 0.8147084234375 0.7218125 0.849568034375 0.715515625 0.870194384375 0.715171875 0.8724838015625 0.715515625 0.86561555 0.70125 0.860107990625 0.6969375 0.8642332609375 0.6873125 0.8412958968750001 0.6873125
1 0.44989200937499996 0.707109375 0.4198488125 0.69625 0.38187905 0.7013906249999999 0.37555075625 0.71340625 0.371598271875 0.73515625 0.3668466515625 0.750609375 0.3557667390625 0.7540312499999999 0.3486609078125 0.771203125 0.3644708421875 0.771203125 0.4214254859375 0.76490625 0.4577969765625 0.7551875 0.4657235421875 0.7425937499999999 0.45464362812500003 0.739734375 0.45464362812500003 0.719140625 0.44989200937499996 0.707109375
1 0.6520950328125 0.356609375 0.6862634984375 0.361109375 0.7173218140625 0.349875 0.7670194390625 0.331890625 0.8291576671875 0.3049375 0.8291576671875 0.28695312500000003 0.850907128125 0.2981875 0.863326134375 0.27571875 0.8695464359375 0.24874999999999997 0.8446868249999999 0.217296875 0.8322678187499999 0.212796875 0.8105183578125 0.22853125 0.7949892015625 0.24201562499999998 0.77946004375 0.24201562499999998 0.7701295890625001 0.23751562499999998 0.7390712749999999 0.24201562499999998 0.636565875 0.3026875 0.6117062640625 0.32290625 0.6520950328125 0.356609375
1 0.1228293734375 0.77971875 0.127300215625 0.7984843749999999 0.165745140625 0.806890625 0.2041900640625 0.81659375 0.2488984875 0.781015625 0.23639308906249998 0.76871875 0.2301295890625 0.771953125 0.21850971874999997 0.77778125 0.1970410359375 0.77778125 0.1952483796875 0.774546875 0.1961555078125 0.7635468750000001 0.1970410359375 0.7635468750000001 0.20598272187500002 0.7525625 0.17289416875000002 0.722796875 0.1246220296875 0.7344375000000001 0.119265659375 0.7499687500000001 0.1264146875 0.7564375 0.13714902812500002 0.761609375 0.1228293734375 0.77971875
1 0.1962634984375 0.764953125 0.1939740828125 0.771578125 0.1962634984375 0.77903125 0.21000000000000002 0.776546875 0.21572354218749998 0.7740625 0.23632829375000003 0.768265625 0.24548596093750003 0.77240625 0.24319654375000002 0.78565625 0.2523542109375 0.7831718750000001 0.277537796875 0.784 0.3050107984375 0.778203125 0.3176025921875 0.7657812500000001 0.293563715625 0.7575000000000001 0.2752483796875 0.74590625 0.2683801296875 0.73928125 0.277537796875 0.7227187500000001 0.2901295890625 0.7144375000000001 0.29470842343750003 0.7086406249999999 0.2866954640625 0.7053281250000001 0.2660907125 0.702828125 0.23403887656250003 0.70034375 0.214578834375 0.7053281250000001 0.20656587499999998 0.713609375 0.20771058281250002 0.725203125 0.21915766718750002 0.7467343750000001 0.21343412499999997 0.750046875 0.20313175 0.755015625 0.1962634984375 0.764953125
1 0.8474082078125 0.6347968749999999 0.8323326140624999 0.645703125 0.8455291578124999 0.6634375 0.8360907125000001 0.6811875 0.8568466515625 0.686640625 0.881360690625 0.719375 0.919071275 0.701640625 0.9039956796874999 0.682546875 0.8870194390625 0.659359375 0.8888984875 0.63615625 0.8851403890625 0.6266093749999999 0.8474082078125 0.6347968749999999
1 0.9588984875 0.661296875 0.96835853125 0.635859375 0.9507775374999999 0.623140625 0.9048164140624999 0.632921875 0.89805615625 0.6544531250000001 0.8926565875 0.671078125 0.9115766734375 0.69846875 0.9332181421874999 0.707265625 0.9873002156249999 0.691609375 0.992699784375 0.679875 0.9791792656249999 0.6661875 0.9588984875 0.661296875
1 0.10298056093750001 0.80215625 0.127451403125 0.799875 0.12429805625000001 0.7793125 0.1298272140625 0.7701875 0.1345572359375 0.761609375 0.1227213828125 0.7541875 0.12429805625000001 0.748484375 0.1227213828125 0.735359375 0.10615550781250001 0.7359218750000001 0.09194384375 0.7410625 0.084060475 0.750765625 0.0848380125 0.76675 0.095896328125 0.7770312500000001 0.10773218124999999 0.787875 0.10298056093750001 0.80215625
1 0.5027213828125 0.67025 0.501749459375 0.6932968749999999 0.5065874734375 0.69609375 0.46799136093750004 0.713546875 0.471835853125 0.74146875 0.46991360625 0.7554375 0.5175853125 0.761021875 0.524197778125 0.7639631703124999 0.46911447031250003 0.775296875 0.44261339062499994 0.813640625 0.5968250546875 0.8031874999999999 0.592971921875 0.768325 0.5883801296875 0.7604921874999999 0.60116630625 0.758921875 0.5902977468749999 0.7503627234375 0.6013144078125 0.7480959828125 0.61225701875 0.7512421875 0.612331071875 0.745829240625 0.6233477328125 0.7435625 0.6320518359375 0.7275 0.5886177109374999 0.7037656250000001 0.56835853125 0.6891093749999999 0.5548380125000001 0.682125 0.5538660906249999 0.65978125 0.5393952484375 0.652109375 0.5162419 0.654890625 0.5027213828125 0.67025
1 0.6507775375 0.651546875 0.6210367171875 0.652515625 0.6061555078125 0.661328125 0.6007559390625 0.672078125 0.6061555078125 0.711203125 0.63319654375 0.725875 0.653477321875 0.68284375 0.66023758125 0.664265625 0.6507775375 0.651546875
1 0.0175593953125 0.7767968749999999 0.009935204687500001 0.789140625 0.014881209375000001 0.8092656249999999 0.0256371484375 0.8073124999999999 0.048077753125 0.8063437499999999 0.08982721406250001 0.8027656249999999 0.09475162031249999 0.799203125 0.0992440609375 0.795953125 0.10328293749999999 0.793671875 0.1023974078125 0.789140625 0.09295896406250001 0.7771250000000001 0.07725701874999999 0.7638125 0.0750107984375 0.763484375 0.0530237578125 0.7621875 0.0539092875 0.761859375 0.028790496875 0.769 0.0175593953125 0.7767968749999999
1 1 0.63040625 0.9973650109375001 0.615421875 0.9979913609375 0.6054375000000001 0.9829157671875001 0.594984375 0.9659827218749999 0.592265625 0.947149028125 0.6004375 0.944017278125 0.6131562500000001 0.947149028125 0.6245 0.9565658750000001 0.6340312499999999 0.9596976234374999 0.636765625 0.9603239734375 0.6449374999999999 0.9578185749999999 0.65175 0.9565658750000001 0.659921875 0.9722462203125 0.667640625 0.9785313171875 0.6717187499999999 0.9829157671875001 0.67671875 1 0.67490625 1 0.672171875 1 0.6485624999999999 1 0.63040625