1 0.7399281421875 0.6212234921875 0.7382297828125 0.623177003125 0.7400988234375 0.624934509375 0.7390742890625 0.627625609375 0.733258246875 0.6235379375 0.7314470046875 0.623012309375 0.730530996875 0.6250879031250001 0.7334887343750001 0.6299091296875 0.7387468046875 0.631042528125 0.7361875234374999 0.6363188984375 0.7285790953125 0.6392770249999999 0.7285105609375 0.6411054 0.733011515625 0.6435332421875 0.743407 0.641685325 0.7463720796875 0.6342275296875 0.7457865234375001 0.62819038125 0.7437918531250001 0.6255856890625 0.7462729 0.6239923125 0.7439564265625 0.6200933265625 0.7416443046875 0.6192889859374999 0.7399281421875 0.6212234921875
1 0.23589423437499998 0.506296675 0.23640975156250002 0.5033730281250001 0.241475953125 0.500315690625 0.24256728125000002 0.49844553593749996 0.24167233437500002 0.489244090625 0.240610365625 0.48962801406249995 0.23865019375 0.49210653750000005 0.23641300625 0.49207697968749997 0.2336244859375 0.5064517687500001 0.23589423437499998 0.506296675
1 0.7879626734375 0.5979929265624999 0.78572901875 0.599502996875 0.7849371859375001 0.598474878125 0.7822311234375 0.6005045609375 0.7812267703125 0.6029612281250001 0.7814062953125 0.605182396875 0.781704015625 0.6068532296875 0.778816015625 0.6088349656250001 0.7785636828125 0.6102660140625 0.7814709765625001 0.6103343999999999 0.7833951703124999 0.6094996 0.78455901875 0.61057745 0.7870825531250001 0.6129422078125 0.787126265625 0.614853840625 0.7900540765625 0.61492584375 0.7907206484375 0.6134250421874999 0.7896039640625 0.610879965625 0.78866921875 0.6083828375 0.7877044765625 0.6049760546875 0.7887647703125 0.6034018828125001 0.79087751875 0.6024575359375001 0.7896006015625 0.5997414125 0.7879626734375 0.5979929265624999
1 0.415445346875 0.5545839921875 0.4184906828125 0.553629559375 0.42010723906249997 0.5557391968750001 0.4230363890625 0.5567633984375 0.4244011546875 0.549023425 0.42609695 0.5481642171875001 0.42542405156249996 0.5432222906249999 0.42708784218750007 0.5400251328125 0.425845159375 0.5383146078125 0.4223115078125 0.5381992421875 0.42179654375000003 0.5386002875 0.420704696875 0.5410732609375 0.41464338749999996 0.5414958953125 0.412682190625 0.5539381125 0.415445346875 0.5545839921875
1 0.0734118453125 0.4280335375 0.07092269375 0.4277532921875 0.06872074218749999 0.42944348125 0.067663128125 0.43292205 0.064837765625 0.440547275 0.0697823203125 0.44141913437499997 0.07187239375 0.43796395468749993 0.073843334375 0.43050539218750006 0.0734118453125 0.4280335375
1 0.261303446875 0.4698108875 0.2569798921875 0.4651772140625 0.25610399687499996 0.4714643828125 0.25710404375 0.4727513421875 0.26145105 0.47461259218749996 0.261303446875 0.4698108875
1 0.12198883906249999 0.45019616874999996 0.12427265937500001 0.4406032625 0.122425509375 0.4378817875 0.1209633546875 0.43957549374999993 0.11892607031249999 0.44944986093750006 0.12198883906249999 0.45019616874999996
1 0.0969998703125 0.4257511296875 0.09384433125 0.42613081875000003 0.0946110390625 0.4287411125 0.09333335000000001 0.4313082453125 0.0935501578125 0.4347576734375 0.0958717921875 0.43454826406249997 0.1001654546875 0.4325129296875 0.1006429875 0.4298047078125 0.10000937812499999 0.42751933906249995 0.0969998703125 0.4257511296875
1 0.14604145156249998 0.4389203046875 0.1465338203125 0.44092691406249995 0.1502794625 0.429402253125 0.141879421875 0.42857160624999996 0.1404549640625 0.4366501078125 0.14604145156249998 0.4389203046875
1 0.1939609578125 0.44765539531250004 0.1949963125 0.44682252968749997 0.19410970156250001 0.44549210937500006 0.191907784375 0.4452625125 0.19147860625 0.446376790625 0.1881041484375 0.447638109375 0.188448178125 0.448206484375 0.188328240625 0.45140614218749997 0.1874046140625 0.4529250828125 0.18863254062499998 0.454839265625 0.1912017171875 0.4556254671875 0.19286535625 0.4513493921875 0.1930390046875 0.45036458437500004 0.1941584703125 0.44905470156250005 0.1939609578125 0.44765539531250004
1 0.828233 0.5748847296874999 0.8397839749999999 0.5769214781249999 0.8354470359375 0.571523875 0.8278867296874999 0.5668906515625001 0.8256764546875001 0.5694678703125 0.820710125 0.5725586828125 0.828233 0.5748847296874999
1 0.774180809375 0.5566592796875 0.7734305765625 0.5618738484375 0.7760647671875 0.568050103125 0.7785736171875 0.5667789484375 0.7787581171875 0.5657325906249999 0.7805550421875 0.5609405703125 0.7800525578124999 0.5556320421875001 0.777836740625 0.555241334375 0.774180809375 0.5566592796875
1 0.9017194875 0.5902698843749999 0.903529840625 0.5930800671875 0.9013572171875 0.595203809375 0.9072442078125 0.59528988125 0.9083973406249999 0.5887501421875 0.9061128703125 0.5871891078125 0.901884996875 0.5893312390625 0.9017194875 0.5902698843749999