1 0.8347986484375 0.362359109375 0.848483028125 0.378697359375 0.867047559375 0.3745636234375 0.8496156265625 0.36606620625 0.8479869531249999 0.360358309375 0.8463082203125 0.3538391890625 0.8460903312499999 0.3513487015625 0.8347986484375 0.362359109375
1 0.94902715 0.283980184375 0.95029554375 0.2841358546875 0.9518619578124999 0.2838733328125 0.95553063125 0.2830190859375 0.9565784125000001 0.2806531375 0.9530161796875 0.28057267656249996 0.9504902859375 0.2803858609375 0.9475982796875 0.2798389609375 0.9439434437499999 0.278700040625 0.9410514390625 0.278153140625 0.9387916437499999 0.2786174859375 0.9363791078125001 0.27948731250000003 0.9337348437499999 0.2798598171875 0.932417753125 0.2789084890625 0.931220390625 0.2774134078125 0.9296811046875 0.27607371718749996 0.9286606703125001 0.2746886328125 0.9287548546875 0.273613834375 0.9289578734375 0.27187075781250003 0.92576175 0.27215038125 0.9239010750000001 0.2731130890625 0.9224065093749999 0.27443588281250003 0.9221925953125 0.2760544359375 0.9222388968749999 0.2765836640625 0.921580921875 0.27719019375 0.9200212062500001 0.281592884375 0.9254931390625 0.2872468640625 0.9291751046875 0.286783571875 0.931774428125 0.28589740468749997 0.9391836265625001 0.2852491828125 0.9422485796875 0.2877729078125 0.9457850484374999 0.28947114687500003 0.9473964015625 0.2897222890625 0.9511970640625 0.288464378125 0.9505502015625 0.2870466109375 0.94902715 0.283980184375
1 0.49974211874999996 0.5183265890625 0.49764536093749995 0.5199373375 0.5008623437499999 0.527545284375 0.5041408859375001 0.52868575625 0.5184807874999999 0.5431942859375 0.51692358125 0.5438010640625001 0.5256616375000001 0.5416092765625 0.520826490625 0.5336723609375 0.5194986687500001 0.5294909265625 0.5072764953125 0.5171968765625 0.504992953125 0.5128481015624999 0.49922327031249997 0.5123961171875 0.49687784375 0.5147501171875 0.49974211874999996 0.5183265890625
1 0.96563371875 0.2811313609375 0.9622367562499999 0.273617584375 0.9622517359374999 0.2737888046875 0.9617743937500001 0.2738305671875 0.9680125953125 0.268642128125 0.9670393890625 0.26612361562500003 0.957482884375 0.2589605109375 0.9528132218750001 0.259369053125 0.946985309375 0.258012453125 0.94507239375 0.26172455 0.9495547796875 0.26467322968749996 0.9506440640625 0.27425537968749997 0.9546349968750001 0.27445518281250003 0.95894339375 0.281152040625 0.9590400828125001 0.28225719374999997 0.96563371875 0.2811313609375
1 0.8799519234375 0.3090803765625 0.8772838015625 0.308702103125 0.8754729703124999 0.306648990625 0.8722613203125 0.3091415140625 0.8733460296875 0.31604198437500003 0.8764372390625 0.31958291562499996 0.8795228937499999 0.3211480640625 0.886402075 0.3156369078125 0.8799519234375 0.3090803765625
1 0.870905059375 0.3134793515625 0.869518515625 0.31173418124999996 0.8674872875 0.31098649375 0.8650515999999999 0.31159170625 0.8633189343750001 0.31401757343750003 0.8643526593749999 0.3157936125 0.866419296875 0.316946003125 0.8646073187500001 0.31870436875 0.8651221937500001 0.3205258 0.867331709375 0.3213990515625 0.8717004640624999 0.32448315 0.873147146875 0.324764384375 0.8741238953125 0.32373784843750003 0.8762679375 0.32195043125 0.8781616234375 0.3211259984375 0.8764818515625 0.320331878125 0.8743433671874999 0.3181192140625 0.8728040828125 0.31677952343750004 0.8727005859375 0.3155965421875 0.870905059375 0.3134793515625
1 0.76906798125 0.3948521859375 0.768876015625 0.4055659359375 0.770516021875 0.40710071562500005 0.771661253125 0.40728284531250003 0.7937315890625001 0.398042878125 0.7916652265625 0.3956984265625 0.7853656375 0.392297028125 0.78150870625 0.3912385296875 0.780614484375 0.38962281718749997 0.7792990265624999 0.3874949953125 0.774518240625 0.38424304375 0.7704296921875 0.3846007453125 0.767263634375 0.387136334375 0.76906798125 0.3948521859375
1 0.748834675 0.41815744375 0.75288433125 0.4159209828125 0.7461512484374999 0.411867384375 0.7437370234375 0.41295694374999997 0.74002030625 0.41254493437499995 0.7389022015625 0.41076059374999996 0.733265215625 0.4103911078125 0.73290139375 0.40838392968750004 0.72838000625 0.4076188328125 0.72738969375 0.4094464734375 0.7296038921875 0.41491492812499997 0.7232149109375 0.41909705312499995 0.72299625625 0.42113950781250004 0.729544896875 0.4185432515625 0.7303963062500001 0.415127925 0.7344988531250001 0.415647340625 0.735039490625 0.42182686093750005 0.7298657390625001 0.42460083906249996 0.7313659140625 0.42621059062500005 0.7396052734375 0.42548974062499995 0.7390891484375001 0.4195904 0.748834675 0.41815744375
1 0.571898525 0.5119509828125001 0.5768820031249999 0.5136951562500001 0.5818954421875 0.515781771875 0.5927323265625 0.5184568296875 0.5812989703125 0.5089640640625 0.5779429703125001 0.5038307750000001 0.5784264703125 0.49836157343750004 0.57798660625 0.49333390312500003 0.57109375625 0.49175677812499996 0.5670809234374999 0.49537027031249997 0.5649880296875 0.4991765359375 0.565396571875 0.5038461984375 0.5677665640625 0.5087050046875 0.571898525 0.5119509828125001
1 0.6280348906250001 0.45369607343749996 0.6280339078125 0.46037783593750004 0.6340993203124999 0.4620587203125 0.6369282984375 0.4671440109375 0.6415006156249999 0.47207677812500004 0.6470639 0.47471130468749995 0.6547244937500001 0.46737510000000004 0.6526131359375 0.463560225 0.6388509671875 0.4554161859375 0.6386589515625001 0.45322144375000006 0.633211421875 0.4519099875 0.6280348906250001 0.45369607343749996
1 0.4916403359375 0.9845882218750001 0.49462891875 0.9843267546875 0.4821886078125 0.9109756265625 0.4619785390625 0.851840146875 0.41765540312500005 0.8264032421874999 0.388964196875 0.8424335968750001 0.37234457656250003 0.9273615171875 0.41702950312500003 0.9911158234374999 0.4916403359375 0.9845882218750001
1 0.5228050484375 0.523539484375 0.5279761828125 0.5286237625 0.52705450625 0.5288455609375 0.5326282499999999 0.5299263890625 0.534298653125 0.52750596875 0.5336663359375 0.5245812 0.529304990625 0.52014756875 0.5271279953125 0.5167776078124999 0.521430109375 0.5164291359375001 0.518330453125 0.519962734375 0.5228050484375 0.523539484375
1 0.9439957390625 0.270931546875 0.9365805515625001 0.2679257609375 0.9321172875 0.266151759375 0.9289657203124999 0.266223584375 0.92918905625 0.2687763328125 0.9286554421875 0.27247754999999996 0.9317602140625001 0.2752173765625 0.9344353625 0.279500521875 0.9375324546874999 0.278806075 0.9409170546875 0.278290375 0.9446671109375 0.27860535937500003 0.9479507734375 0.280043390625 0.954293396875 0.280351140625 0.9517666874999999 0.277764640625 0.9487368140625 0.27588091875 0.9467367453125 0.27262095625 0.9439957390625 0.270931546875
1 0.6116633609375 0.485525315625 0.6173448546875 0.47875437656250003 0.6144523640624999 0.469596625 0.7663274140625 0.388865134375 0.7702058640625 0.3853888765625 0.774356675 0.385025728125 0.7854146078124999 0.3919006265625 0.7910961015625 0.3851296875 0.790551378125 0.3789034703125 0.8096385703125 0.3819389625 0.8162733296875 0.3860639015625 0.8287257640625001 0.38497445468749997 0.8344072578124999 0.3782035140625 0.8338625343749999 0.3719772984375 0.8501934171875 0.36741159375 0.867477565625 0.37374176875 0.8788078609375001 0.38372977656249996 0.89126029375 0.3826403296875 0.8969417875 0.3758693890625 0.8962608828124999 0.36808661875 0.8915653484374999 0.36222355 0.8675102593749999 0.35021188125 0.8529824203124999 0.351482903125 0.8471647453125 0.3566972890625 0.8433966046875 0.3554584890625 0.8338107906250001 0.35943407656250004 0.82709159375 0.3662958046875 0.8242249749999999 0.3634096640625 0.814639159375 0.3673852515625 0.8088214859375 0.37259963749999997 0.8038113703124999 0.36911679375 0.7837804375 0.3732219765625 0.771328003125 0.3743114234375 0.7655103296875 0.37952580937499997 0.7625576796875 0.37903399531250004 0.6134621515625 0.45931772656250003 0.6100291906249999 0.466846665625 0.604691825 0.4640402984375 0.5871511765624999 0.47348544375 0.5824370046875 0.47814865781250004 0.5783808484375 0.4782080171875 0.569610525 0.4829305890625 0.56379285 0.488144975 0.5725030171875 0.4920883390625 0.564746115625 0.4990408546875 0.591421334375 0.517097165625 0.6017983640625 0.51618929375 0.60747985625 0.509418353125 0.6069351328125 0.5031921359375 0.593302465625 0.49079144531249996 0.5990747468750001 0.485058209375 0.6116633609375 0.485525315625