1 0.2339483296875 0.7408408109375 0.2333183734375 0.7378378296875 0.23488254999999997 0.7355785421875 0.23329973593750003 0.731208140625 0.2310976390625 0.7297970968749999 0.23037534375000002 0.7294383359375 0.2287490203125 0.7330296 0.22851080625 0.73268774375 0.228371934375 0.7366644875 0.224819884375 0.738541665625 0.22466937968749998 0.7428515390625 0.2266332609375 0.743920728125 0.22852871718749998 0.7393382546875 0.23174948906249998 0.7397842625 0.2321103140625 0.7437784546875 0.23554676093750002 0.745211759375 0.23542415 0.7415594203125 0.2339483296875 0.7408408109375
1 0.3974511078125 0.80629518125 0.4046029984375 0.80654493125 0.4070025109375 0.8018549828125 0.40965141093749996 0.7900235546875 0.41233773749999997 0.7775680515625 0.40833450937500004 0.7637115671875 0.40358213125000003 0.75877186875 0.3959304796875 0.760297425 0.3946088953125 0.7721752046875 0.3942962546875 0.78112808125 0.39518112968749997 0.79429198125 0.39753399375 0.8039216281250001 0.3974511078125 0.80629518125
1 0.45870553437500006 0.8188780953125001 0.4705330640625 0.8173107484375001 0.47364265000000005 0.7703489984375 0.46118443750000004 0.768934184375 0.46468321250000005 0.7739551812500001 0.459595471875 0.7933936296875 0.45870553437500006 0.8188780953125001
1 0.12112799999999999 0.9508647124999999 0.12526426875000002 0.951509459375 0.12535224375 0.9489901625 0.1240832921875 0.9418998890625 0.1242759671875 0.9363824203125001 0.1261767453125 0.9253795531250001 0.123474921875 0.9051479359375 0.11130819843749999 0.8971768015625001 0.10052383281249999 0.9033458578125 0.0849633921875 0.9168943921875 0.080721696875 0.9192686374999999 0.06380505625 0.9282253796875001 0.052224943749999996 0.9464365000000001 0.04755528125 0.9830041406250001 0.09841307031249999 0.9852804374999999 0.0981255484375 0.9827688734375 0.0988689453125 0.9722258953124999 0.09638155781249999 0.9570465078125 0.1011209 0.951166659375 0.1109997828125 0.9489892671875 0.11376167343750002 0.945562734375 0.1183774125 0.9432223953125 0.12112799999999999 0.9508647124999999
1 0.5861588515625 0.8005024578125 0.5881111 0.801904778125 0.5905646796874999 0.808202578125 0.5919225328125 0.8073744609375 0.5953700359375 0.794612003125 0.5934795890625 0.791439928125 0.5914008140625 0.7842588375 0.5910572734375 0.784246840625 0.5877159062499999 0.7845679249999999 0.5882630437499999 0.7881517031249999 0.587467975 0.7916677640625001 0.5861588515625 0.8005024578125
1 0.59645485625 0.8020502265625 0.5964876421875001 0.799320540625 0.5965748234375 0.7986148203125001 0.59664535 0.7965952187500001 0.5966280328125 0.7935094 0.5965713874999999 0.7933406546875 0.5958237125 0.7919178609374999 0.59593131875 0.78883640625 0.594891278125 0.78817470625 0.594235428125 0.788151803125 0.5931731953125 0.7885733218750001 0.5928895546875 0.78908456875 0.5953388046875 0.7946109125 0.595245459375 0.79504541875 0.5922294390625 0.8061969546875 0.5929120578125 0.8090350078125 0.5945367625 0.8099672765625 0.596259934375 0.809422915625 0.5960119875000001 0.8071211921874999 0.5965328015625 0.805638465625 0.59645485625 0.8020502265625
1 0.6062621421875 0.9093745421874999 0.6083963859375 0.938696053125 0.6154923125 0.9105515531249999 0.61601216875 0.8956647953125 0.6226274171874999 0.893373434375 0.6159689765625 0.8852611171874999 0.6164292125 0.8720816499999999 0.6109779890625 0.8710366015625001 0.606549271875 0.8832436453125 0.6062621421875 0.9093745421874999
1 0.73504361875 0.8780373609375 0.73597750625 0.8817388734374999 0.73524856875 0.8842566359375 0.7361730046875 0.8882288171875 0.734562296875 0.891820625 0.7331235234375 0.8909365421875 0.7310939578125 0.888614296875 0.7301525671875 0.8913956359374999 0.732083978125 0.89652866875 0.73271805 0.8962798125000001 0.74195036875 0.898290740625 0.742450509375 0.8960568343749999 0.7412818624999999 0.8869896921875 0.739961603125 0.8827118437499999 0.7402525796874999 0.880199634375 0.7405598984374999 0.8776671515625001 0.7379097296875 0.8747603906249999 0.73504361875 0.8780373609375
1 0.6054149640625 0.849016540625 0.606084478125 0.8625273046874999 0.6058714453125 0.8686277515624999 0.606579 0.8747811921875 0.6084216265625 0.8748455390625001 0.6101423703125 0.871236728125 0.611490590625 0.865759609375 0.6118576453125 0.8682322593749999 0.6149995453125 0.8704891187499999 0.61812583125 0.87274543125 0.6174229859375 0.8669048437500001 0.6182713625 0.8555942296874999 0.61894329375 0.8430683812499999 0.6151149234375 0.8340542828125 0.6161322109375 0.8313381312500001 0.613331421875 0.8260288171875001 0.6092409265625001 0.8249687484375 0.6075256515625 0.827973215625 0.6077967328125 0.8331941921875 0.60634768125 0.83529073125 0.606043996875 0.8377191109375 0.6059160328125001 0.8413835453124999 0.6054149640625 0.849016540625
1 0.3133868265625 0.7730911546875 0.316093740625 0.7734775265625 0.3189459375 0.7732852828125 0.3198774640625 0.7721295875 0.3197733109375 0.7701872703125 0.3183548640625 0.7696165859375 0.317698665625 0.7691559046875 0.31706137343749996 0.7681538859375 0.3161763796875 0.7679770593749999 0.31557433281249997 0.7664134296875 0.3160588265625 0.7650753546875 0.3160302234375 0.762760446875 0.3153613859375 0.76042318125 0.31319083281250004 0.7603473828125 0.313439953125 0.7603769296875 0.313046971875 0.7617807359375 0.3128282890625 0.763565859375 0.3132734546875 0.76514485625 0.3132501875 0.7658111171875001 0.3119911171875 0.7664967593750001 0.311741896875 0.76915635 0.311970940625 0.7719994078125 0.3133868265625 0.7730911546875
1 0.3230926015625 0.75796233125 0.324048715625 0.7596842484375 0.31989593906249997 0.7635416687500001 0.319732346875 0.7682263125000001 0.32131769062500004 0.7729720312499999 0.3230084578125 0.7746987562500001 0.3310231828125 0.7753121734375 0.3313428296875 0.7733221171875 0.3305186625 0.7682694421875 0.3298854515625 0.764911965625 0.32838226875 0.7578135140625 0.3289052296875 0.7571647031250001 0.328053815625 0.7524446140625 0.3243061 0.752313740625 0.322197909375 0.754929259375 0.3230926015625 0.75796233125
1 0.6056739062500001 0.9271148203124999 0.6070065437500001 0.920740778125 0.60668559375 0.908889025 0.6019792703125 0.9057645390625 0.60244386875 0.8924601484375 0.5941882359374999 0.89561145 0.5935546265625 0.9030105125000001 0.588041996875 0.9126781812500001 0.5865544921875 0.9234870171875 0.5879707265625 0.9250165421875 0.5894192968749999 0.9260677375 0.5911204734375 0.9409278265625 0.5910648187499999 0.9532667343749999 0.6017577546874999 0.95464075 0.6056739062500001 0.9271148203124999
1 0.4483219078125 0.761188903125 0.4466730109375 0.766321984375 0.44696912656250004 0.7721692140624999 0.4466032578125 0.7965254484375001 0.4462062765625 0.80789351875 0.4481651359375 0.8073156984375001 0.4506694953125 0.805443625 0.4533128765625 0.7857113578125 0.453471378125 0.7811724578125 0.45472237031249996 0.7731070359375 0.4529452796875 0.768479696875 0.45600133749999994 0.764688209375 0.4566213796875 0.7608116546875 0.45444611874999996 0.7604230015625 0.45271750937500005 0.7606753281249999 0.45055388125 0.7599535453125 0.4483219078125 0.761188903125
1 0.959610984375 1 0.9611837703124999 0.9934790281250001 0.9608582468750001 0.9580294078125 0.953777578125 0.9369361109375 0.937327621875 0.915515634375 0.9374730359375001 0.9113515062499999 0.9640920625 0.910196459375 0.9785095328125 0.9002769125000001 0.9850465546875 0.8921667781249999 0.9883910890625 0.7963918249999999 0.9764076546875 0.7813811296875001 0.9563983578125 0.772343978125 0.95712543125 0.7515233359375 0.968128975 0.749822984375 0.9777163859375 0.7439039734375 0.9907177218750001 0.72976576875 0.9948620375000001 0.6110881078125 0.98778136875 0.5899948140625 0.9682810234374999 0.5663832109375 0.9513221156249999 0.5595371828125 0.9419528265625001 0.55921 0.913408715625 0.5707208374999999 0.9090876078125 0.560146925 0.8895872609375 0.5365353234375 0.8726283531249999 0.5296892953125 0.8506939718750001 0.5310079328125 0.8446659015625 0.5245436171875 0.82770699375 0.517697590625 0.807334159375 0.5190707578125 0.792989396875 0.5269082421875 0.7816223156250001 0.5390189140625 0.76655048125 0.5676770375 0.7476664875 0.5711868015625 0.7348105671875 0.5811608781250001 0.7316874703125 0.5810518171875 0.718360609375 0.5597404 0.6970078859375 0.544402525 0.6799035640625 0.5417206265625001 0.6561168046875 0.5513129890624999 0.6580758671875 0.5427824125 0.4726225234375 0.3885599859375 0.4746203140625 0.37612213125 0.471715340625 0.369766878125 0.472224290625 0.35519242812499996 0.4647800875 0.3445094546875 0.4552653828125 0.3483464015625 0.45355842031250004 0.352456 0.45551820000000004 0.38587808749999997 0.4510435234375 0.39071120625 0.1405640125 0.474188775 0.14106204375 0.48121179999999997 0.13481585000000001 0.48099367812500005 0.1328020234375 0.47627571562500004 0.133254303125 0.4809391484375 0.1300584984375 0.4829121515625 0.126935403125 0.48280309062500004 0.12504003749999998 0.47836265312500004 0.1253738546875 0.48274855937499994 0.1190549546875 0.484612503125 0.11727805 0.48044959374999996 0.11749340625 0.48455797343749996 0.11266334687499999 0.48855850937499995 0.10951606093749999 0.48253653124999996 0.10175407343750001 0.48462347031249997 0.1000982546875 0.4902043296875 0.095413609375 0.4900407390625 0.09399208437499999 0.4867104125 0.0938520625 0.4899862078125 0.0875331625 0.49185015 0.0862300984375 0.48879735 0.0827758109375 0.493768621875 0.0784681109375 0.49088429062500005 0.07958000625 0.4957416265625 0.074749946875 0.49974216250000003 0.070706121875 0.49297122812499994 0.024134195312500002 0.5054928624999999 0.0241987484375 0.514653703125 0.014902165625 0.51224445625 0.016372209375 0.507579803125 0.013413325 0.5101078609374999 0.0072398406250000005 0.507807675 0.0008482328125000001 0.51175368125 0 0.5360438890625 0 0.742993059375 0.009663925 0.7517909015625001 0.0252066984375 0.7544182703125 0.0371901328125 0.7694289640624999 0.0342818421875 0.8527115328124999 0.0107132046875 0.8560577046875 0 0.8640313984375 0 0.9809398609375 0.0484398609375 0.9845359453125001 0.054578651562500004 0.9430582515625 0.064456890625 0.928810984375 0.0771673984375 0.9230010359374999 0.0790197765625 0.914727309375 0.08566418125 0.9048785687500001 0.164088353125 0.9110396843749999 0.1696622765625 0.9158080109375 0.168644375 0.9449569109375 0.175579628125 0.970214334375 0.19054074375000002 0.9894982171875 0.31390305 0.9938061234375001 0.322219740625 0.9795043265625001 0.3359828453125 0.9883233578124999 0.353159875 0.9889231921875 0.36594309062499997 0.9810311796875 0.37255281875 0.9708389796875 0.3777464140625 0.956428121875 0.3770573546875 0.9313888218749999 0.383676034375 0.92829080625 0.446415371875 0.9332197000000001 0.4502319953125 0.9401979453125 0.44736171718750006 0.9776205718750001 0.45444238437499995 0.998713865625 0.49127245625000004 1 0.613176915625 1 0.6176431734375 0.9814823265625 0.624252903125 0.9712901281249999 0.6361636296875 0.9883828843750001 0.6545386718749999 0.999447571875 0.682719246875 0.9983470562500001 0.7068695421875 0.9783443703125 0.7111179421875 0.991000346875 0.7173891593749999 1 0.7937504953125 1 0.8002716031249999 0.9899444562499999 0.8036470828125 1 0.959610984375 1