1 0.2868634171875 0.6611402140625 0.28912138593750003 0.6559542703125001 0.28792542656250003 0.654026359375 0.286204965625 0.6547989484375 0.28101441875 0.659656275 0.279625325 0.657133953125 0.281231578125 0.65513343125 0.279277871875 0.653435296875 0.2773091796875 0.6517584609375 0.2751315015625 0.652876759375 0.27338020625000004 0.657060190625 0.2760588625 0.6582927671875 0.2744461078125 0.6611497140625 0.27470645781249997 0.667209603125 0.27868060625 0.6741821609375 0.289232103125 0.6745653218750001 0.2933513640625 0.6715346953125 0.29302903593749996 0.6697336515625001 0.28508296093749996 0.667863203125 0.28181425781249997 0.6629943640625 0.2868634171875 0.6611402140625
1 0.755421771875 0.45362889375000004 0.75431670625 0.453396503125 0.7547110625 0.4626329546875 0.7560520453125 0.464333025 0.761494440625 0.4666555296875 0.762411834375 0.469478978125 0.764681078125 0.46931667499999996 0.7599191125 0.45546986718750004 0.757707809375 0.45581049374999993 0.755421771875 0.45362889375000004
1 0.23662386093749999 0.648433821875 0.23949334218749999 0.647961484375 0.23904430312499997 0.6465794812500001 0.235908603125 0.6450189625 0.23597089218749998 0.64332295625 0.23583954375 0.6410984187500001 0.2345030609375 0.6388054375000001 0.2315408578125 0.63717211875 0.2308998171875 0.638300434375 0.2284777375 0.637115925 0.22709909218750002 0.6390753499999999 0.22621261406249998 0.641942753125 0.2284362296875 0.642583871875 0.2297052859375 0.643995159375 0.22922406562500003 0.647503053125 0.22864595156249998 0.650105971875 0.22789434062499997 0.652781690625 0.2287632953125 0.65417511875 0.23165259218749998 0.65369634375 0.23142983125 0.65179723125 0.23359969687499998 0.649104278125 0.23460221093750003 0.6478749421875001 0.23662386093749999 0.648433821875
1 0.5881798671875 0.5417637359375 0.591328396875 0.5422850515625 0.5939747718749999 0.5412608999999999 0.590301040625 0.529212715625 0.5842399 0.5296377640625 0.58281450625 0.5273408140625 0.5822487390625 0.5270153421875 0.5787655328125 0.5276213734375 0.5777730046875 0.5294882000000001 0.5798655609375001 0.5324226890625 0.57988699375 0.5374101703124999 0.5816858640625 0.53802500625 0.5841145437499999 0.545499715625 0.5868726468750001 0.5440778234375 0.5881798671875 0.5417637359375
1 0.918793953125 0.37340518437500003 0.9172625078125 0.37010766093749997 0.9148467578125 0.3687403734375 0.9124208328125001 0.3693643140625 0.9123375578124999 0.3718721640625 0.9153273499999999 0.3789838375 0.9178779499999999 0.38211451093750004 0.9226530453124999 0.3805629875 0.918793953125 0.37340518437500003
1 0.737551034375 0.43779832656249995 0.7358086578125 0.4316942453125 0.7321720625 0.436884546875 0.7326941640625 0.4416600640625 0.7367398281249999 0.439211940625 0.737551034375 0.43779832656249995
1 0.8652547765625 0.3859381046875 0.863804359375 0.38889016875000004 0.8674010296875 0.3980718703125 0.8703301250000001 0.396906571875 0.8669384203125 0.38741183437500004 0.8652547765625 0.3859381046875
1 0.8910861390625 0.378941459375 0.8934143234375 0.378825721875 0.893148953125 0.375379690625 0.8915264234375 0.3730153609375 0.8919223859375001 0.37032376562499997 0.8887447140625 0.3703869375 0.8860105812500001 0.3725567796875 0.8857012015624999 0.374908090625 0.8865509984375001 0.3775234953125 0.8910861390625 0.378941459375
1 0.8364917734375 0.3814176125 0.8418048859375 0.392308825 0.8420131968750001 0.3902532203125 0.8472293671875001 0.3872276265625 0.8446944625 0.37942599062500004 0.8364917734375 0.3814176125
1 0.7946345390625 0.404891740625 0.79577573125 0.40557240781250004 0.7957748859375 0.406985584375 0.79706575625 0.40812691875 0.7973747734375001 0.40907797500000004 0.7996173375 0.4130809015625 0.8020520937500001 0.4119447921875 0.803001665625 0.40987834218749997 0.8018756328125001 0.40850272812500005 0.8013115578125 0.4053509015625 0.8015731359375 0.40474017812499996 0.7980559765625 0.40396076875000003 0.797475896875 0.40291706562499996 0.7953273624999999 0.403450875 0.7946345390625 0.404891740625
1 0.192509221875 0.61648676875 0.1871610640625 0.6141172171875 0.184613621875 0.611872690625 0.1777717109375 0.6175130140625 0.17422817968749998 0.6234616734375 0.18538328125 0.6198371609375 0.192509221875 0.61648676875
1 0.2334312765625 0.6048990140625 0.23609261875 0.605808634375 0.23784160625 0.5993258781249999 0.236372946875 0.59426646875 0.23255525625 0.5933711296874999 0.23041537812500001 0.5940664171875001 0.2306565875 0.5993932171874999 0.23310294531250003 0.6038885171875 0.2334312765625 0.6048990140625
1 0.11335152500000001 0.6483347171875 0.11475315781249999 0.6452999312500001 0.11445862656250001 0.6443934546875 0.1099737703125 0.6428605765625 0.10792878749999998 0.64472435625 0.10998085312500001 0.6510399671875 0.1157985734375 0.6501354203124999 0.11335152500000001 0.6483347171875