1 0.9449303125 0.342685878125 0.940978803125 0.354142603125 0.9388721125 0.3559396171875 0.9365771421875 0.3640462671875 0.9295304890624999 0.373578628125 0.9353534265624999 0.375606778125 0.9303788046875001 0.3966568765625 0.9203549640625001 0.41037964687499995 0.9164559375 0.42156129218749994 0.9412946078125 0.424567503125 0.944775303125 0.4028567625 0.9491764500000001 0.39844505625000004 0.94909865625 0.38771270156250004 0.9604726640625 0.3807170484375 0.95207723125 0.3592320234375 0.955227696875 0.35654259062500004 0.953430215625 0.3439236953125 0.9449303125 0.342685878125
1 0.9832468234375 0.452198609375 0.9854035375000001 0.43741273906249994 0.9760047078125 0.4213730359375 0.979756453125 0.40942578125000006 0.97676060625 0.40303418750000003 0.9689608953125 0.40512381093750005 0.965587153125 0.41555497968750005 0.9600802453125 0.41619910937500004 0.9546593171875 0.424119653125 0.94787956875 0.44821156249999994 0.9507459921875 0.4505365765625 0.9607996875 0.45626391093749996 0.9600012546875 0.464116509375 0.952967175 0.47082120468750005 0.9505996828125 0.4803166984375 0.9635915296875 0.4819455953125 0.9688017890625 0.48404135000000004 0.9729496578125 0.46895524218749995 0.9832468234375 0.452198609375
1 0.9545921171874999 0.4086945453125 0.9507051109375 0.41743826093749997 0.9554332765625 0.42424481875 0.960436903125 0.41625413125 0.966373540625 0.41388645156250004 0.967037765625 0.40954312656249997 0.970876796875 0.4044149375 0.9734499859374999 0.40100524687499994 0.9708711531249999 0.39675173125 0.9668245656250001 0.3966412015625 0.9635073078125 0.4030351921875 0.96079481875 0.40190121875000007 0.956481640625 0.402859928125 0.9545921171874999 0.4086945453125
1 1 0.4037023125 0.9958679171875 0.40500128125 0.997431390625 0.397051265625 0.9918553546875 0.39435578437499996 0.9873649578125001 0.3989316984375 0.9855611968750001 0.40287225 0.9835064609374999 0.40103777812499997 0.979390446875 0.3908072109375 0.97743469375 0.3903195875 0.9755319515625 0.3929132890625 0.9824072453125 0.403831821875 0.9858853046875 0.4082247828125 0.9852685625 0.4106983984375 0.983654153125 0.42389048906250004 0.995005175 0.4284835078125 0.995159071875 0.4245723234375 1 0.4098930515625 1 0.4037023125
1 0.12428724531249999 0.195624825 0.121363234375 0.1981164546875 0.12080838281249999 0.1987917578125 0.1204303796875 0.20030784375000002 0.119497525 0.2024992328125 0.11631633125 0.20453687031249998 0.113517765625 0.2111110375 0.11163791406250001 0.217100625 0.1093952203125 0.224610078125 0.1084482234375 0.228408275 0.11677052343750001 0.2288729234375 0.12020594062500001 0.22891582656249998 0.1278479421875 0.225973240625 0.127971721875 0.22237661250000001 0.1271468375 0.21489901875 0.1255280390625 0.206019965625 0.12568510156249998 0.20080435156249998 0.12428724531249999 0.195624825
1 0.882713590625 0.39323109375 0.8827387468750001 0.3964241328125 0.8808955812500001 0.40491464375 0.8796063921874999 0.4100853 0.879132378125 0.41747635625 0.87806293125 0.4206676921875 0.882404778125 0.42088574218749997 0.88365148125 0.41917942343750003 0.88564623125 0.41447285 0.8867453281250001 0.40896663593750004 0.8870287343750001 0.40673197656250004 0.88849415 0.41403025624999995 0.8931490515625 0.40969876875000005 0.8934178125000001 0.40196837187499995 0.8934148640625 0.391000415625 0.895042265625 0.38447326249999997 0.8929932234375 0.38280971875 0.8888414703124999 0.38292722968750004 0.882713590625 0.39323109375
1 0.9152620375 0.3831410859375 0.9134216625 0.3733422921875 0.913169825 0.373771078125 0.9128817687499999 0.3736992578125 0.9064828625000001 0.370493496875 0.9043411156250001 0.372366525 0.9033439624999999 0.3775930421875 0.9060374093749999 0.38519750468749997 0.9091558734375 0.38741585 0.9145135578125 0.3892432453125 0.9152620375 0.3831410859375
1 0.1812733265625 0.209138065625 0.17968965625 0.210387446875 0.17842689375 0.21319156874999998 0.17745088125 0.21652485625 0.17657550625 0.2200357953125 0.17495155625 0.223190584375 0.17161053125 0.22354413437499998 0.1685560296875 0.22785087499999998 0.17670290625 0.22972956249999998 0.177269346875 0.229718234375 0.17834576875000002 0.22998661562499997 0.18475856562499998 0.21731286249999998 0.18521614687500002 0.2154776 0.18501089531249998 0.21513825937500003 0.18473259375 0.21283135468749997 0.18511457656250002 0.2112993078125 0.1838051921875 0.2097693296875 0.1812733265625 0.209138065625
1 0.0855147265625 0.19638254375 0.09708816406250001 0.199437634375 0.09899522031249999 0.187267759375 0.09711303125000001 0.18325574218750001 0.097330653125 0.1804453015625 0.096974078125 0.17800022499999998 0.0941484640625 0.1771262109375 0.0913399875 0.17812106875 0.0907471203125 0.18049893125 0.092420771875 0.182763865625 0.0927088890625 0.1841917703125 0.0894727203125 0.1901313546875 0.0855807390625 0.193534303125 0.0855147265625 0.19638254375
1 0.147429840625 0.19497053749999999 0.1499010625 0.1955866828125 0.15054345156249999 0.19456028593750002 0.155402384375 0.1886354328125 0.1532025359375 0.179374196875 0.1495380515625 0.180443790625 0.147429840625 0.19497053749999999
1 0.138165721875 0.20396697187499999 0.133260621875 0.198709684375 0.12929820625 0.19923037187499998 0.12992059375 0.2044199609375 0.12641300312499998 0.20505405 0.12836205625 0.21260852031250002 0.126982884375 0.21426485781250001 0.139865321875 0.21445955312499998 0.138165721875 0.20396697187499999
1 0.9798573171875 0.38473654375 0.9791236156249999 0.386452109375 0.9757907171875001 0.4034365015625 0.9807072625 0.4103917328125 0.9841307531249999 0.397888009375 0.9862594234375001 0.3917401 0.9874070234375001 0.38597476249999996 0.9798573171875 0.38473654375
1 0.191805359375 0.18530366874999998 0.190121053125 0.18637540156250001 0.1894472390625 0.18817370312499998 0.187644175 0.190690553125 0.1872847609375 0.19258419375 0.1877137109375 0.19467439687500002 0.186503490625 0.19855952187499998 0.18857114531250002 0.19685448125 0.1886851453125 0.199239078125 0.1886666171875 0.20021760937500002 0.1892149375 0.2018290484375 0.190079046875 0.2006884234375 0.19031121875 0.1969154109375 0.19225156875 0.1919749125 0.1909936484375 0.188559265625 0.191805359375 0.18530366874999998
1 1 0.3873516515625 0.9999192125 0.387331509375 0.9926611703124999 0.39060714218750003 0.9897045 0.3830896078125 0.9605009484375 0.3775034328125 0.93745468125 0.3712950578125 0.9340071765625 0.36750761718749997 0.9312973953125001 0.37191725781249996 0.9297725921875 0.3692255984375 0.9260288437499999 0.3672134828125 0.918050509375 0.36691935 0.9144084140625001 0.36508667968749997 0.9100721765625 0.3666252171875 0.9067263249999999 0.3630172203125 0.9024917406249999 0.3647352015625 0.8990442359375 0.3609477609375 0.899535071875 0.3572176671875 0.8913621468749999 0.358878303125 0.8858902875 0.35381564062500004 0.883680059375 0.35680884375 0.8759979703124999 0.3547393859375 0.870256015625 0.3583930203125 0.8683628499999999 0.3528841671875 0.5018770578125 0.263833690625 0.2066832796875 0.1844703140625 0.2096399484375 0.1919878484375 0.19647223281249998 0.1896249578125 0.19910284375 0.1825803 0.191522409375 0.180690284375 0.1888371109375 0.18776974062500001 0.18578045468749999 0.18434391875 0.181201990625 0.1859145203125 0.17668393124999998 0.1820759015625 0.17094197656250001 0.1857295359375 0.16593175 0.182204084375 0.165748928125 0.174264234375 0.1582966296875 0.1803488671875 0.15665240625000001 0.171996215625 0.1506615078125 0.17849365 0.1474803796875 0.1764897265625 0.1452440015625 0.17254195781249998 0.137025571875 0.1710579015625 0.13539126562499998 0.1747832125 0.12880713906250002 0.169573846875 0.127756146875 0.17292799375 0.12012102656250001 0.171072775 0.12058870937499999 0.1680897921875 0.1133306671875 0.1713654234375 0.1124859046875 0.16921755624999998 0.11029849375 0.17060941875 0.107341825 0.1630918828125 0.1048507859375 0.1673623375 0.0972156640625 0.16550712031249998 0.0982453015625 0.160823865625 0.085643203125 0.1661572515625 0.08340682499999999 0.1622094828125 0.0743103015625 0.159941465625 0.06856834687499999 0.1635951 0.06801944062500001 0.1787140359375 0.0637935734375 0.18274567343749998 0.0614061859375 0.192320959375 0.064760753125 0.1982426125 0.0784055375 0.20164463906250002 0.0856635796875 0.1983690078125 0.096523078125 0.2129422015625 0.1056196 0.21521021875000002 0.1094475703125 0.2127744640625 0.1229964734375 0.1907262609375 0.126351040625 0.19664791406249998 0.1354475640625 0.19891593125 0.141587415625 0.193666415625 0.141265021875 0.18850076875 0.144297196875 0.189256775 0.1491678515625 0.19555643125 0.1479741578125 0.200344075 0.151328725 0.206265725 0.17407003125 0.2119357703125 0.1871455328125 0.198244978125 0.2019085046875 0.2036208875 0.2080483578125 0.198371371875 0.211742475 0.19333539375 0.4942419390625 0.2619784703125 0.867868628125 0.3679683078125 0.874502259375 0.3865731390625 0.88511486875 0.38921915937499996 0.889738634375 0.383591640625 0.8942868953125 0.38472565 0.8938134921875 0.393083059375 0.9116463921875001 0.39583421093750004 0.9139960265625 0.3896396890625 0.9199848718749999 0.397913228125 0.9473499421874999 0.397955753125 0.9449625546875 0.407531040625 0.954059078125 0.40979905937499994 0.95716675625 0.4037935359375 0.9621129156249999 0.403331665625 0.9667366812499999 0.3977041453125 0.9712849421874999 0.3988381546875 0.9712094375 0.40559968281250003 0.9731234234375 0.40438180468749996 0.9799080625000001 0.40946358125 0.9771227781249999 0.4206347484375 0.998347996875 0.425926790625 1 0.42391616093750006 1 0.3873516515625