1 0.22977765625000002 0.164780603125 0.21025714843749999 0.1977082640625 0.2072020390625 0.2169494421875 0.211561471875 0.219365915625 0.2176855359375 0.22085494843750003 0.23366414062500002 0.2011818609375 0.24455528593750003 0.1815337125 0.2513240765625 0.16816224375 0.25495861249999996 0.1444916921875 0.23776126875 0.154954325 0.22977765625000002 0.164780603125
1 0.6369765609375 0.405041540625 0.6436334578125 0.39061499375 0.6359469078125 0.38034226718749997 0.6229803140625 0.38923150624999997 0.6197340734375001 0.3854191375 0.62212206875 0.3666401921875 0.6098363953125 0.35983013124999996 0.5977084625 0.35512045468750003 0.589874796875 0.40306113593750004 0.58068354375 0.4341457125 0.5854540734375 0.43279100625 0.5922722078125 0.43254446562500004 0.5973969328125001 0.435385146875 0.6025216578125 0.43822582812500005 0.6195708703125 0.4195219375 0.6250349125 0.414498915625 0.6369765609375 0.405041540625
1 0.5754038609375 0.1949259640625 0.58641963125 0.1888470625 0.5947274015625 0.1738594484375 0.592554053125 0.1631804703125 0.5806138062499999 0.15387795312500002 0.567421375 0.1614342390625 0.558755728125 0.14377477031250002 0.5508992609375001 0.15227588281249999 0.5470473375 0.1251265015625 0.5377077203125 0.1314366859375 0.5379419984375 0.138330053125 0.5315127109375 0.15234597968750002 0.49779465156249997 0.1742099328125 0.490518590625 0.181663965625 0.4924747765625 0.1895118 0.521315078125 0.1683258125 0.51782806875 0.1981438203125 0.5084244140624999 0.1956420578125 0.49872948125 0.2017552890625 0.517766590625 0.2217820046875 0.5537893875 0.2160645578125 0.5754038609375 0.1949259640625
1 0.312423584375 0.48223251874999995 0.3143542125 0.48045771875 0.32681064375 0.463529134375 0.334409559375 0.44640404062499994 0.336884353125 0.4363959796875 0.3410499921875 0.43017013437499996 0.3348272359375 0.42602298281250006 0.327104721875 0.43312218593749996 0.318604278125 0.443332959375 0.31223291875000003 0.46078958906249995 0.306904321875 0.469564671875 0.312423584375 0.48223251874999995
1 0.21573378906250001 0.1496688328125 0.2119900234375 0.150009165625 0.2099293125 0.1508261640625 0.20835828906249998 0.1518877609375 0.20106734999999998 0.1551466171875 0.195878259375 0.158094384375 0.1952225734375 0.158697146875 0.189828634375 0.162014471875 0.185377503125 0.16537129687500002 0.18303050781250002 0.168445140625 0.181380334375 0.17142213281250002 0.1798947109375 0.1764227671875 0.19786648281250002 0.2058163328125 0.20232815468749998 0.19953986875000002 0.203978328125 0.196562875 0.20779728125000002 0.1884808234375 0.20882152656250003 0.186633034375 0.211383075 0.1773708828125 0.2154068765625 0.1689192734375 0.2181298515625 0.158753546875 0.2196969109375 0.151865625 0.21573378906250001 0.1496688328125
1 0.366664265625 0.6166229671875 0.3921369171875 0.581304703125 0.3916900015625 0.57147534375 0.3659156265625 0.6029225375 0.366664265625 0.6166229671875
1 0.397214803125 0.6740847453125001 0.395924840625 0.6784423359375 0.3983027125 0.6797604109375001 0.398610871875 0.6822662453125 0.3998409921875 0.6835922546875 0.403218578125 0.6769832640625 0.40351843593750003 0.67441186875 0.4213724 0.642975965625 0.42124478906249996 0.642690515625 0.4207000640625 0.641127121875 0.4182958390625 0.643176190625 0.417214690625 0.6451266328124999 0.41652775468750003 0.6479128968750001 0.41539175781250004 0.649188790625 0.41173427812499996 0.6486644187499999 0.408781875 0.6529593609375001 0.4077650453125 0.65682420625 0.401271253125 0.668281484375 0.397214803125 0.6740847453125001
1 0.40579850781250004 0.6289485171875 0.40320188593750006 0.6350510296875 0.397615503125 0.6422607359375 0.396386828125 0.6459276375 0.3913452625 0.6550228609375 0.384882440625 0.66333026875 0.3890608109375 0.6696185921875 0.3987780390625 0.6539897703124999 0.403741246875 0.641684075 0.408485471875 0.6359936609375 0.4095891015625 0.6330357859375 0.41086730937500004 0.627410234375 0.4170289203125 0.624867346875 0.4201795953125 0.6210848984374999 0.418693646875 0.6170941875 0.411976396875 0.6197048296875 0.40579850781250004 0.6289485171875
1 0.3912693328125 0.636595853125 0.3957160796875 0.6259631484375 0.3936946421875 0.6208435921875 0.40068101250000004 0.619616734375 0.40376513125 0.6140528375 0.40595322031250003 0.6127159828125001 0.40679500312499994 0.6099081984375 0.404306965625 0.605630409375 0.398731403125 0.6108868484375 0.394788571875 0.6079766390625 0.3909773609375 0.61133926875 0.3921312234375 0.6167025796875001 0.3837638921875 0.6226123375 0.37777951875000004 0.631668059375 0.37302549687500003 0.6428551015624999 0.376710634375 0.64452205625 0.38032394375 0.6497993421875 0.3811769703125 0.6386239265625 0.389237028125 0.6332685046875 0.3895478453125 0.6370909390625 0.3912693328125 0.636595853125
1 0.3785810046875 0.6312534734375 0.3823593328125 0.6244371890625 0.389204846875 0.6165029453125 0.38883917968750004 0.612005965625 0.3922155984375 0.6092343453125 0.39595488749999996 0.6091599234375 0.39401819531250004 0.605724540625 0.3997583546875 0.60265280625 0.3988315453125 0.5949461359375 0.40393915312499995 0.58586068125 0.402557915625 0.5817132968750001 0.39839288281249996 0.5821690312500001 0.39565755 0.5889729921875 0.3862175140625 0.5945296921875001 0.382884984375 0.5994459437499999 0.3833306421875 0.6049266390625 0.37660173124999996 0.6144553562499999 0.37512366406250003 0.6219562328125 0.3701617625 0.6309077375000001 0.37497427031249997 0.6329580499999999 0.3727550703125 0.6369615921875 0.374759859375 0.6396295421875 0.37614016562499997 0.6326917812499999 0.3785810046875 0.6312534734375
1 0.32100290781249996 0.42195649687500003 0.320451584375 0.41726266875 0.32316865625 0.4142463453125 0.3237660875 0.4090754484375 0.326867134375 0.40692952968749996 0.3286920734375 0.40192910781249996 0.3287644609375 0.40025151875000003 0.325744290625 0.39857740937499997 0.3229028484375 0.40070619531249996 0.3109042015625 0.42567192968749995 0.30221000781249996 0.4352653609375 0.30196961718750004 0.43872857656250003 0.2997459421875 0.44299802968749996 0.30120493125 0.44826208437500004 0.3063063359375 0.4413471734375 0.3090183484375 0.440515446875 0.3149293078125 0.429593959375 0.316926634375 0.430083790625 0.32100290781249996 0.42195649687500003
1 0.2403244328125 0.2614241203125 0.243454071875 0.25577810156249997 0.2491447921875 0.254987140625 0.251022575 0.2515995296875 0.25269550937499996 0.2485814765625 0.25773269062500004 0.24007428593750002 0.26353287812500004 0.2319631984375 0.26959528125 0.2328544296875 0.27215379687499996 0.22885110000000003 0.272648615625 0.22322073750000002 0.273227996875 0.21863030156250002 0.2757262984375 0.2111581640625 0.2778994625 0.20546506875 0.27835314375000003 0.199328796875 0.2756474296875 0.1983121015625 0.26921049375 0.20164175 0.26591401875 0.205236021875 0.26186363125 0.20838555312499998 0.2581818046875 0.21029006093749997 0.25380315468750003 0.2122914203125 0.2510452015625 0.21961962812500002 0.2434875171875 0.22970884374999997 0.239365675 0.237757196875 0.23122861249999999 0.252436846875 0.2275521953125 0.2572966765625 0.231105478125 0.2597494 0.23389034375 0.2588507015625 0.2318625140625 0.26312135468750003 0.23311152499999999 0.266766015625 0.2361180296875 0.2684325484375 0.2403244328125 0.2614241203125
1 0.3145113625 0.378233425 0.3135200921875 0.3759930796875 0.31093723125 0.3745613765625 0.309168309375 0.376398971875 0.3076863703125 0.378395646875 0.305247490625 0.3787346296875 0.3025352921875 0.3789221109375 0.3001557875 0.37983079062499997 0.29314143125 0.39451546249999997 0.2887436109375 0.4010957140625 0.293718009375 0.4117169828125 0.295534925 0.410469615625 0.2936230015625 0.41391882031250005 0.29361031406250004 0.4172935390625 0.29518823906249997 0.416477321875 0.3106038828125 0.387313140625 0.3111654921875 0.3842695328125 0.3145113625 0.378233425
1 0.3050262984375 0 0.2940502171875 0.2140686671875 0.285149178125 0.21858326875 0.2690471859375 0.2003735828125 0.261299084375 0.20128227812500002 0.2671707734375 0.18843343125 0.26762319687499997 0.17794849375 0.25942363749999997 0.173403403125 0.2480384671875 0.1778282203125 0.2122738375 0.1392160546875 0.21363576874999998 0.12386740624999999 0.1835707171875 0.10720207500000001 0.1878897140625 0.080072909375 0.1703525453125 0.073035825 0.16170056093750002 0.0789756734375 0.13438734375 0.128250021875 0.1364395640625 0.1374393765625 0.13052076875000002 0.14489425312499998 0.12847787187499998 0.16791722343749999 0.10890246562499999 0.200009275 0.0961600265625 0.2358889015625 0.0968456546875 0.244320740625 0.117577759375 0.2746002421875 0.11803484375 0.28022146718749996 0.1235012171875 0.283251528125 0.1255534375 0.29244088125 0.138766946875 0.31050096875 0.1512994921875 0.3362353796875 0.155399271875 0.338507925 0.1558563578125 0.34412915 0.15995613749999998 0.3464016953125 0.17248868125 0.37213610625000004 0.1765884609375 0.37440865 0.1770455453125 0.3800298765625 0.18251191875 0.3830599375 0.198234734375 0.4159306046875 0.2037011078125 0.4189606640625 0.2057533296875 0.4281500171875 0.23104229687500002 0.46632328906250003 0.236056246875 0.47983828749999996 0.2415226203125 0.482868346875 0.2435748421875 0.4920577 0.262711809375 0.5187690734375 0.2738777609375 0.5437459687499999 0.28503905 0.552616703125 0.2900483375 0.5500255375 0.2982432359375 0.5384644640625 0.302772128125 0.44972125937499996 0.3050482296875 0.4456150640625 0.311516771875 0.449200634375 0.3606401171875 0.5354766046874999 0.3515357125 0.5519013875 0.34766913593750004 0.56854561875 0.3463072046875 0.583894265625 0.3469928328125 0.5923261046875 0.3510926125 0.59459865 0.3513258171875 0.6135154265625 0.3556541390625 0.618598584375 0.3633966140625 0.6175224484374999 0.36567271562500003 0.6134162515625 0.3649870875 0.6049844125 0.37660079999999996 0.603370209375 0.40211365 0.62824793125 0.40205223593749995 0.6346255015625 0.39801853125000003 0.64208155 0.3989327015625 0.6533240015625 0.38869024531249996 0.6718018812500001 0.3918805171875 0.6789381375 0.40577032968750004 0.6732177390625 0.411460584375 0.66295225 0.41828422656250003 0.6345275 0.41782714218750006 0.6289062734375 0.41372736093749996 0.6266337281250001 0.4178621234375 0.6186372671875 0.5048165 0.5307019828125 0.5077517984375 0.5311361890625 0.511856240625 0.549514896875 0.52256044375 0.5527644046875 0.5389828734375001 0.6423853984375001 0.5471824328125 0.6469304874999999 0.552191721875 0.644339321875 0.5603866187500001 0.6327782484375 0.5601440906249999 0.58164915 0.5610535984375 0.5767854390625 0.5660628875 0.5741942734375 0.7088975265624999 0.7419384875 0.7170970859375 0.746483578125 0.7248395609375 0.7454074421875 0.7360055125 0.7703843375 0.75900905625 0.7804514796875 0.76401834375 0.7778603140625 0.772213240625 0.7662992421875 0.7726656640625 0.7558143046875 0.7671992921874999 0.7527842453125 0.7662851203125001 0.74154179375 0.7544382046875 0.724239221875 0.7523859828125 0.71504986875 0.7482862031249999 0.7127773234375 0.7462339828125 0.70358796875 0.742134203125 0.7013154234375001 0.7414485749999999 0.692883584375 0.7373487953125 0.6906110390625 0.7366631671875 0.6821792015625 0.7323348453125 0.67709604375 0.7286828265625 0.6482323984375 0.71387418125 0.6266041828125 0.6851617359375 0.56237788125 0.6860712437500001 0.5575141703125001 0.681742921875 0.5524310109375 0.6776384796875 0.534052303125 0.6664725296875 0.5090754078125 0.6673820375 0.504211696875 0.663053715625 0.49912853906250004 0.66373468125 0.49145421562499997 0.6539353234374999 0.467234834375 0.6546162890625 0.45956051093749994 0.6502879671875 0.454477353125 0.6384317265624999 0.40496245468750003 0.63592708125 0.4062580390625 0.63250826875 0.39631116875 0.6265848093749999 0.387659884375 0.6311370125 0.3794474921875 0.6249850109375 0.36798559375 0.625665978125 0.36031126874999997 0.5987921390625 0.2753642921875 0.6063152656249999 0.26759896875 0.8369306562500001 0.6033783749999999 0.8569000687500001 0.6683097109375 0.8559905593750001 0.673173421875 0.8603188812499999 0.6782565796875 0.8691994078124999 0.6751273453125 0.8737516109374999 0.6669149546875001 0.8753420843749999 0.6543769203124999 0.8698757109375 0.6513468609374999 0.8648664234375 0.653938025 0.8651692750000001 0.6444942171875 0.5923826812499999 0.23987270781249997 0.58748951875 0.24018840468749997 0.5827830828125 0.2333357671875 0.5923033921874999 0.22819839531250002 0.592144815625 0.20484976875 0.6046633734375 0.1822656921875 0.6051157968750001 0.17178075625 0.5944115937500001 0.1685312484375 0.583259628125 0.191872840625 0.5732410515625 0.197055171875 0.5686637734375 0.2127778421875 0.5629962640625 0.207479971875 0.5639573375 0.2059252015625 0.5545444640625 0.19221991875 0.5491853359375 0.1906990875 0.5498380265625 0.185367278125 0.5548469640625 0.17988094375000002 0.5661702187500001 0.1582446578125 0.5634370328125 0.156729628125 0.5641179984375 0.1490553046875 0.554318640625 0.12483592343750001 0.55499960625 0.1171616 0.5442860781250001 0.08169976718750001 0.5415528921874999 0.0801847375 0.5351676859375 0.0498060625 0.5324345 0.0482910328125 0.527872971875 0.0242911 0.52104000625 0.020503525 0.5203543796875 0.012071684374999999 0.51215481875 0.0075265953125 0.5046408859375 0.01141334375 0.4912128203125 0.03886113125 0.46537114218750003 0.05808597812500001 0.4604157328125 0.0551671015625 0.422526621875 0 0.3050262984375 0