1 0.3026798703125 1 0.3003069171875 0.9360097968750001 0.2610421 0.8841108484375001 0.2214546078125 0.7864960390625 0.19823794374999998 0.7200383046875001 0.14548994531249998 0.6341500890625 0.10186334062499999 0.612875225 0.015832921875 0.6295978437499999 0.0906520484375 1 0.3026798703125 1
1 0.8614311593749999 0.6906849359375 0.8603741843750001 0.678368665625 0.8666970062500001 0.6557041359375 0.876459928125 0.6162624609375 0.860291278125 0.56755689375 0.8190844765625 0.548740478125 0.76841673125 0.5639587765625 0.7530997609375001 0.5955450531250001 0.83185021875 0.7661533125 0.8882614 0.8839071890625 0.9105375 0.9295579421875001 0.9609379203125 0.9197610921875 0.9631414484375 0.9104614453125001 0.9592195 0.85580985 0.941910684375 0.780520925 0.915404275 0.733824815625 0.8854897046874999 0.7110306578125 0.8614311593749999 0.6906849359375
1 0.32005320312499996 0.7370660390625 0.31853042343750004 0.7338177515625001 0.2920131625 0.7248162671875 0.31740145000000003 0.6915694484375 0.316452509375 0.6775979875 0.2959953890625 0.6497395515625 0.29290269375 0.6338290125 0.2738082171875 0.6174846171875 0.2593800234375 0.5978774062500001 0.2449518296875 0.5782701968749999 0.2144321421875 0.575946771875 0.192932696875 0.5836701265625 0.16685698437500002 0.6087947171875 0.162773075 0.6379003812499999 0.1723634859375 0.6690595953125 0.19266444375 0.7052042359375 0.21924448281250003 0.755472765625 0.22868240312500002 0.7630825734375 0.2299789015625 0.7970212390625 0.24695349375000003 0.8479895984375 0.2574925421875 0.8612642125000001 0.2715459375 0.888032846875 0.30952761875 0.9195734218749999 0.3070555953125 0.8704976125 0.3033063859375 0.78750060625 0.32005320312499996 0.7370660390625
1 1 0.5529372828125 0.9906888593750001 0.54774944375 0.946344765625 0.49011002968749995 0.9260551234375001 0.482275025 0.9024962046875 0.5030689890625 0.8997715296875001 0.5344996859375 0.9255787312500001 0.5707200765625 0.943504925 0.583428928125 0.9694807093750001 0.6034019749999999 0.969601753125 0.6210574265625 0.9202202937499999 0.60563398125 0.9458663015625 0.658057834375 0.9479554625000001 0.6517728968750001 0.9888243734375 0.6688510140624999 1 0.6782808296875 1 0.5529372828125
1 0.08164373593749999 0.5288350875 0.0795488125 0.5180576390625 0.076050646875 0.500061140625 0.07469543125 0.4786768375 0.0644503734375 0.460527396875 0.061489035937500006 0.44242655 0.05124330312499999 0.44441811875 0.049267134375 0.451530021875 0.050435871875 0.466222796875 0.0518588109375 0.47640927499999997 0.056000925 0.48903845625000003 0.06650784531250001 0.52581346875 0.0753339375 0.53379688125 0.08164373593749999 0.5288350875
1 0.360689559375 0.6381405484375 0.3449347359375 0.6309521390625 0.3331617546875 0.62844411875 0.32181169062500004 0.630650346875 0.31243152812499997 0.6352114671875 0.302626509375 0.648068575 0.30145512343749997 0.6578467375 0.3044593140625 0.662738384375 0.307485490625 0.6703635578125 0.31283455312499997 0.6768368421875001 0.31901013749999996 0.6927211578125 0.3133507578125 0.6979173203125 0.3035457390625 0.7107744265625 0.307444346875 0.7202674515624999 0.31366316875 0.725892525 0.32209300937499996 0.7297083093750001 0.32284220937499997 0.730942190625 0.32377321875 0.7225478187500001 0.33687740625 0.7029158953125 0.345453034375 0.6916772703125 0.367067625 0.668332434375 0.366387625 0.6595932890625 0.369213990625 0.655626953125 0.36780279843749997 0.6483670015625 0.360689559375 0.6381405484375
1 0.7166104203125 0.508300453125 0.70351155625 0.496924153125 0.6924880203125 0.5008921125 0.6784931421875 0.5199543531249999 0.6788310328125 0.521692653125 0.6873794203125 0.5375826531250001 0.6999098328125 0.546034521875 0.7500635609375 0.58467466875 0.7563307531250001 0.5889108281250001 0.757072715625 0.569389765625 0.7457263515625 0.5576940359375 0.7175658625 0.5365539078125 0.7166104203125 0.508300453125
1 0.6204168390625 0.5053296375 0.6331197234375 0.5357140593749999 0.6719941171875 0.525907978125 0.6714409390625 0.5056199484375 0.6598332359375 0.48520981093750004 0.6429747156250001 0.47717477500000005 0.62701518125 0.48252665937500006 0.6198032515625 0.5065949625 0.6204168390625 0.5053296375
1 1 0.6878219875 0.992534034375 0.68400493125 0.9770796984375 0.6954770328125 0.9653316406249999 0.7401010359375 0.978240671875 0.7714641046875 0.973433209375 0.78874049375 0.9420427124999999 0.776696296875 0.947568640625 0.8167528515625 0.9673197312499999 0.825010890625 0.9772273578125 0.8339725765624999 0.9780675203125 0.861632965625 1 0.8973450625 1 0.6878219875
1 0.45195545312499996 1 0.8828590593750001 0.9214613125 0.8782774203124999 0.9154967781250001 0.738042921875 0.5818752140625 0.6928069640625 0.5518296203124999 0.60310864375 0.5486998640625 0.5754167265625 0.5472487359375 0.575247834375 0.4581863015625 0.5586168078125 0.3814710078125 0.5424872484375001 0.316097578125 0.5048277859375 0.24576191249999998 0.4772544390625 0.2008649375 0.40940172343750003 0.1866337125 0.36677764687500003 0.24061268125000002 0.349778984375 0.2941735765625 0.35569988124999996 0.377533709375 0.3838259921875 0.504542165625 0.4103499796875 0.5793344609375 0.4282057453125 0.5918447687499999 0.4044714546875 0.628441709375 0.3183913625 0.7319559124999999 0.30524465625 0.8053334062499999 0.31571001249999997 1 0.45195545312499996 1
1 0.8280065234375 0.5023524593750001 0.8259457203125 0.5001850234375 0.8241885421875 0.5026913578125 0.8226642468750001 0.5055768890625 0.8214269046875 0.5071544703125 0.819321984375 0.5110654640625001 0.8169467515625 0.51358581875 0.8178213624999999 0.516938871875 0.822166215625 0.5213576890625 0.822298065625 0.5203982359375 0.8229940421874999 0.5188197703124999 0.8231072484374999 0.5162085265624999 0.82250815625 0.5127170234375 0.825133825 0.5114850546875 0.8270090984375 0.5099957046875 0.829209915625 0.5078063796875 0.8288998515625 0.506211234375 0.8280065234375 0.5023524593750001
1 0.9266547031249999 0.7536252546875 0.9438861484375 0.7756163796875 0.9516200828124999 0.779864559375 0.954431328125 0.7632096500000001 0.9212307687499999 0.6901820609375 0.9409813249999999 0.7162889671875 0.9594169390625 0.731127240625 0.9630860374999999 0.7500031125 0.967399115625 0.772191978125 0.9710148171874999 0.7818673328125 0.9784463265625 0.7712118968749999 0.964869428125 0.7369861671875 0.972861128125 0.7158648890625 0.9604302421875 0.6963788 0.931620234375 0.6236650515625 0.9074487343750001 0.5926659843750001 0.897893065625 0.5968155312500001 0.8864212968749999 0.56449394375 0.8803295906249999 0.524229015625 0.85388800625 0.4948172640625 0.836402771875 0.4982160484375 0.82881 0.5169676703125 0.8227775046874999 0.548086296875 0.8311593953124999 0.5556679171875001 0.861432125 0.564745896875 0.8771522125000001 0.6100792640625 0.8726691343749999 0.62705914375 0.8605544374999999 0.6847006078125 0.8624983046875 0.6947009343749999 0.8704468999999999 0.70005344375 0.9045499906250001 0.719911109375 0.9266547031249999 0.7536252546875