1 0.644346753125 0.58290568125 0.6395798515625 0.5962601421875 0.6374717265625 0.5906660140625 0.642162415625 0.5654167765625 0.6438953859375001 0.5530482906249999 0.6344126265625001 0.5500158171875 0.6235502187499999 0.5602525125 0.620006975 0.5755999859375 0.618800490625 0.590619640625 0.6160877203124999 0.5950766859375001 0.6045885078125 0.6179349359375 0.5931923859375 0.6501404546875 0.5840687046874999 0.68715891875 0.5807091875 0.70421113125 0.6163098390624999 0.7141406953125 0.6231408140625 0.6919152046875 0.6261190390625 0.67901509375 0.6306185359375001 0.6570945453125 0.644449225 0.633931353125 0.6532905171875 0.60792985 0.6621811421875 0.5963706328125 0.659263903125 0.5795557312499999 0.64872708125 0.5737261921875 0.644346753125 0.58290568125
1 0.6187560328124999 0.5797681359375 0.620234584375 0.5733638265625001 0.62420069375 0.5632695921875001 0.629429690625 0.5565265578124999 0.6352879 0.55053108125 0.6395877249999999 0.5460067859375 0.6490107218750001 0.5316553890625 0.6504578015625 0.528929834375 0.64760359375 0.5166346234375 0.6463668984375001 0.509627540625 0.6443604953125 0.516512278125 0.6401195953125 0.529602709375 0.6350171296875 0.5376036296875 0.6280924531250001 0.5464125328125 0.6209506484375 0.5508829953125 0.6165764734375 0.5486444640625 0.619660309375 0.535286903125 0.6163895562499999 0.524726490625 0.6090361078125001 0.5230288125 0.6040656546875 0.5304579203124999 0.601134540625 0.5414174828125 0.6001217171875 0.55281991875 0.5901064609375 0.56091530625 0.5912909765625 0.573427328125 0.5937631078125001 0.5715407171875 0.5984587703125 0.567107809375 0.6061613593749999 0.5725721140625 0.6086541984375 0.5688593187500001 0.6160338390625 0.5669011140625 0.6150731953124999 0.5727986078125 0.6168225171875 0.5793217484375 0.6187560328124999 0.5797681359375
1 0.3362520015625 0.3829101890625 0.3422683796875 0.3928998984375 0.34005380625 0.42055175624999996 0.3426944375 0.42036637031249996 0.3509642328125 0.41837275625 0.3583358671875 0.38644269531250003 0.35758566875 0.3784397140625 0.36187346875 0.3598672140625 0.360814865625 0.3486852078125 0.3488996203125 0.350632228125 0.3477548625 0.36913533125 0.3362520015625 0.3829101890625
1 0.5943627874999999 0.5044152890625 0.5905177875 0.5134292671875 0.5885480921874999 0.5314769109374999 0.5832487921875 0.5315785125 0.5865249312499999 0.5230836765625 0.5891621781249999 0.5078402296875 0.5882667953125 0.49838232343750005 0.5803348140625 0.49655108124999997 0.5733901890624999 0.50947505 0.571931321875 0.5177389609375 0.570975490625 0.531395078125 0.56384691875 0.533724440625 0.5563840328125 0.5412526890625 0.5529674703125 0.5655674078125 0.5556220921875 0.5655298015625 0.563844503125 0.566103053125 0.56712064375 0.55760821875 0.5798608875 0.55194881875 0.590128403125 0.55894485625 0.592736990625 0.5476458234375 0.5959770390625 0.5279159484375 0.5931232453125 0.51735543125 0.5943627874999999 0.5044152890625
1 0.584061421875 0.5964762828125 0.5782521125 0.6044826578125 0.5743006984375 0.626529740625 0.5692359453125 0.6313110859375 0.5621877546875 0.637320934375 0.5619106453125 0.6483150234374999 0.5621331421875 0.66450779375 0.5611114765624999 0.6787269109375 0.5566272031249999 0.7006509734375 0.558241003125 0.7010235484375 0.579326303125 0.710131603125 0.5927388765625 0.652035359375 0.591081025 0.6371976265625 0.5960210906250001 0.6255936515625 0.596125034375 0.612849075 0.5957060656250001 0.6000078671875 0.5898374796875 0.5935455703125 0.584061421875 0.5964762828125
1 0.6078682703125 0.43605336250000004 0.6062749921874999 0.446358125 0.60038346875 0.461597103125 0.596192165625 0.48315515312499996 0.612193078125 0.48566876406250004 0.617496071875 0.479786021875 0.620180146875 0.4578800015625 0.6281166859375 0.43718660781249996 0.62856275625 0.41476389999999996 0.630937553125 0.401074003125 0.622980121875 0.39449083125 0.6170683046875001 0.4132906875 0.6117297921875 0.42273079375 0.6078682703125 0.43605336250000004
1 0.5335729765624999 0.6756215203125 0.532031015625 0.6971648359375 0.55731655625 0.6991237078125 0.5604442765625001 0.6818252484375 0.5595123265625 0.6635654484375 0.5596823703125 0.64428320625 0.5540164390625 0.6390963671875001 0.5469733078125001 0.636193475 0.5398261609375 0.64485465 0.530462209375 0.6594365062499999 0.5335729765624999 0.6756215203125
1 0.662329975 0.4404838625 0.6695416515625 0.43022344375 0.6712042546875 0.41538136718749996 0.6674777359374999 0.410545909375 0.66158235 0.413159975 0.6598517703125 0.41871107500000004 0.6608249765624999 0.42026079843749997 0.657939490625 0.446095440625 0.662329975 0.4404838625
1 0.5475957499999999 0.5652186390625 0.5490673015625 0.556066265625 0.5493219921875 0.549475771875 0.5486021734375 0.5402993109375 0.537623221875 0.534439975 0.5345734578125 0.5408429171875 0.5308161640625 0.5461429375 0.524578178125 0.5608682796875 0.5231899515625 0.570979465625 0.5170219 0.5757470125 0.5114539875 0.5834718328124999 0.52150534375 0.5919598328125 0.5224117015624999 0.6031066890625 0.5210011890625 0.6146341359374999 0.5293430421875 0.601840009375 0.5344005234375 0.59493691875 0.5332635406249999 0.5875673906250001 0.5346499859375 0.5788531109374999 0.5398060171875 0.5729123453125 0.5475957499999999 0.5652186390625
1 0.528844221875 0.698187796875 0.5314266437499999 0.664983415625 0.5308585140625001 0.6517463984375 0.5307656328125 0.6364508515625 0.5173866375 0.63772265625 0.5122210859375 0.6507200734375 0.509525278125 0.6686482640625 0.4959658875 0.692789575 0.528844221875 0.698187796875
1 0.6906945390625 0.46293282343750003 0.6926887765624999 0.4812451390625 0.696797275 0.48303686875 0.6956833203125 0.5074495359375 0.706485596875 0.5048360109375001 0.7118992453125 0.47888638125 0.715490965625 0.45846676249999996 0.7129755234374999 0.4374804046875 0.71506290625 0.4235073265625 0.7045413078125 0.4176813015625 0.697564046875 0.43560879999999996 0.6908738390625 0.44256859375 0.6906945390625 0.46293282343750003
1 0.4923749078125 0.5799825625 0.49415266874999997 0.5736714234375 0.49494309375 0.563301765625 0.4975410578125 0.5562163171875001 0.48773232499999997 0.5419541531250001 0.47777610625 0.5449316484375 0.47125660312499995 0.55927880625 0.46823422968750006 0.5820944828125 0.4672028046875 0.5837836921874999 0.4655039421875 0.568984675 0.463400075 0.5670534593750001 0.46250821875000003 0.5750146265625 0.460485278125 0.575511259375 0.45405198281250003 0.5922633921875 0.45818167499999995 0.5951441390625 0.45778901093749996 0.606569290625 0.46138561562499997 0.6366950734375 0.45498916093749997 0.6616227796875 0.4541024 0.6820645953125 0.48444489218750003 0.6890697109375 0.48941437656250003 0.6758102015625 0.4931246921875 0.6694633953125 0.49036548125 0.62466639375 0.4882933578125 0.618430103125 0.4900466203125 0.602500740625 0.49073143437500005 0.5925885328125 0.4931552015625 0.5820900390625 0.4923749078125 0.5799825625
1 0.593545865625 0.6224925765625 0.592934909375 0.6309040609375 0.5911993921875001 0.637032221875 0.5895236796875001 0.6456797203125 0.5918858265625 0.6542716734375 0.59361593125 0.6511537203125 0.598296078125 0.6366469218749999 0.60479898125 0.6200795 0.6175858859375001 0.5893514703125 0.618496053125 0.5810331546875 0.6168147687500001 0.579633153125 0.6167603765624999 0.5741036078125 0.6163012953125 0.5659510109375 0.613250896875 0.5617293906249999 0.6102157234375001 0.5575112843750001 0.6034364859375 0.5564521 0.5985190421875 0.5618456546874999 0.5968226921875 0.57349984375 0.5936766265625 0.5697620609375 0.5912320625 0.5702095375 0.58971078125 0.573881628125 0.5883776875 0.5811145437499999 0.5880581312500001 0.5940984406250001 0.5922819109375 0.5960854265625 0.59465701875 0.6031625984375 0.5940536078124999 0.61306950625 0.593545865625 0.6224925765625
1 0.33128185625 0.36950009375000004 0.3379614328125 0.3614055359375 0.47526344062500003 0.4196050140625 0.47867488125 0.43029694999999996 0.48129154375 0.4282242046875 0.48480279531250003 0.4338531703125 0.48208631874999996 0.440988884375 0.50596639375 0.5158324390625 0.4967082578125 0.528150015625 0.49195577031250004 0.5487352999999999 0.49646142031249996 0.5570030046875 0.488293771875 0.6201647968749999 0.49295722187499996 0.66942473125 0.4862159359375 0.6847325359374999 0.47907001562499996 0.687901096875 0.47748585312499997 0.694762859375 0.48046905000000006 0.702679078125 0.4911262234375 0.70513948125 0.4968114 0.694406184375 0.499328253125 0.697396409375 0.5038167125 0.6779547531250001 0.5097659171875 0.6660778296875 0.5306756265625 0.65885939375 0.546613340625 0.638447259375 0.5597873640625 0.6438978890625 0.5628939796875 0.6373876125 0.5731465171875 0.6277087734375 0.5757867875 0.61627250625 0.57432604375 0.6087077734374999 0.5779607140625 0.59991024375 0.5856346890624999 0.5944544281249999 0.59051059375 0.55944265 0.5773365687500001 0.553992021875 0.5701906484375 0.5571605859375001 0.564971815625 0.572819875 0.56040445625 0.5717654171875 0.550337046875 0.5598045140625 0.55039875625 0.5525912671875 0.560184946875 0.5379864359375001 0.5628869265625001 0.5193369203125 0.560431784375 0.5091334468750001 0.55281951875 0.5073760171874999 0.561206675 0.47799320625 0.55875153125 0.46778973281249997 0.5496168124999999 0.46568081718750004 0.543465290625 0.47148811874999996 0.533089334375 0.49559345156249995 0.525466784375 0.49503823125 0.50704983125 0.44862596093749996 0.5147238062499999 0.4431701453125 0.521465090625 0.42786234062500006 0.5241053625000001 0.41642607343750004 0.5632610328125 0.403656590625 0.6344351765625 0.41780607031250006 0.6203628421875 0.45792217968750004 0.6185935515625001 0.48642368124999996 0.629250725 0.48888408281249995 0.6359303015625 0.48078952656249996 0.6485145625000001 0.4957406546875 0.6718794156250001 0.49872569218749996 0.6769131203125001 0.50470614375 0.6906151984375 0.50786951875 0.6947162140625001 0.5039979828125001 0.6963620859375 0.4899229734375 0.6909237453125 0.47180328125 0.6906425265625 0.44523754843749996 0.6963894125000001 0.42729100468750003 0.6920071812499999 0.40459680625 0.6813500078125 0.402136403125 0.6751984859375 0.40794370625000004 0.6705077078125 0.42131574218749995 0.66031688125 0.4237813328125 0.6588561359375 0.4162166 0.6405866984374999 0.4119987671875 0.5553527953125 0.40208442812499995 0.5237198421875 0.3957957703125 0.5206558203125 0.403583859375 0.5158116046875 0.3942236046875 0.5123131812499999 0.3980440625 0.507903365625 0.3926514421875 0.49999512656249995 0.391079278125 0.5009873453125 0.384588046875 0.4920868890625 0.3895071140625 0.49033017343749996 0.3821276453125 0.48160009062500003 0.39215796875 0.47649177031249995 0.385389359375 0.3458147875 0.3421143453125 0.3396073046875 0.3473305296875 0.33761850625 0.34205304999999997 0.33812790625 0.33956875625 0.330441025 0.33702316718750003 0.324382771875 0.34381566874999997 0.3198154125 0.3427612109375 0.32275414375 0.334477578125 0.3195341953125 0.316195475 0.3043096625 0.312680615625 0.30738038125 0.3293864 0.29200661875 0.32429522187500004 0.27653525 0.34963335 0.26755832968750004 0.3885166625 0.26954712812500004 0.39379414218750003 0.2688956546875 0.4105078890625 0.271878853125 0.4184241078125 0.32059735625 0.42967166093750003 0.3272769328125 0.4215771046875 0.3310967296875 0.391139834375 0.32969769375 0.3763618546875 0.33128185625 0.36950009375000004