1 0 0.986906278125 0.19529565625 0.9925071875 0.21401915625 0.8849634109375 0.18640276718749998 0.8260349625 0.1679756171875 0.72232256875 0.1590836328125 0.6524900812500001 0.12534546875000002 0.5575118031249999 0.087095503125 0.5276313640625 0 0.5261111078125 0 0.986906278125
1 0.8666322234375 1 0.8676809640625001 0.9977843999999999 0.8752074249999999 0.9435116546875 0.873930296875 0.86626926875 0.8577117812499999 0.8150825875000001 0.8331900890625 0.7865669468750001 0.81388739375 0.7616637765625 0.8154142125 0.7493968890625 0.8263110875 0.728542221875 0.84406105 0.6919922671875 0.8383721812499999 0.6409893828125 0.8019780000000001 0.614016775 0.7492534046875 0.6183681 0.727703990625 0.6460795640625 0.7692621109375 0.8293327640625 0.7999581640625 0.9562419796875 0.8108770953125 1 0.8666322234375 1
1 0.274696671875 0.694472534375 0.273882525 0.690978625 0.24981624375 0.6766605984375 0.28156213750000003 0.6494188234375 0.2835387640625 0.6355553765625 0.2693207765625 0.6040524406250001 0.26960365 0.5878465765625001 0.254324625 0.56788938125 0.2442882890625 0.54571084375 0.2342519546875 0.5235323078125 0.20488226250000002 0.51491425625 0.18224685625 0.5179988515625 0.151517265625 0.5371529640625 0.141471190625 0.5647735078125 0.14437366406250002 0.597245775 0.1567161046875 0.636821375 0.1722638890625 0.69151771875 0.1799134015625 0.7009234875 0.17412532187500002 0.73439006875 0.1801320609375 0.7877738640625 0.1876808578125 0.8029495875 0.1958616421875 0.8320551281249999 0.226455678125 0.8708033015625001 0.23424110781250002 0.822285953125 0.2478298765625 0.7403231265625 0.274696671875 0.694472534375
1 0.901575284375 0.6576574671875 0.916467428125 0.6738156640625 0.93772295 0.6987529234375 0.9341705734374999 0.7160477265625 0.8890749328125 0.6906943375 0.9032609812500001 0.7473047078125 0.9066112015625001 0.741591471875 0.9430362875 0.7667935156250001 0.9942681765625 0.832739346875 0.997068196875 0.6723262828125 0.9700384640624999 0.6487259546875 0.9386473015625001 0.58312644375 0.9204300265625 0.5712442 0.8930626187499999 0.5866855906249999 0.8838626749999999 0.616862959375 0.901575284375 0.6576574671875
1 0.084790671875 0.4412238140625 0.0849822859375 0.43024631874999997 0.085302246875 0.411915778125 0.088422690625 0.3907170078125 0.08217499375000001 0.37083410781250004 0.083041746875 0.3525131125 0.0726058359375 0.35233095312499996 0.06919420468750001 0.358876575 0.0672826015625 0.373491271875 0.066556559375 0.38375099687500003 0.06798240312500001 0.39696539375 0.0706137671875 0.4351212953125 0.0775871421875 0.4447653 0.084790671875 0.4412238140625
1 0.3350127921875 0.6061575765625 0.321096803125 0.5958506406249999 0.3101025375 0.5909496843750001 0.2985417984375 0.590747890625 0.2884183046875 0.59325909375 0.27615440625 0.6037966640625 0.2729756234375 0.61311760625 0.274897134375 0.618526965625 0.27627181875 0.6266146890625001 0.2801581203125 0.6340586484374999 0.2828962171875 0.6508798296875 0.27628016718750004 0.6547857921875 0.26401626875 0.6653233625 0.265855971875 0.6754195078125 0.270769378125 0.6822146265625 0.2782216609375 0.6876996890625 0.2786979515625 0.689062375 0.28135390312499997 0.68104500625 0.2982534390625 0.6645666015625 0.3089783109375 0.6553565406249999 0.3349742359375 0.637015771875 0.33612606562499997 0.6283262171875 0.339715315625 0.625034190625 0.339844390625 0.6176394828125 0.3350127921875 0.6061575765625
1 0.7101512015625 0.5531549078125 0.6997038453125 0.5393037984375 0.6880962140625 0.5408931265625 0.6704438953125 0.5566291140625 0.6704129890625 0.558399678125 0.6754708578125 0.5757197546875 0.6859702078125001 0.5865921484375 0.72699421875 0.6348154609375001 0.7322437109375 0.640262075 0.7370281171874999 0.62132185625 0.7283613765625 0.6075226640625 0.705211540625 0.580989603125 0.7101512015625 0.5531549078125
1 0.6166773484375 0.530249240625 0.6227853671875 0.56261076875 0.6628490609375 0.5611014140624999 0.666526090625 0.5411417140625 0.6594155484375 0.518764209375 0.64459600625 0.507399675 0.62787250625 0.509316434375 0.61581409375 0.5313593437499999 0.6166773484375 0.530249240625
1 0.9892862812500001 1 0.9928493859374999 0.890744253125 0.97281389375 0.8648489749999999 0.9832724687500001 0.8270257421875 0.9698921890625 0.8030385703125 0.9584609015625001 0.7945252703125 0.94351420625 0.782387565625 0.9260124031249999 0.7903958375 0.9052432156249999 0.831602140625 0.9113494046874999 0.864963790625 0.9030550343750001 0.8808631203124999 0.8748546234375001 0.8625556671875 0.8719315703125 0.9028857953125 0.889534109375 0.9150698578125 0.8973619921875 0.9258956218750001 0.8924328765625 0.9531262437500001 0.9090833609375 1 0.9892862812500001 1
1 0.6778176859375 0.590783840625 0.5907302015625 0.5690731484375 0.5639451249999999 0.5618962562500001 0.5822970453125 0.474744934375 0.581979453125 0.3962482703125 0.5797942640625 0.32894988281250004 0.5575813578125 0.252321378125 0.5399451609375 0.2026726875 0.476534028125 0.1746450765625 0.42361853125 0.21858243125 0.39585539375 0.2674386734375 0.3843153578125 0.3502082109375 0.385420303125 0.48028897343750004 0.3958144859375 0.558961525 0.4106790203125 0.5749108765625001 0.37985445 0.6057734484374999 0.2741336015625 0.6891285609375 0.24601814375000003 0.7581692265625 0.2119615921875 0.9750870624999999 0.7868659359375 0.9918522453125 0.7836245125 0.9850654750000001 0.7158182984375 0.6295779515625 0.6778176859375 0.590783840625
1 0.8203496906250001 0.5704974421875 0.81878455625 0.56794890625 0.8165446796875001 0.5700351328125 0.8144537578125 0.572540690625 0.8129154578125 0.5738265390625 0.81004339375 0.57721443125 0.807196053125 0.5791858703125 0.8073544140625 0.5826474953125 0.8106855968750001 0.5878730953125 0.811014046875 0.586962021875 0.8120229968749999 0.5855627515624999 0.8126766375000001 0.58303210625 0.8128165609375 0.5794923421875 0.8156409953124999 0.5788332015625001 0.817784940625 0.5777662890624999 0.8203928515625 0.57608238125 0.8204212125 0.574457628125 0.8203496906250001 0.5704974421875
1 0.86459961875 0.8367894359375001 0.8768823031249999 0.8618826203125 0.8835639875 0.8676459421875 0.8897765484375 0.8519394734375 0.8724847921875 0.7736049265625 0.8863758203125001 0.80324770625 0.901323521875 0.821594709375 0.9009879265625 0.8408209453125 0.9005934296874999 0.8634216703125001 0.9021184984374999 0.8736373421874999 0.9116030015625001 0.8647598500000001 0.905438721875 0.8284592406250001 0.91764714375 0.8094610796874999 0.9095392875 0.78781628125 0.8964768859375001 0.7107015671875 0.8792786609375 0.675354365625 0.8690690671875 0.6774264984375 0.8645680203125 0.6434261015625 0.8669809796875001 0.602774521875 0.8472322562500001 0.568507971875 0.82942246875 0.5681971015625 0.8180969359375 0.5849603296875 0.8057263390625 0.6141447125 0.8123487578124999 0.62330335 0.8400725375 0.6384770078125 0.8460237656249999 0.686088121875 0.8381083374999999 0.7017648671875001 0.8142740421875001 0.7556279390625 0.814096246875 0.7658138875 0.820758296875 0.7727020375 0.8499875125 0.799216196875 0.86459961875 0.8367894359375001