1 0.4187951 0.754126371875 0.4225887640625 0.7488174953125 0.424210975 0.7473133578125 0.4210057 0.7445703953125 0.42213780156249997 0.738853796875 0.42065354375 0.7358658421875 0.4135883515625 0.7317138937500001 0.41069685468749995 0.7324800171875 0.40925105000000006 0.7271582515625 0.4058971359375 0.721353934375 0.40184746718750003 0.7215931984374999 0.3997642953125 0.7248663343749999 0.4002840640625 0.7277624515625 0.40259554687500004 0.73191690625 0.405913903125 0.7359126609375 0.403733890625 0.7389682875 0.40496121250000006 0.7420706359375 0.4062221265625 0.7459399125 0.406530859375 0.748669359375 0.40637666406250006 0.7521261703125 0.407928103125 0.756647978125 0.4115040875 0.7571119125 0.41143193437500003 0.74726914375 0.413011065625 0.749432971875 0.4187951 0.754126371875
1 0.5422481968749999 0.727309303125 0.5401339828125 0.7387336343750001 0.542208303125 0.7421249249999999 0.5437567015625 0.743144090625 0.54751826875 0.7416430875 0.5494567124999999 0.7392741859374999 0.54933795 0.735012228125 0.5500984484375 0.7329940296874999 0.5530418 0.72942479375 0.553457971875 0.7266332249999999 0.5533666453125 0.7236621875 0.5513430859375 0.716889096875 0.5490832375 0.7098157875 0.550628796875 0.7093303718749999 0.551319690625 0.7063875296875 0.5455723265625 0.7021990609375 0.5430195125 0.696964746875 0.5397793171874999 0.694642753125 0.5359367140625 0.696730053125 0.5384609609375001 0.7038593953125 0.53811439375 0.707575609375 0.53812863125 0.7113338921875 0.532749025 0.7146557234375 0.5264626828125001 0.7182075078125 0.5273665421875 0.7202376078125 0.529060540625 0.7208154890625 0.5387127234375 0.716141596875 0.540803084375 0.718570109375 0.5422481968749999 0.727309303125
1 0.323554753125 0.700213696875 0.31828171250000004 0.6975515624999999 0.31584334687500004 0.6886175062500001 0.313108446875 0.6871999265625 0.31079383125 0.688954425 0.3108763796875 0.6910606109375 0.3131808359375 0.6952761140625 0.30993971249999996 0.698138128125 0.311344459375 0.7025225390625 0.3095715140625 0.713099921875 0.30305809687499996 0.7174478140625 0.3034024421875 0.716338865625 0.30090858125 0.7234146828125 0.3034993921875 0.7279660296875 0.309594909375 0.7236014890625 0.31114856875 0.72551603125 0.314319196875 0.7231487421875 0.31993115781250003 0.718043859375 0.3248185078125 0.7055875578124999 0.323554753125 0.700213696875
1 0.213492659375 0.59906599375 0.21127186406249998 0.5956530437499999 0.20921487499999997 0.5938757203125 0.20805535625 0.5964190765625 0.2066680859375 0.6012936468750001 0.20530718124999997 0.6049981343749999 0.2077592390625 0.606049346875 0.211707025 0.6048129359375001 0.213884396875 0.6022507828125 0.213492659375 0.59906599375
1 0.23062967343750002 0.6903008703125 0.23741848906250002 0.6842665984375 0.23964505625000002 0.681277121875 0.23650323125 0.6799827984375 0.234470421875 0.6758780203125 0.23023145625 0.6761146890624999 0.23024150468750001 0.6814386015625 0.22824569062500003 0.6893641421875001 0.23062967343750002 0.6903008703125
1 0.8019521984375 0.2806555109375 0.8099962421875 0.29818491406250003 0.81089704375 0.29859469375000003 0.811896234375 0.298149825 0.8042026703125 0.2808698 0.8019521984375 0.2806555109375
1 0.7768930953125001 0.27623279843750004 0.7753604640625 0.2797820765625 0.7769571281250001 0.28555792812499997 0.780585109375 0.290863759375 0.782074190625 0.2945156140625 0.7849764125 0.2975382984375 0.7854121375 0.2937534296875 0.78827550625 0.2951138125 0.789688646875 0.294484640625 0.786647653125 0.2898441421875 0.7832146484375 0.287550075 0.781344134375 0.28238844375 0.7790851421875 0.277660403125 0.7768930953125001 0.27623279843750004
1 0.2808553015625 0.67280403125 0.28157842187500004 0.6755806515625 0.28477444687500003 0.6809919265625 0.2893748359375 0.6849091796875 0.2877558859375 0.6900316953125001 0.29232617968749997 0.695033815625 0.2938168625 0.691966553125 0.2935758609375 0.6797085203125001 0.292515859375 0.678211275 0.288538234375 0.6768836546875 0.284591178125 0.6709380015625 0.28206006562499997 0.6696324 0.2808553015625 0.67280403125
1 0.6130416875 0.88923366875 0.6138112359375001 0.8825491031249999 0.62374078125 0.8772304671875 0.6335295875 0.8692523796874999 0.6326238 0.8624160062499999 0.63429261875 0.855331059375 0.63136039375 0.8439816484374999 0.6236478390625 0.837453728125 0.623780821875 0.8473562906250001 0.6216805187500001 0.8510135171875 0.620696365625 0.8632088937500001 0.6077672468750001 0.8725851375 0.597075909375 0.877345228125 0.5838873453125 0.8741531046875 0.5794338109375 0.8761359453124999 0.57385636875 0.876823746875 0.5706181406249999 0.8755433890625 0.56694393125 0.8816967984374999 0.56987264375 0.8930767328125 0.5752354796875 0.89789974375 0.5815789546875 0.8905578999999999 0.592080721875 0.891326434375 0.6054555984375 0.88537155625 0.6081456562499999 0.8914135234374999 0.6130416875 0.88923366875
1 0.38601044687499997 0.4997842265625 0.38612464062499996 0.499733384375 0.3861635125 0.49951336875 0.3848665671875 0.4973686921875 0.3828392015625 0.498039665625 0.3803588140625 0.4971169 0.3780953609375 0.4994857125 0.37844010625 0.5023728765625 0.3784321859375 0.5038532921875001 0.381073340625 0.5029090453125 0.3840981484375 0.50086730625 0.3851544359375 0.5003970171875001 0.38601044687499997 0.4997842265625
1 0.45364703593750005 0.518089309375 0.45377220781250005 0.5181783734375001 0.452428490625 0.5158518125 0.4505535890625 0.5102577562499999 0.4487530984375 0.5081345640625 0.44639458593750003 0.5074471234375 0.4460442875 0.5110781234374999 0.44747343125 0.5132508140625001 0.44933584375 0.5160124859375 0.4508014375 0.51857436875 0.45255582812500006 0.5189805671875 0.45364703593750005 0.518089309375
1 0.2308472171875 0.6087723421875 0.22753779999999998 0.6114041359375 0.226337896875 0.611475028125 0.22414914531250002 0.6099011625 0.22127873125000003 0.610484146875 0.2207235140625 0.6171891203125 0.2211942875 0.6225106171875 0.22383254687499998 0.62570874375 0.2291148546875 0.6238202453125 0.23011622968749998 0.62453275 0.2321539375 0.6217721515625 0.232883065625 0.6163797625 0.23750832812499997 0.6145521328125 0.2430293640625 0.6104723234375 0.24246216718750002 0.6070471109375 0.2375664078125 0.6036957453125 0.2343694359375 0.605350796875 0.2308472171875 0.6087723421875
1 0.25578099062500004 0.5392325921875 0.2589872125 0.534909228125 0.266497525 0.5402530109375 0.2750620140625 0.5364398546875 0.275040165625 0.524866128125 0.346476446875 0.5278110046875 0.3650546859375 0.53112289375 0.364000509375 0.54027983125 0.370456646875 0.554780553125 0.377966959375 0.5601243359375 0.3865314484375 0.5563111796875 0.38650960156249997 0.5447374546875 0.3822055109375 0.5350703078125 0.373619175 0.5273097375 0.37821570625 0.5222675078125001 0.5887920375 0.38058135625 0.7592851671874999 0.3063705 0.7667954796875 0.3117142828125 0.7828484359375001 0.301671184375 0.7788957359375 0.2889517234375 0.7881630078125 0.2790339421875 0.8153931249999999 0.3248275765625 0.8229034375 0.33017135937500003 0.8300405109375 0.326993728125 0.8314460796875001 0.31478447656249997 0.81495434375 0.28158498593750003 0.7988358484375 0.25690690781250003 0.8049560015624999 0.253513765625 0.8634054984375 0.2462021015625 0.90136755625 0.2720699765625 0.9099320437499999 0.26825682031250003 0.9099101968750001 0.25668309375 0.9056061062499999 0.2470159484375 0.8970197703125 0.23925537812500003 0.8884552812500001 0.243068534375 0.8874011062499999 0.252225471875 0.880105353125 0.24411305625000002 0.786318659375 0.248000603125 0.7882561453125 0.255602809375 0.7799062171875 0.25664733281249996 0.771610734375 0.2610646859375 0.7749430359375 0.2762322625 0.7633152515625 0.2654820375 0.7599005625 0.253970971875 0.7509628359375 0.24926271562500002 0.746680590625 0.25116929374999997 0.7431229781249999 0.2585449703125 0.75501976875 0.26989939218750003 0.5953725484375 0.3761536671875 0.3371873265625 0.5261550625 0.27073607499999996 0.51519898125 0.2621497390625 0.5074384109375 0.2628743703125 0.5129075109375 0.25358525 0.5112515671875 0.252531075 0.52040850625 0.247165525 0.5160403890625 0.24289056250000002 0.5218048750000001 0.24074579843750002 0.5208292078125 0.23432607499999997 0.52561803125 0.2332718984375 0.5347749703125 0.2293410453125 0.533629234375 0.22793547812499998 0.5458384875 0.22435601875 0.5416404390625 0.219370990625 0.5496516421875 0.21831681406249998 0.55880858125 0.22477295156250002 0.5733093031250001 0.23228326406250002 0.5786530859375 0.240847753125 0.5748399296875 0.24082590625 0.5632662046875 0.2365218140625 0.55359905625 0.23972803593749997 0.5492756921875 0.24723834843749998 0.5546194734375 0.2558028375 0.5508063187500001 0.25578099062500004 0.5392325921875