1 0.71209375 0.8407916671875 0.71165625 0.8342708328124999 0.70853125 0.8283333328125 0.71209375 0.8212083328125 0.714328125 0.8087291671875001 0.714328125 0.8069583328125001 0.709875 0.7968541671875 0.70809375 0.7891458328125001 0.704078125 0.7867708328125 0.700515625 0.7861666671875 0.6960625 0.7891458328125001 0.691171875 0.7944791671875 0.6880468750000001 0.8039791671875 0.6885 0.8087291671875001 0.6889375 0.8117083328125 0.691171875 0.8176458328124999 0.68671875 0.8223958328125001 0.68359375 0.8247708328125001 0.677359375 0.8307083328125 0.6751406249999999 0.8390208328125001 0.6702343749999999 0.8544583328125 0.668453125 0.8651458328125001 0.667125 0.8746458328125 0.66578125 0.8829583328125 0.66578125 0.8841458328125 0.67425 0.88475 0.6800312500000001 0.8740625 0.684484375 0.8734583328125 0.691609375 0.8764375 0.694734375 0.8793958328124999 0.696515625 0.8817708328125 0.700078125 0.8871249999999999 0.702296875 0.8895 0.7063125 0.8895 0.7103125 0.8871249999999999 0.714765625 0.8835625 0.7134375000000001 0.8764375 0.7134375000000001 0.86575 0.7134375000000001 0.85625 0.71209375 0.8407916671875
1 0.493234375 0.9543541671875 0.49448437500000003 0.9543541671875 0.49759374999999995 0.9427708328125 0.49759374999999995 0.9369583328125 0.49571875 0.9286875 0.48889062499999997 0.9170833328124999 0.490140625 0.9038333328125001 0.491375 0.8872708328125001 0.49074999999999996 0.8806458328125 0.492 0.8665625 0.492 0.8491666671875 0.493859375 0.8317916671875001 0.492 0.8292916671875 0.48889062499999997 0.8168749999999999 0.48826562500000004 0.8085833328125 0.48826562500000004 0.8044583328125 0.48703124999999997 0.7936875 0.4801875 0.7912083328125 0.47521874999999997 0.7936875 0.47087500000000004 0.7953333328125 0.47087500000000004 0.803625 0.473984375 0.8118958328125 0.478953125 0.8193541671875 0.4814375 0.9270208328124999 0.479578125 0.9328333328125 0.48454687500000004 0.9411041671874999 0.493234375 0.9543541671875
1 0.3065 0.7394999999999999 0.3046875 0.7386250000000001 0.30256249999999996 0.7405833328125 0.300921875 0.7427708328125 0.299453125 0.7445208328125 0.298640625 0.7464791671875 0.29748437499999997 0.7499791671875 0.294703125 0.752375 0.292734375 0.7530208328125 0.28765625 0.7569583328125 0.286015625 0.7591458328125 0.28471875 0.7619791671875 0.28504687500000003 0.7646041671875 0.286515625 0.7663541671874999 0.290765625 0.7622083328125 0.298640625 0.7624166671875 0.30059375 0.7593541671875 0.30059375 0.75675 0.30256249999999996 0.7517291671875 0.30534374999999997 0.7473541671875 0.307640625 0.7458333328125 0.307640625 0.7438541671875 0.3073125 0.7418958328125 0.30665624999999996 0.7401458328125 0.3065 0.7394999999999999
1 0.315921875 0.7680833328125 0.313578125 0.7641666671875 0.31534375 0.7590833328125 0.31475 0.7473124999999999 0.308875 0.7473124999999999 0.30212500000000003 0.751625 0.299765625 0.7606458328125 0.295359375 0.7669166671875 0.28978125 0.7704375 0.287421875 0.7774791671875 0.287421875 0.7817916671875 0.301234375 0.7817916671875 0.30240625 0.7723958328125 0.30681250000000004 0.7692708328125 0.314171875 0.7676875 0.315921875 0.7680833328125
1 0.291375 0.7368750000000001 0.2883125 0.7405833328125 0.287609375 0.7463124999999999 0.28803125 0.7485416671875 0.287609375 0.7515 0.28371875 0.7507708328125 0.28331249999999997 0.756875 0.28581249999999997 0.7587291671874999 0.28845312500000003 0.7553958328125 0.293734375 0.752625 0.296375 0.7466875 0.29734375 0.7474375 0.29678125 0.7416875 0.297203125 0.7368750000000001 0.2933125 0.7363125 0.291375 0.7368750000000001
1 0.24070312500000002 0.778125 0.24303124999999998 0.7686041671875 0.243796875 0.7624166671875 0.239546875 0.7585625 0.2356875 0.7585625 0.23009374999999999 0.7593333328125 0.22912499999999997 0.7660208328125 0.22970312499999998 0.778375 0.22778125 0.7799166671875 0.238390625 0.7809583328125 0.24070312500000002 0.778125
1 0.11546875000000001 0.7615416671874999 0.11490625000000002 0.7635625 0.11379687499999999 0.7657916671875 0.11464062500000001 0.7683958328125 0.115890625 0.7687708328125 0.11671875000000001 0.7715416671875001 0.11671875000000001 0.7743125 0.11629687500000001 0.7743125 0.11560937499999999 0.7754375 0.11464062500000001 0.7787708328125 0.11699999999999999 0.7785833328125 0.12534375 0.7808125 0.13284374999999998 0.7793333328125 0.1350625 0.7774791671875 0.13284374999999998 0.7735833328124999 0.13214062499999998 0.7704375 0.127 0.7674583328125 0.126171875 0.76375 0.126453125 0.7622708328125001 0.12575 0.7576458328125 0.12296875 0.7537499999999999 0.1201875 0.753 0.11699999999999999 0.7554166671875 0.11574999999999999 0.7563541671875 0.1151875 0.7581875 0.11546875000000001 0.7615416671874999
1 0.0581875 0.7420416671875001 0.053484374999999994 0.7491041671875001 0.054953125000000005 0.7565416671875 0.0473125 0.7628125 0.0481875 0.7718125 0.049375 0.7823958328125 0.061703125000000004 0.782 0.064640625 0.7710416671875 0.066109375 0.7639791671875 0.06346874999999999 0.7549791671875 0.0581875 0.7420416671875001
1 0.741625 0.8101041671875 0.752796875 0.8434166671875 0.7435937499999999 0.8837291671875 0.7435937499999999 0.8995 0.7849999999999999 0.9205208328125 0.7994687500000001 0.74175 0.764625 0.7303541671875 0.747546875 0.747 0.741625 0.7794375 0.741625 0.8101041671875
1 0.158640625 0.7651458328125 0.158078125 0.7591875 0.15640625 0.7554583328125 0.149140625 0.7524791671875 0.14465625 0.7629166671875 0.141859375 0.768875 0.1401875 0.7793125 0.141859375 0.7800625 0.15137499999999998 0.7837916671875 0.15584375 0.7852916671875 0.15528124999999998 0.7860416671875 0.159203125 0.7845416671875001 0.15753124999999998 0.7800625 0.15696875 0.7770833328125 0.158640625 0.7651458328125
1 0.264046875 0.7177916671875 0.2631875 0.7163958328125 0.26160937500000003 0.7128958328125 0.2605625 0.713375 0.259515625 0.7161666671875 0.25428125 0.7187291671875 0.257421875 0.7219791671875 0.25793750000000004 0.7287291671875 0.257765625 0.7333958328125 0.26090625 0.7326875 0.2623125 0.7357083328125 0.2631875 0.7380416671875001 0.264234375 0.7396666671875 0.26387499999999997 0.7301249999999999 0.26509375 0.7273333328125 0.26509375 0.7198958328125 0.264046875 0.7177916671875
1 0.32165625000000003 0.7867083328125 0.32315625 0.7519375 0.319265625 0.7539374999999999 0.31506249999999997 0.7575208328125 0.30876562500000004 0.7691250000000001 0.303671875 0.7739166671875 0.303671875 0.7859166671875 0.32165625000000003 0.7867083328125
1 0.25573437499999996 0.7338541671875001 0.25573437499999996 0.7396874999999999 0.25256249999999997 0.748125 0.250625 0.7539791671875 0.25403125000000004 0.7568958328125001 0.25207812500000004 0.7650208328125 0.25428125 0.766 0.26109375 0.764375 0.26475 0.7669583328125 0.271078125 0.7552708328125 0.27082812500000003 0.751375 0.268640625 0.7445625 0.262796875 0.7422916671875 0.26328125 0.7387083328124999 0.262796875 0.7325416671875 0.25890625 0.73125 0.25573437499999996 0.7338541671875001
1 0.568828125 0.8342708328124999 0.5625 0.8375 0.5610546875 0.83265625 0.3900390625 0.7971354171875 0.26875 0.7666666671875 0.2546875 0.76875 0.25 0.7791666671875 0.2515625 0.79375 0.2578125 0.8 0.26875 0.8 0.275 0.7895833328124999 0.2734375 0.7729166671875001 0.382265625 0.7955208328125 0.5609375 0.84375 0.553125 0.9 0.5578125 0.9104166671874999 0.5671875 0.9166666671874999 0.578125 0.9166666671874999 0.584375 0.90625 0.584375 0.8375 0.5796875 0.83125 0.5766015624999999 0.8358854171875001 0.56875 0.83125 0.568828125 0.8342708328124999