1 0.488073978125 0.13502990625 0.48662705156249997 0.13843865 0.4820350484375 0.1393072078125 0.4789603140625 0.14727007187500002 0.4758149875 0.1717020703125 0.475125103125 0.1733273375 0.48477426875 0.1776268578125 0.486328815625 0.1732453328125 0.49515462499999996 0.1517337875 0.496748075 0.147979853125 0.49461645781249997 0.1430521078125 0.49276723906250003 0.1360205890625 0.4902128046875 0.133527421875 0.488073978125 0.13502990625
1 0.4697999859375 0.140020815625 0.4688185359375 0.1360395953125 0.4614084390625 0.13467650625 0.456240325 0.13426508125 0.448594990625 0.13339624375 0.43951302031250006 0.15269423124999998 0.4473852921875 0.15722401875 0.44363209374999996 0.1597726296875 0.44589562968749996 0.16073344375 0.45396002500000004 0.16475067968749998 0.456978075 0.166031765625 0.4583736296875 0.164841834375 0.461786421875 0.1568017984375 0.46787685625000003 0.1445514265625 0.4697999859375 0.140020815625
1 0.279539934375 0.05642549375 0.2784755734375 0.0573146765625 0.2760032796875 0.058404021875 0.27447088124999997 0.06201412656250001 0.2747799265625 0.062484796875000005 0.2823172171875 0.06612552031249999 0.2902219546875 0.069260215625 0.2911709078125 0.0678637375 0.2897428546875 0.0636759703125 0.28751620624999996 0.0598112203125 0.284591840625 0.058009746875000004 0.28206923437500003 0.056820143749999996 0.279539934375 0.05642549375
1 0.2988848234375 0.0728864609375 0.298500665625 0.07007539375 0.29914301249999997 0.06994066875 0.2985055125 0.066767446875 0.29616972812500003 0.0633995515625 0.29581761093750003 0.06099249375 0.293295384375 0.059921871875 0.2914505765625 0.060072389062499995 0.2895338078125 0.0617709765625 0.28879356718750004 0.06303538125 0.2895074046875 0.0650697734375 0.2894249625 0.0662229859375 0.2884102 0.0672350671875 0.28799635156250003 0.06958858125 0.2911609234375 0.070524478125 0.29397009375 0.07091910312500001 0.29413013125 0.0719206265625 0.2988848234375 0.0728864609375
1 0.27508817812499997 0.031790165625 0.2775993296875 0.033246496874999996 0.2782029390625 0.0335027140625 0.2787148046875 0.032956140625000005 0.278161809375 0.0302431484375 0.2784996984375 0.02914744375 0.278286653125 0.0269521890625 0.27729694843749997 0.025208082812499998 0.2769761140625 0.0229670734375 0.2750002796875 0.0215682265625 0.27367575781250003 0.0199535890625 0.271850946875 0.021555415624999998 0.27059008281249997 0.022547904687500002 0.2702105921875 0.0241012328125 0.2698311046875 0.0256545625 0.26930719375 0.027248434375 0.268834990625 0.028660562499999997 0.26989282187499997 0.029584867187500002 0.2708413515625 0.0299874953125 0.2730552890625 0.030825409375 0.27508817812499997 0.031790165625
1 0.6074972375 0.19760413906250002 0.606393171875 0.1995458515625 0.6052534421875 0.2009122734375 0.604757953125 0.2027388765625 0.6058549 0.20339122187499997 0.6063963234374999 0.2034343234375 0.607309190625 0.2032616578125 0.6094858296875 0.20011173593749998 0.6113896750000001 0.19628586406249998 0.6118495015625001 0.19388396875 0.6127273890625 0.18851926875 0.6145997375000001 0.1854269 0.6138170171875 0.1839743453125 0.612472665625 0.18192693124999998 0.6129366593750001 0.18083383125000002 0.6129996484375 0.1793668234375 0.6118965968750001 0.1787288625 0.610710934375 0.178225578125 0.6086400671875001 0.17788972812499998 0.6082117359375 0.1795581203125 0.607267371875 0.18046428750000001 0.6060817109375 0.1799610046875 0.604206209375 0.1791649015625 0.6053986578125 0.175037059375 0.6046374937500001 0.17359365625 0.6038274453125 0.1741834015625 0.6020476421875001 0.1763984359375 0.6015164921875 0.1776497484375 0.6017638953125 0.1790448171875 0.6048536 0.1835135546875 0.602892871875 0.1887920515625 0.5999809921875 0.1996078421875 0.6003411515625 0.2006773375 0.6006496078125 0.20192857812499998 0.6026096578125 0.20126682499999998 0.6035122546875 0.199799746875 0.604513503125 0.197440953125 0.605791378125 0.1950298359375 0.607405371875 0.193864728125 0.6079570640624999 0.19520224375 0.6074972375 0.19760413906250002
1 0.423152296875 0.1017519203125 0.42272645156250005 0.10323465000000001 0.41893325781249996 0.10288063750000001 0.4177670015625 0.1046092359375 0.418982175 0.10762027968750001 0.41508076875000005 0.10901962031250001 0.41470376406250004 0.1103872859375 0.4163324078125 0.110925834375 0.4190433484375 0.1104130703125 0.4203289203125 0.113318203125 0.42215292968749996 0.11339649999999998 0.4224749890625 0.11215828125 0.42327784218750003 0.1093078875 0.42464384062500005 0.10752828125 0.424712390625 0.104909375 0.423152296875 0.1017519203125
1 0.6656705265625 1 0.42936165 0.732965934375 0.4699377 0.6866203890625 0.552339 0.648930340625 0.6419467546875001 0.65683705 0.7307164125 0.6980651796874999 0.79827710625 0.739151265625 0.874651296875 0.8282815921875001 0.952616715625 0.7071806734375 0.9313649390625001 0.5882846625 0.9367936406249999 0.475400859375 0.9065734671874999 0.3651062625 0.8251014578125 0.287985646875 0.7016920390625 0.2533227109375 0.5748981828125 0.27038692656249996 0.46908857499999995 0.3194096359375 0.31563035625 0.4244047078125 0.28706069843750004 0.529231090625 0.21349379062499999 0.5210549999999999 0.115996565625 0.5505548984375 0.07968575 0.6485646859374999 0.10561902031249999 0.7251447390625 0.1180146671875 0.7835701390625001 0.062652084375 0.845128740625 0.45733985625000007 1 0.55319628125 1 0.5209236859375 0.9670031437500001 0.52984945 0.9459753609374999 0.6123715046875 1 0.6656705265625 1
1 0.497340590625 0.13315811093750002 0.49339926875 0.13650953593749998 0.493348109375 0.137828796875 0.49539012031249996 0.1484218984375 0.49190199218749997 0.1637119640625 0.496170375 0.1655237859375 0.5028697671875 0.153277284375 0.5034759515625 0.149511665625 0.5015048859375 0.139950165625 0.502469503125 0.1376776703125 0.497340590625 0.13315811093750002
1 0.8777208015625 0.28635340781249996 0.8712783734375 0.29913334375 0.8756194734375 0.2996350546875 0.878076390625 0.30337688125 0.88347568125 0.2894582109375 0.8777208015625 0.28635340781249996
1 0.7595624421875 0.2540042859375 0.762607184375 0.255941728125 0.7673054265625 0.24787020625 0.76769279375 0.24396078281250003 0.76648561875 0.24153026249999998 0.76525856875 0.24058505000000002 0.7633381796875 0.2421123578125 0.762593940625 0.24308649999999998 0.7611003234375 0.24438757656250001 0.7632793109375 0.2468062484375 0.7606430578125 0.25145851406249997 0.7595624421875 0.2540042859375
1 0.25571718125 0.0467376953125 0.2641643078125 0.0492539015625 0.25986258125 0.045662590625 0.2609314546875 0.039428395312499996 0.2574595625 0.0375982015625 0.2527393515625 0.0387688015625 0.2515436609375 0.04284434375 0.2560262265625 0.0472083640625 0.25571718125 0.0467376953125
1 0.4575619171875 0.1224008171875 0.4595082875 0.11937381875 0.46207021875 0.1193919078125 0.46440520156250004 0.1244399265625 0.4662212109375 0.123937696875 0.46309984374999996 0.11918393125 0.4652782078125 0.11561038125 0.46241553125 0.11096642187500001 0.462181853125 0.11001851250000001 0.46036415937499997 0.1090262796875 0.45867134531250003 0.11151588125 0.4591825296875 0.11558605156249999 0.4565928453125 0.119409365625 0.4559451046875 0.12171452187500001 0.4575619171875 0.1224008171875