1 0.6482505890625 0.696554896875 0.6454845140625001 0.6938342640624999 0.6414848140625 0.694512109375 0.6395225484375 0.700922128125 0.6393109375 0.7064327328125 0.6363212078125 0.7063366906249999 0.6303710812500001 0.711971546875 0.6295970093750001 0.7152168062500001 0.6319860484375 0.7205322203125 0.6294799578125 0.7239259109375 0.6313989484375 0.7250265796875001 0.63628961875 0.7293460015625 0.6408696234375 0.72347176875 0.6419215265625 0.721008171875 0.6440653640625 0.7306149015625001 0.6474453328124999 0.7293584375 0.6479398234375 0.724603525 0.6470119671875 0.7212699984375 0.6466987953125 0.7185410562500001 0.6470569937499999 0.7144873046875 0.6475549828125 0.7111883828125001 0.644743478125 0.7087014671875 0.6470779359375001 0.7040616578125001 0.6483956265625 0.699493709375 0.6482505890625 0.696554896875
1 0.50108058125 0.7072682546875 0.496422721875 0.7126422484375 0.497757903125 0.7153542484375001 0.4993730453125 0.7154795484375 0.4987622640625 0.722879925 0.49831418281250006 0.7299346234375 0.49889353593749997 0.73285005625 0.4999270078125 0.735476459375 0.503597825 0.7382921062500001 0.504792828125 0.740087503125 0.505635840625 0.74426694375 0.5080574890625 0.746139075 0.5120602984375 0.746755440625 0.51333975 0.7454140812500001 0.51459803125 0.7416430890625 0.5099680890625 0.73098715625 0.509410271875 0.72214686875 0.5109007609375 0.7193103703125 0.5213569546875 0.7216932015624999 0.5228775421875 0.720749065625 0.5233015625 0.718567671875 0.5163773609375 0.7165210375 0.510388384375 0.71449449375 0.509556828125 0.7108293328124999 0.5083831765625 0.707286325 0.5092389749999999 0.6997718765625 0.505025315625 0.698602471875 0.502390503125 0.7015938390625001 0.50108058125 0.7072682546875
1 0.7259585687500001 0.6482460328124999 0.7272556796874999 0.64362018125 0.726862325 0.6415494078124999 0.72421235625 0.6403605531250001 0.7218664359375 0.6423570187500001 0.721500290625 0.651610609375 0.7169612484375001 0.6553906875 0.7169387406250001 0.6609111000000001 0.7245028859375 0.671948734375 0.7311193609375 0.6756603609375 0.73474125 0.677253740625 0.7358244109375 0.6750387718749999 0.7427455078125 0.67792025625 0.7442460875 0.6729027546874999 0.7402244312499999 0.6665692875 0.740809409375 0.6675723515625 0.73348486875 0.6648010953125 0.7293779703125 0.6548936359375 0.7297604359375 0.6503055984375 0.7259585687500001 0.6482460328124999
1 0.8107593015625 0.5360155796875 0.8085999484374999 0.5327121734375 0.8061516953125001 0.52827460625 0.8044497625 0.5260572703124999 0.8028453062500001 0.5282517640625 0.8014491765624999 0.5320768109375 0.8017839 0.5352680953125 0.8044818265625 0.537274778125 0.8086065609374999 0.5375914421875 0.8107593015625 0.5360155796875
1 0.7972306828125 0.616095975 0.79446054375 0.61806388125 0.7973025296875 0.6204758703125 0.8052747640625 0.6248283328124999 0.8073869265625 0.623379334375 0.8036594062500001 0.616105884375 0.802471578125 0.6109161624999999 0.7982880171875 0.6116391203125 0.7972306828125 0.616095975
1 0.1517648921875 0.3736933171875 0.152550425 0.373091403125 0.15644504374999998 0.3542017625 0.1543004546875 0.35491680312499996 0.1506912375 0.37348461875 0.1517648921875 0.3736933171875
1 0.1798669890625 0.34425533124999996 0.178052265625 0.34613945 0.1769147484375 0.3512544734375 0.176253290625 0.3567045859375 0.173424325 0.359712115625 0.1715051578125 0.36491775312499997 0.1730236125 0.3652129109375 0.1755075734375 0.363243278125 0.17678354062499999 0.3668331234375 0.1789314234375 0.3632350515625 0.17956085 0.3593418234375 0.1819022953125 0.3533558625 0.18215875312500002 0.3473688734375 0.1798669890625 0.34425533124999996
1 0.750513134375 0.616258915625 0.7483405921874999 0.6181004296875 0.7458321796875 0.6247815921875 0.74225515 0.62696995625 0.7415591234375001 0.628667275 0.7440817546875 0.6406653484375 0.7462242171875 0.6433186656250001 0.749552140625 0.6374166578125 0.74682236875 0.6327896156249999 0.7504236609375 0.6279378999999999 0.7523205 0.621946365625 0.7524004828125 0.6190782453125 0.750513134375 0.616258915625
1 0.478808240625 0.8872781609375 0.46410129843750003 0.8810506484375 0.46039900625 0.8693892249999999 0.4575298375 0.8662981984375 0.45543181875 0.8566195234375 0.4493854 0.8647150796874999 0.44908138906249995 0.8764332140625 0.45230120312500005 0.8829611703125 0.4529564796875 0.8898260875 0.46428907812500003 0.8953976953125 0.4751605625 0.8983463515624999 0.4774140875 0.9046864812500001 0.48267499531249997 0.9057090984375 0.483936959375 0.89921685625 0.49830859531250005 0.90201041875 0.50836831875 0.8988991984375 0.5162007671875 0.9046258999999999 0.5203412140625 0.8987201265625 0.5206349343750001 0.8869730421875 0.515670678125 0.8818038609375 0.5128034640625 0.883779846875 0.50721425 0.884364325 0.5024288171875 0.8834341312499999 0.490296346875 0.8895112218750001 0.478808240625 0.8872781609375
1 0.6119913890625 0.4745522109375 0.6131263953125 0.47477283281249993 0.6165329703125 0.47608180781250004 0.6193188421875 0.47640772499999995 0.618978103125 0.4749670328125 0.6186645421875 0.472076315625 0.615926234375 0.47027738281250003 0.6137169953125 0.47173446406249997 0.6115906546875001 0.4715367453125 0.610809396875 0.47391820312500005 0.610896765625 0.4741238359375 0.61101946875 0.4741476859375 0.6119913890625 0.4745522109375
1 0.55211593125 0.507031040625 0.5529676640625001 0.50420513125 0.5541611015625 0.5010952890625 0.5550648671875 0.49865679687500003 0.5539067484375 0.49519765937500004 0.5517633265625 0.49639803125000004 0.550486596875 0.49887182812499997 0.5499181375 0.5047442703125 0.549132221875 0.5073134718750001 0.54923415 0.507198534375 0.5504978796875 0.5078214796875 0.55211593125 0.507031040625
1 0.7964311859375 0.5449538015625001 0.7935031968749999 0.5450314625 0.7917245859375 0.5470573515625 0.790539490625 0.5472581953125 0.78672286875 0.5454383125 0.78252124375 0.5428967874999999 0.779033903125 0.5420033171874999 0.775017515625 0.54637009375 0.7752353609375 0.549835109375 0.7815326515625001 0.5525683906250001 0.78645049375 0.5533087203125 0.788373959375 0.5583988843750001 0.7909804406250001 0.5606303453125 0.791795871875 0.559710840625 0.7973676140625 0.5603626765625 0.7992188328125 0.5566530390625 0.7984804640625 0.5513620312499999 0.7964311859375 0.5449538015625001
1 0.7712869140625 0.471882303125 0.76771454375 0.47388292187500003 0.7646275234375 0.46519781406250005 0.757295084375 0.4619758515625 0.75542476875 0.4634089796875 0.7499626453125 0.45875389375 0.745717228125 0.4642170421875 0.7426302078125 0.45553193125 0.7339516734375 0.4592350328125 0.733427453125 0.453743096875 0.7268069328125 0.4632362703125 0.664523403125 0.48885982656250004 0.37921248125 0.4007819953125 0.199754996875 0.33316382031249997 0.208792684375 0.3194242171875 0.2036670859375 0.3130378671875 0.199065709375 0.31214345 0.1914161828125 0.3187415859375 0.19067843906249998 0.3307257609375 0.18176694843750002 0.3438161421875 0.18160188125 0.328287703125 0.172525321875 0.3258496453125 0.1641544359375 0.3267102171875 0.1643321390625 0.318867015625 0.072074684375 0.336176521875 0.06679081875000001 0.34572220468750003 0.0637037984375 0.33703709531250003 0.05450104375 0.3352482609375 0.0478805234375 0.34474143437500004 0.045861379687499995 0.355129021875 0.0484436140625 0.36641102812500004 0.057646370312499993 0.3681998625 0.08881645625 0.3344553765625 0.1474126625 0.328431365625 0.1541392484375 0.3303608078125 0.143985228125 0.358032259375 0.1353844359375 0.394090684375 0.1395004625 0.40567082968749996 0.14716942500000002 0.40716152499999997 0.153285159375 0.40026525 0.16951604375 0.349519859375 0.1807768125 0.357098765625 0.179786675 0.3703813921875 0.1976874 0.3765559578125 0.20380313437500003 0.3696596828125 0.38662034843750004 0.40361591093750004 0.6236720703125 0.4943012875 0.629285046875 0.498180290625 0.6226645265624999 0.5076734625 0.620645384375 0.5180610515625 0.62322761875 0.5293430578125 0.6324303734375001 0.5311318921875 0.6385461078125 0.5242356171875 0.641574821875 0.5086542328125 0.6384878015625 0.49996912499999996 0.6558448703125 0.492562925 0.7247877890625001 0.47362385937499996 0.727370025 0.48490586562500004 0.7365727796875 0.4866947 0.7426885140625 0.4797984265625 0.74678510625 0.4832897390625 0.749367340625 0.494571746875 0.7585700953125001 0.49636058125 0.7646858296875 0.48946430625000004 0.7687824203125 0.4929556203125 0.766763278125 0.5033432109375 0.7693455124999999 0.514625215625 0.7785482671875 0.5164140500000001 0.784664003125 0.5095177750000001 0.7876927171875 0.49393639218749996 0.784605696875 0.48525128281249996 0.7779463046874999 0.47856679375000005 0.775402940625 0.4834624484375 0.7712869140625 0.471882303125