1 0.5140809265625 0.1728697015625 0.4841242375 0.153025359375 0.4849328203125 0.1372440734375 0.4802070609375 0.1309139234375 0.49453251875 0.127712390625 0.49936746093749995 0.11406072812500001 0.48867213437499996 0.10322591249999999 0.47361741718749995 0.1044072046875 0.46254627656249997 0.11883185624999999 0.45895391406249997 0.1284192234375 0.44891443906250006 0.1502830609375 0.44995769374999994 0.1621699796875 0.45350727500000004 0.163696346875 0.4744759625 0.1714469109375 0.47958455781250003 0.15698027187500002 0.5065855499999999 0.1799240046875 0.5140809265625 0.1728697015625
1 0.808210440625 0.2242505734375 0.8076496499999999 0.2209583859375 0.8078793984375 0.2133983453125 0.7971381703125 0.20767992031250002 0.7877003640625 0.2113954234375 0.785136878125 0.22482655937499998 0.7801894015624999 0.2410090296875 0.7726273921875 0.24876187500000002 0.764326653125 0.2521224390625 0.770086303125 0.2621998578125 0.7937478453125 0.2697933734375 0.7986620109375 0.26052842656249997 0.8121925734375001 0.24350621718749998 0.8107244687499999 0.233008928125 0.808210440625 0.2242505734375
1 0.4080692015625 0.09091901718749999 0.409822871875 0.08117797812500001 0.4021438640625 0.07585658437500001 0.3952283265625 0.0786112953125 0.39274561406249997 0.08136512343749999 0.3949303875 0.0887973953125 0.3859337046875 0.093072575 0.3854814421875 0.0945518578125 0.39118449375000003 0.1117030703125 0.39060744375 0.1228822078125 0.39384894375 0.12413465625 0.3986412140625 0.11911324375000001 0.39513764375 0.106702875 0.39671426875 0.1055510046875 0.4019329625 0.11363307656249999 0.4056769734375 0.1066736234375 0.4083977984375 0.1137142578125 0.41825188124999996 0.11592634531249998 0.41578030625 0.10678883593749999 0.415565034375 0.1034879125 0.414728471875 0.095650884375 0.4080692015625 0.09091901718749999
1 0.3471138359375 0.113833 0.358730503125 0.10795700625 0.3686674796875 0.10156748125 0.37381630781249997 0.10683423437499999 0.3827702125 0.11367279062499999 0.3847588703125 0.10116062031249999 0.372156546875 0.0821451734375 0.37399957968750003 0.074114365625 0.3769781171875 0.0643720109375 0.3632942234375 0.0569043 0.355509478125 0.060259229687500006 0.3483943859375 0.0675114921875 0.3429522984375 0.0732165390625 0.3291722578125 0.0841660875 0.33663689375 0.0958758203125 0.34130204062499997 0.1067296640625 0.3471138359375 0.113833
1 0.2916843046875 0.05659468125 0.28813405 0.050264462499999996 0.28113950625 0.037097234374999996 0.28003162812500004 0.0304680328125 0.27225323437500004 0.0301976625 0.2667425109375 0.0353262 0.26175391875 0.051643150000000006 0.255416565625 0.077498153125 0.25061740625 0.121551171875 0.2594991078125 0.1284656875 0.26486364687499997 0.12381530156250001 0.2695598671875 0.10845465624999999 0.27145671562499996 0.09960701562499999 0.27121626249999997 0.092703828125 0.27830964375 0.113237453125 0.28217466406249997 0.118618215625 0.28938981406250003 0.1078346546875 0.28600100781250004 0.0957698125 0.29021031875 0.0923347765625 0.292192175 0.0703929625 0.2916843046875 0.05659468125
1 0.9040037062499999 0.2573608234375 0.8994487640625 0.26328808125 0.8963788609375 0.27332928125 0.88629101875 0.279411259375 0.8902843984375 0.28429207968750003 0.8902344875000001 0.2934266234375 0.9109172531249999 0.2796040734375 0.9190038359375 0.2710966265625 0.9165454078125 0.2611952078125 0.9040037062499999 0.2573608234375
1 0.9001390234375 0.260950240625 0.9015418296875 0.2587648921875 0.8998961203125001 0.2561376875 0.8963584593749999 0.2548927265625 0.8943294609375 0.2567232390625 0.8934614812499999 0.25956226875 0.8890558437499999 0.2611563375 0.8881510953125 0.262513621875 0.8839973859375 0.2713738453125 0.8811794093750001 0.28211294531250003 0.8804763375 0.287616621875 0.8872363328124999 0.2903369171875 0.890087628125 0.285816796875 0.8945656874999999 0.2791798 0.8957445359375 0.27692598125 0.8992766203125001 0.27098010625 0.9013234453125 0.26588725625 0.8993668671874999 0.262674840625 0.9001390234375 0.260950240625
1 0.8755963796874999 0.29965330625000003 0.8689869124999999 0.29155450625 0.8804163812500001 0.2673870296875 0.8778539984375 0.262551575 0.8915804484375001 0.25730426875 0.8964589593750001 0.24799574375 0.88723730625 0.238428421875 0.8727849375 0.2394017375 0.8647725609375 0.249108275 0.84973088125 0.25529326874999997 0.8456061421875001 0.2621363203125 0.8636557015624999 0.315560378125 0.8611161578125 0.3073660859375 0.866670340625 0.3090641703125 0.8770527859374999 0.308186346875 0.8755963796874999 0.29965330625000003
1 0.32170085 0.11557272968750001 0.330090953125 0.1172065234375 0.33438081875000003 0.10477702343749999 0.3285774921875 0.09612407656250001 0.3310224296875 0.0912509765625 0.3299446375 0.0840427703125 0.339080371875 0.07402612187499999 0.3371478625 0.069693678125 0.331158796875 0.0662941 0.33428029062500003 0.0591279859375 0.3302891390625 0.053839373437500004 0.3226781140625 0.0771318984375 0.3209394921875 0.0997199390625 0.32170085 0.11557272968750001
1 0.44594378125 0.10192657499999999 0.4447103375 0.1059609859375 0.43890969375 0.1099551953125 0.43753396875000006 0.12278546875 0.442457721875 0.1232614578125 0.447157846875 0.116218525 0.45115879999999997 0.11642872500000001 0.4537709875 0.117897246875 0.4560905796875 0.122004915625 0.4599953765625 0.12421174531250001 0.45938433125 0.11451567031250001 0.45837495625 0.1128509421875 0.4547677640625 0.1046243375 0.44594378125 0.10192657499999999
1 0.6649394328125 0.1714128 0.6596943359375 0.170626159375 0.6549279125 0.174201309375 0.6558761171875 0.17638652187499998 0.6527071546875 0.17746003906250002 0.64493779375 0.189495646875 0.6480530515625 0.19003960312499998 0.6570498453125 0.1832809390625 0.6630071531249999 0.18510227031249998 0.6650747031249999 0.18114314375 0.6634578531249999 0.1789822515625 0.6672993609375 0.176349746875 0.6649394328125 0.1714128