1 0.22267814531250002 0.7769076640625 0.21722060625 0.7690077203125 0.2035662515625 0.7705590203125 0.2006456515625 0.76935235 0.2005269625 0.7603064109375001 0.2108270328125 0.7530071265625 0.2179052046875 0.7484742078125 0.2158717078125 0.7453246859375 0.20910852812499997 0.7453529796875 0.1983050171875 0.7491085125 0.19481121875000001 0.74535565625 0.1820439671875 0.7449641031249999 0.174323928125 0.7479328125 0.173729909375 0.75642769375 0.1730661328125 0.7659201390625 0.17226393281250002 0.7773921265625 0.1777901375 0.784310090625 0.184262775 0.7887724703125001 0.1897051671875 0.7861457125 0.2077753 0.7859056375 0.21803227656250002 0.7896302000000001 0.23083440781250003 0.7895229703125 0.23182614375 0.7860837734375 0.22267814531250002 0.7769076640625
1 0.84840378125 0.7891953843749999 0.839240853125 0.7812399578125 0.826785984375 0.7783954703125 0.82114266875 0.7805382828125 0.8167227609375001 0.783314853125 0.81629114375 0.78948728125 0.8179143609375 0.7904465984375 0.82211955 0.7907406531250001 0.8208676031250001 0.7965581187499999 0.82653905625 0.800056009375 0.8281019281249999 0.8139645359375001 0.833046315625 0.8154380281250001 0.8353058624999999 0.8133405359375001 0.834603646875 0.7992102562500001 0.8390442625000001 0.7961375328125 0.8524845328125 0.8151056593750001 0.8519659171875 0.816479078125 0.8599950140624999 0.8164766546875001 0.85990801875 0.8116776453125001 0.851586128125 0.803781028125 0.84840378125 0.7891953843749999
1 0.569084796875 0.74651335625 0.565518303125 0.7448072890625 0.5637676046875 0.7480211203125 0.56138721875 0.75117525625 0.5627237375 0.7538844609375001 0.5644012109375 0.7577609187500001 0.5646407984375 0.76037775625 0.5657267296875 0.763648975 0.567655978125 0.76392485 0.5696975937500001 0.7595722890625 0.571927565625 0.75856915 0.5723116 0.7564344890625 0.57183948125 0.753785728125 0.5737676406250001 0.7540771890625 0.5759779968750001 0.753354615625 0.571981275 0.74873644375 0.569084796875 0.74651335625
1 0.87813506875 0.7736063609375 0.8772972578125 0.7711513125 0.87629216875 0.7684026296875001 0.8768560875 0.7660456 0.8733459828125 0.7648760234374999 0.8708060921874999 0.7669539125 0.867896134375 0.77700979375 0.8691311031250001 0.7794926140625 0.8678943718750001 0.7827423859375 0.8774963609374999 0.78274030625 0.8760003796875001 0.781304328125 0.876815503125 0.7780407390625 0.87813506875 0.7736063609375
1 0.9010532015624999 0.7758824671875 0.9023679781249999 0.7735309546875 0.9030169546875 0.77230761875 0.9012499640625 0.770382796875 0.90069206875 0.76996786875 0.9015169999999999 0.766563996875 0.9006746859374999 0.7648448015625 0.8944382671875 0.7660690031249999 0.8939216906249999 0.7680847546875 0.8938235953125 0.769487578125 0.892847734375 0.7723640125 0.89313324375 0.77365269375 0.894214771875 0.7746367843749999 0.8941166765625 0.7760396078125 0.893663315625 0.7771513171875 0.8917170015625 0.7804767734375 0.891503371875 0.7835318140624999 0.8915834531250001 0.785072403125 0.8949463281250001 0.7836472640625 0.8957478984374999 0.7802417578124999 0.8967858296875001 0.7818493265625001 0.8968561015625 0.7835301968749999 0.8981315406249999 0.7847627953125 0.8990708609375 0.785094753125 0.9015298093749999 0.7855173093750001 0.9034901953125001 0.785012203125 0.9025231093749999 0.782391484375 0.901107125 0.77779714375 0.89936036875 0.775247209375 0.9010532015624999 0.7758824671875
1 0.89176251875 0.765725265625 0.8914758203125001 0.767475153125 0.890668140625 0.7689536640625 0.8897706124999999 0.7713813453125 0.8900229484375 0.7728086734375 0.889182571875 0.7747547921875 0.887648959375 0.77654279375 0.88703585 0.780274740625 0.8868788984375 0.7825192609375 0.8872690859375 0.7846610703125 0.8874326203124999 0.78467250625 0.8895989046875 0.7842444515625 0.8910420531250001 0.783750165625 0.8923396765625 0.7803010312499999 0.8929925390625 0.7786863890625 0.894421 0.7757163 0.8942361968749999 0.770973103125 0.8940743265625001 0.768252059375 0.8935293234374999 0.7659741171875 0.89176251875 0.765725265625
1 0.43571690625 0.7518637406249999 0.43657737656249995 0.749966015625 0.43718005781249997 0.746718896875 0.43581069843750003 0.7451508062500001 0.4313994671875 0.7454532046875 0.42807805312499997 0.7486355171875 0.42623830937499996 0.7541299421875001 0.426512446875 0.7552455328125001 0.43056452656250005 0.7550433234375 0.4334875921875 0.754871809375 0.43574249218750005 0.7541836765625 0.43571690625 0.7518637406249999
1 0.906136284375 0.7817513421875 0.9041440046875 0.78405548125 0.9084238703124999 0.7883175359375 0.9130629421875 0.7871069421875 0.90825418125 0.7840296296875 0.916366628125 0.7855210328125 0.9178300109374999 0.7844016359375 0.918126475 0.7801619890625 0.9146727203125 0.7771794265625 0.9084032296875 0.7755192953125001 0.9068984296875 0.7772309953125001 0.9080217484374999 0.7809747234375 0.906136284375 0.7817513421875
1 0.90169216875 0.7808453796875 0.9038168921875 0.7816831328125 0.9060971890625 0.781638965625 0.9073132546875 0.7810348234375 0.9069908312500001 0.77960259375 0.9066584546875 0.7789841515625 0.9042924812500001 0.77823916875 0.9010412546875 0.7784034 0.9006791625 0.7795528171874999 0.90169216875 0.7808453796875
1 0.202541853125 0.72578474375 0.19911610625 0.72139445625 0.19687078593750001 0.717916859375 0.1958058921875 0.715351953125 0.1920335421875 0.7159183125 0.1852071328125 0.7245725828125 0.187048084375 0.7338329328125 0.19064713125 0.735744896875 0.19188532656249999 0.73583148125 0.198365134375 0.73213385625 0.1996610953125 0.73139433125 0.202541853125 0.72578474375
1 0.9410252187499999 0.7867441078125 0.9464211171875 0.7881395312499999 0.9516833390625001 0.7870821546875 0.9515983234375 0.7882979359375 0.956761359375 0.7886589703125 0.95709340625 0.788274946875 0.9557874046875 0.7851293078125 0.9556820671875 0.7822712484375 0.95787886875 0.7814067578125 0.9567003921874999 0.7764374468749999 0.9568704234375 0.774005884375 0.9585731640624999 0.771477878125 0.9583828109375 0.7698356000000001 0.9526265281249999 0.769229459375 0.949984325 0.7720990140625 0.9471517671875 0.7733262890625 0.9469453796874999 0.7806422140625 0.947947671875 0.783766615625 0.9450867765625001 0.7853991515625001 0.9410252187499999 0.7867441078125