1 1 0.125236278125 0.9928582859375 0.1330808015625 0.9800834046875 0.1410434796875 0.9656914796875 0.174903334375 0.963172759375 0.20164989218749999 0.955897703125 0.2141991671875 0.953653603125 0.23336592500000003 0.9747247890624999 0.2589970265625 0.9751201937499999 0.238321878125 0.97223304375 0.22561367968749999 0.975162246875 0.20660509062500002 1 0.1628739296875 1 0.125236278125
1 0.62842058125 0.08843360156249999 0.6386185125 0.0355790671875 0.6327546046875 0.0174967609375 0.578692290625 0.0050154921875 0.5574907953125 0.035933228125 0.54634735 0.0755183453125 0.5437857625 0.0779313578125 0.58562016875 0.07655742343750001 0.6220132765625 0.0929872 0.62842058125 0.08843360156249999
1 0.5109341734374999 1 0.5122780140625001 0.9959653140625001 0.522334959375 0.9524038984375001 0.50369046875 0.9215405562500001 0.4899274921875 0.9183631218749999 0.46115703906250005 0.9225908687500001 0.4577404609375 0.9181667625 0.47315769531249996 0.9072328703125001 0.4942796828125 0.8855503421875 0.5094460296875 0.840765003125 0.5079058468750001 0.777629415625 0.4850310125 0.7650897062500001 0.4284262015625 0.7520214562499999 0.4198411609375 0.7403772828124999 0.41360432031250005 0.753430634375 0.410944184375 0.745990490625 0.41197863281249997 0.739391290625 0.4110260125 0.736467396875 0.4041161046875 0.738405296875 0.384544121875 0.7380929140625 0.3515153453125 0.7262614562499999 0.3184255734375 0.720737178125 0.30149763281249997 0.724183834375 0.29453673281250004 0.733080178125 0.27774764375 0.775447884375 0.2712096 0.7854994015625001 0.2669077265625 0.7950336640625 0.2574533375 0.8086180531249999 0.2565314078125 0.8126113734375 0.2576734375 0.838087984375 0.26637002656250003 0.861126571875 0.2688923171875 0.880624609375 0.2658998734375 0.8920234671875 0.24816660468750001 0.8853095812499999 0.23457283593749997 0.8895259921875001 0.1905333375 0.8919771640624999 0.17641356875 0.9318125187499999 0.18828101875 0.94118605625 0.314111778125 0.9702363765625 0.3148756640625 0.966927625 0.31058573125 0.949112559375 0.3145255046875 0.92899130625 0.3210660609375 0.9173660625 0.3304012125 0.91794694375 0.3274291421875 0.92776418125 0.3229209875 0.93513571875 0.32920030625 0.9565586875 0.32995974375000003 0.9714676109375 0.3636172703125 0.9740464531249999 0.372204465625 0.9529311125 0.3772624171875 0.952728825 0.37378300625 0.9668273781250001 0.3756134296875 0.96681733125 0.37787211875 0.9849566109375001 0.44303219687500006 1 0.5109341734374999 1
1 0.126859503125 0.5643142375 0.097059721875 0.6092062890625 0.1004880453125 0.6083874203125 0.10801176718750001 0.6085140484375 0.1162534546875 0.6476233203125 0.137755025 0.7416138234375 0.143508640625 0.749407625 0.15017360625 0.7299155328125 0.1640808625 0.66029954375 0.180564446875 0.61230916875 0.1875656609375 0.549198665625 0.1957701921875 0.50900715 0.183777609375 0.5094832015625 0.1699860171875 0.5224748671875 0.1524078671875 0.53783709375 0.172467328125 0.51172713125 0.15101963125 0.539126953125 0.126859503125 0.5643142375
1 0.81836786875 1 0.7878116125 0.9535819156249999 0.6739241953125 0.847516021875 0.6649793734375 0.8401391609375001 0.6012617921875 0.93178466875 0.5919962328125 0.9642082015625 0.618756365625 0.9943013125 0.6220518109375 1 0.81836786875 1
1 0.7177185109375 0.05845550468750001 0.7176531203125001 0.045749809375 0.71927045 0.038744384375 0.6631205859375 0.02537256875 0.6637877578125 0.0283867890625 0.662528665625 0.0338405234375 0.6555755000000001 0.036729846875 0.654102296875 0.037206928125 0.6493504031249999 0.057789640625000006 0.643532840625 0.07118014375000001 0.6419155125 0.0781855671875 0.6445439421875 0.084512771875 0.6503829609375 0.0911726 0.6595356609375 0.08347929531250001 0.6641647875000001 0.088225403125 0.6738512140624999 0.0994749 0.6781274703125 0.1069997328125 0.673917378125 0.1146083328125 0.6675168390625 0.12336965625 0.66815443125 0.1300544375 0.67476908125 0.126269765625 0.6864149796875 0.1101388515625 0.69424933125 0.1139905484375 0.6946568656250001 0.10632125781249999 0.7136848265625 0.0984322078125 0.7157499515625 0.08948717187500001 0.718506559375 0.07990861406250001 0.7177185109375 0.05845550468750001
1 0.2091453171875 0 0.20981384687500002 0.0142635578125 0.22714728750000002 0.05261163437500001 0.2709600640625 0.025928681250000002 0.27370599218749997 0.006949884375 0.274710090625 0 0.2091453171875 0
1 0.23333481875 0.8721751624999999 0.2535532875 0.8730213625 0.23869366875 0.8103439203124999 0.263598784375 0.7797764953125 0.285394134375 0.7351035015625 0.25860640468749996 0.696447478125 0.24026814531250001 0.665438515625 0.2229490984375 0.7073233453125 0.19515074062499999 0.7448660140625 0.20720933593750002 0.8030751890625 0.23333481875 0.8721751624999999
1 0.5205565796875 0 0.518421603125 0.0026858875000000003 0.5207659859375 0.015869659375 0.52018846875 0.021288465625 0.5169791375 0.022061751562500002 0.5046563984375 0.038901671875 0.488688515625 0.084727759375 0.4890579625 0.09187941093749999 0.5070888828125 0.10866066875 0.509019353125 0.107592134375 0.51880974375 0.10026236875000001 0.5231132125 0.09620850625 0.5300040296875 0.0896995046875 0.5452387140625 0.0805982171875 0.5548202171875001 0.044930765625 0.554659853125 0.0383321265625 0.5537616062499999 0.030553653125000003 0.53845181875 0.022476453125 0.538592078125 0.0189516203125 0.5399196578125001 0.013201240625 0.542132290625 0.003617271875 0.5415610828124999 0 0.5205565796875 0
1 0.1209747828125 0.40559702499999994 0.13741742031249998 0.4264100453125 0.14464685 0.4220462484375 0.1483470390625 0.42345331562500005 0.150733184375 0.416312928125 0.1544844625 0.3968692140625 0.1561366421875 0.3785993140625 0.1536806140625 0.352771275 0.1455676796875 0.3355397484375 0.1311251578125 0.3283597921875 0.1051167265625 0.32675371875 0.0938074578125 0.334550021875 0.0870839171875 0.3461690734375 0.08004046406250001 0.3703567953125 0.08116741718750001 0.374991384375 0.0992041859375 0.38410675781250003 0.1209747828125 0.40559702499999994
1 0.7537315703125 0.18829187187500002 0.765109659375 0.2072867 0.7771849875 0.18644788125 0.7884260109375 0.174501765625 0.790905340625 0.1532742140625 0.79488808125 0.1360230734375 0.7926227203125 0.1300681125 0.7911733453124999 0.1206481828125 0.791305003125 0.104310590625 0.786038090625 0.09037999375 0.7666557109375 0.11133448593749999 0.7513391 0.1514223015625 0.750456028125 0.1657357046875 0.7537315703125 0.18829187187500002
1 0.814432415625 0.1498609046875 0.8178508796875 0.1426944609375 0.8201741453125001 0.13263129375 0.8213384125 0.1275883015625 0.821476546875 0.1117088734375 0.820366121875 0.1088086375 0.8186914234374999 0.10842200312500001 0.810680271875 0.1277715515625 0.80842080625 0.129917821875 0.7981501890625 0.1514136421875 0.7997019765625 0.1676832203125 0.800743334375 0.1785231703125 0.800163834375 0.18103325625 0.8011846984375 0.19189251093749998 0.805836496875 0.17174335937500002 0.8092701859375 0.1645804296875 0.8110139515625001 0.1570273515625 0.814432415625 0.1498609046875
1 0 0.8977179578125 0.00234380625 0.8982590687500001 0.015635065625 0.8893099859375001 0.0160458859375 0.9014224421874999 0.05258476250000001 0.9098581078124999 0.0582057578125 0.9063487718750001 0.0613086625 0.899854565625 0.0673984765625 0.9012605109375 0.0709122015625 0.9068787625000001 0.0708542015625 0.9140759390625 0.10282571874999999 0.921457146875 0.10844671406249999 0.9179478109374999 0.1115496203125 0.9114536046874999 0.115822159375 0.88600125 0.1108439796875 0.872834334375 0.110959978125 0.8584399796875 0.1059817984375 0.845273065625 0.09889635 0.8412337375 0.0979587140625 0.831403178125 0.104164525 0.8184147656249999 0.10925870156249999 0.8171873265625 0.11950505625 0.8075352718750001 0.1226079609375 0.8010410671875 0.1341979453125 0.7508393296875 0.12927776562499999 0.7304752375 0.1237147703125 0.726787396875 0.124942403125 0.70063206875 0.12195549531250001 0.6927319203125 0.1225983109375 0.67605566875 0.10736895312500001 0.610048109375 0.0992298703125 0.6105725765625001 0.09876105156250001 0.605657296875 0.08699224531250001 0.614957865625 0.07926398125 0.6275947890625 0.0670843546875 0.6247829015625 0.040970653125 0.6475963499999999 0.036403293749999996 0.646541890625 0.0297286640625 0.654615021875 0.0190714921875 0.65215461875 0.010405590624999999 0.6549609828125 0 0.6512604546875 0 0.8977179578125