1 0.7673609046875 0.8393138640625001 0.7645719171875001 0.839526034375 0.7621413875 0.8443322546875001 0.7618260875 0.8482341953124999 0.7553997156250001 0.8668528359375 0.752036540625 0.875095890625 0.7486283265625 0.8869241078125001 0.7472840015625 0.8875718234375001 0.7530139890624999 0.88898876875 0.7646998390624999 0.8633381218749999 0.7702809828125 0.8479903656250001 0.7673609046875 0.8393138640625001
1 0.805638234375 0.8420328874999999 0.8090424078125 0.8371323109375 0.8070341421875 0.8349853578124999 0.8044193875 0.835626834375 0.8022449921874999 0.840389484375 0.797377984375 0.8435776875000001 0.7950154921875 0.8484635515625 0.7946730640624999 0.8527093296875 0.79239558125 0.8604740906250001 0.7921118890625001 0.8632218625 0.7853041484375 0.87650064375 0.7819515625 0.8792402453125 0.7820480234375 0.8803726265625 0.78977576875 0.8838813 0.7906101453125001 0.8815957171875001 0.7990086953125 0.8628496906249999 0.8036162906250001 0.854754128125 0.807033290625 0.84394493125 0.805638234375 0.8420328874999999
1 0.7849640171875001 0.8535883859375 0.7885254515625 0.8463178671874999 0.7907143984375 0.838921640625 0.7903290703125 0.8349507421875 0.7934322375 0.8310392140625 0.793150003125 0.828305040625 0.790924790625 0.8275889328125 0.7883592125 0.8291142828125 0.78682506875 0.8308490093750001 0.78723675 0.8336381296875001 0.786972434375 0.8361403062500001 0.7854034109375 0.8383171062500001 0.7825792046875 0.8442507156250001 0.7817033999999999 0.8455541875 0.7788699718750001 0.8443514671875001 0.7775269390624999 0.84639575625 0.7795109171875 0.8477201671874999 0.7769896125 0.8533000875000001 0.775758634375 0.859199278125 0.775368146875 0.8623586 0.772641609375 0.8721410046875 0.7717485828124999 0.8746047484374999 0.7698733828125001 0.8764231468749999 0.7708817375 0.878526396875 0.7729918875 0.8791936625 0.772865715625 0.8798508078125 0.7770560328125 0.8699790390625 0.7798475078125 0.8611633421875 0.783062465625 0.8565885640625 0.7849640171875001 0.8535883859375
1 0.8191567546874999 0.8307396671875 0.8120614406250001 0.8425765046875 0.8051214140624999 0.856966715625 0.8009329078125 0.8687936859375001 0.8090803390625 0.8710337171875 0.813088071875 0.8615920906250001 0.822166328125 0.8499624078125001 0.8275069281249999 0.837380740625 0.8264058109375 0.8282579968749999 0.82213848125 0.82271543125 0.8191567546874999 0.8307396671875
1 0.8512502453125 0.8571044359375 0.85182789375 0.8641013125000001 0.8449633125 0.8795134578124999 0.8462396968749999 0.8901827687500001 0.8560268359375 0.8663659203125 0.8596743140625 0.86309155625 0.8603894046875 0.8576079406250001 0.8619766875 0.8553881249999999 0.8621190437499999 0.8482146109375 0.8644999671875 0.8448848874999999 0.8642692296875 0.837070740625 0.8612893890625 0.8372526625000001 0.8588871984375 0.8444314593750001 0.8589346499999999 0.8420402875 0.85422025625 0.8463085609375 0.8512502453125 0.8571044359375
1 0.6784569546875 0.6766195515625 0.6787107625 0.6740621515624999 0.6800605953125001 0.6694825234375 0.6796831937500001 0.667012540625 0.67468174375 0.6703975 0.673724984375 0.67461095 0.6729328109375 0.678716584375 0.6710704468750001 0.6831040390625 0.6690990515624999 0.68830820625 0.6678866734375 0.69312385625 0.6710987937499999 0.69395429375 0.6738641750000001 0.686599690625 0.6769521828125 0.6818441156249999 0.6784316359375 0.678918590625 0.6784569546875 0.6766195515625
1 0.8781576093749999 0.8638556015625 0.880421659375 0.8585218343750001 0.8825670296875 0.8534676609374999 0.8818192890625 0.8505105093750001 0.88303855625 0.8460785187500001 0.8825662390625 0.8399132046875 0.8781685234375001 0.8403562687499999 0.87471190625 0.8521385578125 0.874305484375 0.8536158875 0.8726585171875 0.85489660625 0.8688986468750001 0.8595954359375 0.8650738421874999 0.8675663921875 0.864685334375 0.8700412359374999 0.8614214625000001 0.8782502953125 0.85898835 0.8845022078125 0.8586323109375 0.8853409843750001 0.8600777484375 0.886614475 0.8620951390625 0.8845010828125 0.863647109375 0.880844871875 0.8657833484375 0.87581220625 0.8680328453125 0.8731120156250001 0.8672646171875 0.8790807203125001 0.8645258468750001 0.88553285625 0.8626952640625 0.8903652984375 0.8638350453125 0.891839015625 0.868261865625 0.8861287953125 0.870490084375 0.8788000046875 0.872516775 0.8740254234375 0.8753417578124999 0.8689297578125 0.8781576093749999 0.8638556015625
1 0.7798333578125 0.8360035234375 0.7773257359375 0.8309540875 0.77347120625 0.8279980609375001 0.7692007859375 0.8318202343750001 0.7670554171874999 0.8368744093749999 0.7682722796875 0.8397261046875 0.76840870625 0.8430837062500001 0.768877490625 0.8482576140625 0.7697203984375001 0.850950575 0.7721567031250001 0.8509694343750001 0.7753138749999999 0.850329759375 0.7790974265624999 0.8429758453125 0.7798333578125 0.8360035234375
1 0.513367103125 0.6455809703125001 0.5144726953125 0.6496545453125 0.5119545734375001 0.6530275609375 0.5092066749999999 0.6595012046875001 0.5116196421875 0.6611346234375 0.51481676875 0.654242490625 0.517926653125 0.649115465625 0.521092775 0.6426162890625 0.5204786140625 0.6399442796875 0.5213348671875 0.63728725 0.5199264625 0.636486359375 0.5176786015625 0.6395425953125 0.516312228125 0.6389626046875 0.513367103125 0.6455809703125001
1 0.5316147515625 0.6374627312500001 0.5313266609375 0.63546215625 0.529773309375 0.6348027968750001 0.528221165625 0.636859853125 0.5260154203125 0.6388171453125 0.5238237125 0.6418210703125 0.521948 0.647319678125 0.52261564375 0.6484660703125 0.524729928125 0.64936353125 0.52845181875 0.645993840625 0.530779771875 0.6405095249999999 0.5316147515625 0.6374627312500001
1 0.487045034375 0.6300929328125 0.4854334640625 0.63149020625 0.48490087031250007 0.6336246828125 0.48419791874999996 0.6352807312500001 0.48340367500000003 0.6371518515625 0.4823701765625 0.6389467953125 0.4822697546875 0.6391833734375 0.48087117187499995 0.6405187609375 0.48036906406249996 0.6417016531249999 0.47952004531250003 0.6437018140624999 0.478671803125 0.6465399203125 0.4782255046875 0.6487110296874999 0.47874156718750005 0.649894609375 0.48045235625 0.64978318125 0.4818630828125 0.6488590656250001 0.48250927812500005 0.6480165390625 0.48337345468750004 0.6468604265625 0.4843948109375 0.6446542109375 0.48459565312499997 0.644181053125 0.4856770375 0.641873409375 0.48623693437500004 0.6409942515625 0.4872035140625 0.6389170796875 0.4878943203125 0.6368497609375 0.48821091406250006 0.6343443921875 0.48840994687499995 0.6319160328125 0.48810988593750004 0.6311033453125 0.487045034375 0.6300929328125
1 0.47001957499999997 0.6270541265625 0.46676224531250005 0.6324485328125 0.46394252031249994 0.641810646875 0.465768203125 0.6443877421875001 0.4687476109375 0.64232735 0.47051162187499995 0.64041099375 0.47169997343750003 0.6392909546875 0.47319045156249995 0.6369792828125 0.47471864999999996 0.633059159375 0.47459824375000004 0.630063709375 0.47424099531249997 0.6281860734375 0.47525072343749997 0.6261272171875001 0.47482078281250006 0.6233811109375 0.4743381390625 0.622998565625 0.47341126093749997 0.6227828046874999 0.47001957499999997 0.6270541265625
1 0.8078102875000001 0.8220398953125001 0.8086810968749999 0.8209881234375 0.805514965625 0.8190096265625 0.8033693328125 0.8195456468750001 0.8024837984375001 0.8216318375 0.80295326875 0.8247246921875 0.8027341671875 0.8252408640625 0.8013773546875 0.8265178359375 0.800643484375 0.8272469984375 0.7997579484374999 0.8293331890625 0.8014835515625001 0.8311063359374999 0.8019271828125 0.8317007625 0.802990053125 0.8333956546874999 0.8056814593749999 0.8322536859375 0.8086011859375001 0.8334930359375001 0.8094830203125 0.833055121875 0.8106444125 0.8296392359375 0.8102298906250001 0.8280164937500001 0.8072862203125 0.824914075 0.8078102875000001 0.8220398953125001
1 0.7447945578125 0.6956236609374999 0.6883091578125 0.6905991140625 0.136879565625 0.46769932968749994 0.13256469843750002 0.4658677765625 0.1304632359375 0.454822859375 0.10993963437500001 0.45118755781250003 0.10197307656250001 0.45795885312499995 0.0959701703125 0.4681018984375 0.0919309203125 0.48161668750000003 0.0929816515625 0.487139146875 0.1016113859375 0.4908022515625 0.12592448750000002 0.49350787656249995 0.13297812343749998 0.48888729218750004 0.13845566250000002 0.47598301718749997 0.144071009375 0.470751915625 0.5093963734375 0.6258233328125 0.5014298140625 0.6325946296875 0.4926881390625 0.6491898093749999 0.492438390625 0.661774925 0.5010681234375001 0.665438028125 0.508121759375 0.6608174421874999 0.5190768375 0.6350088953124999 0.525194753125 0.6328279625000001 0.6312633671875 0.6826292515625 0.6232968078125001 0.68940055 0.6192575578125 0.7029153406249999 0.6203082890625 0.7084378 0.628938021875 0.712100903125 0.6359916578125 0.70748031875 0.6414691968749999 0.6945760453125 0.6398931 0.68629235625 0.6802398140625 0.689881321875 0.7341569890625 0.716152103125 0.7339072390625 0.728737215625 0.742536971875 0.7324003203125 0.7495906078125001 0.7277797359375 0.7570318031250001 0.7182472093750001 0.7625093406250001 0.7053429359375001 0.7609332453125 0.697059246875 0.7528639015625 0.69634145625 0.7523035124999999 0.6933961421875 0.7447945578125 0.6956236609374999