1 0.792751875 0 0.803573459375 0.022816443750000002 0.809150265625 0.05150662499999999 0.8114220890625001 0.0945573125 0.8100612078125 0.1268625078125 0.8215277765625 0.154407834375 0.83286240625 0.2048581828125 0.8370744359375 0.210886559375 0.8530322546875 0.19864723906249998 0.875342559375 0.2034479890625 0.888652540625 0.2168930546875 0.89625824375 0.2245759484375 0.9074079609375 0.226989309375 0.9508933609374999 0.20708498749999998 0.9410311734375 0.1563484265625 0.9429325984375 0.1582691484375 0.93128054375 0.137630846875 0.9127156515625 0.06570654375 0.894706640625 0.02800518125 0.8775938078125 0.01071866875 0.8704555328125 0 0.792751875 0
1 0.6268366875 0.08682550781250001 0.6196342296874999 0.07605818125 0.614038875 0.06586119375 0.6080786796875 0.058454884375 0.603881034375 0.057004357812499996 0.5982828015625 0.054490056249999995 0.59392683125 0.055336771875 0.5840571999999999 0.0649135015625 0.5831165296874999 0.0709653015625 0.5835407140625 0.08395677812499999 0.584603278125 0.09097906875 0.58750628125 0.101246103125 0.5896228046875 0.10443717968749999 0.592208878125 0.105294378125 0.5949012296875 0.10522433125 0.6009973984375 0.10718855000000001 0.604279603125 0.110153040625 0.6425745453125 0.1058823109375 0.6400816984375 0.10231109062499999 0.6344084546875 0.0948251453125 0.6268366875 0.08682550781250001
1 1 0.683995453125 0.9879979750000001 0.683679509375 0.9672013234374999 0.6893681390624999 0.96402648125 0.7293740546875 0.9638560421875001 0.76223515 0.9729040984375 0.76374486875 1 0.7620226156250001 1 0.683995453125
1 0.45206990312500006 0.139596465625 0.46366394375000003 0.14421378125 0.4492569609375 0.1172638703125 0.45374374062499995 0.0774562328125 0.46239347343750004 0.027701965625 0.4742310140625 0.04143324375 0.48226570312500006 0.051323074999999996 0.4925727875 0.04931958125 0.5066093734375 0.035139528125 0.47767880625 0.0041417468749999995 0.40807578125 0.01538088125 0.39653975468749997 0.02678455 0.40266797499999996 0.08967467968750001 0.43540586093750006 0.1245368984375 0.42614223124999995 0.1240472421875 0.43693184843750005 0.1402486828125 0.45206990312500006 0.139596465625
1 0 0.13227007500000001 0.033410715625 0.1242094109375 0.03141495625 0.11803652499999999 0.03085638125 0.115162909375 0.0381895703125 0.1026914421875 0.0340771765625 0.0969299890625 0.0286214546875 0.09441184531249999 0.025756871874999997 0.089910865625 0.02444033125 0.0842023921875 0.0232793546875 0.083306759375 0.018677978125 0.08420117656250001 0 0.0878318078125 0 0.13227007500000001
1 0.27250435 0.04247288125 0.28068275625 0.05269263749999999 0.28594154375 0.0710666078125 0.291712440625 0.1037032703125 0.3047343375 0.1011720703125 0.316130415625 0.098956896875 0.3190455671875 0.09077969687500001 0.3244598546875 0.089727265625 0.3323647984375 0.13039467656249998 0.33670543125 0.12955094218750002 0.3298307921875 0.09123601718749999 0.325563284375 0.069281590625 0.32605080468750003 0.057377348437499996 0.3303914375 0.0565336140625 0.3355239125 0.0799899328125 0.33931775000000003 0.0995075328125 0.3417492609375 0.1091504890625 0.3464904390625 0.133541740625 0.36926725781249997 0.1291143765625 0.3646869484375 0.1055507265625 0.361601678125 0.086730409375 0.34858884687499997 0.0487736125 0.359350384375 0.0432940109375 0.3604384765625 0.0228513203125 0.3583976734375 0.018166356249999998 0.2689985953125 0.038931546875 0.27250435 0.04247288125
1 0.7296940046875 0.1501187203125 0.7271053937499999 0.1491665859375 0.7221319234375 0.1508490578125 0.7177036203125 0.1553361765625 0.71445198125 0.15596823124999998 0.7078952046875 0.159413775 0.7046552937499999 0.165101346875 0.708793340625 0.1888463953125 0.7448141578125 0.183276109375 0.742785415625 0.1728391359375 0.7391733687500001 0.16416523593750001 0.735503359375 0.15764978125 0.7296940046875 0.1501187203125
1 0.884150425 0.21371239687500002 0.87836159375 0.20276571875 0.8692550640625001 0.1935852421875 0.8568452265625 0.19377871875 0.8461929859374999 0.19916550156249999 0.838483125 0.21600454062500002 0.8381886906249999 0.2182566671875 0.8417720109375001 0.2329243921875 0.8417998093750001 0.2406011140625 0.8425286828124999 0.248117703125 0.8437620156250001 0.2544626484375 0.8409829734375001 0.2626849640625 0.8338664484375 0.2750427421875 0.8264554890625 0.2896526453125 0.8280999328125 0.2981125703125 0.830422121875 0.298758628125 0.8616518296875 0.2937617765625 0.8604562484375 0.26877676093749997 0.8969416140625001 0.24193068750000002 0.9016748703124999 0.2399131890625 0.8882570640624999 0.23483922031249999 0.8842949000000001 0.22575622499999998 0.8849726468749999 0.217942359375 0.884150425 0.21371239687500002
1 0.13515729999999998 0.098753784375 0.1353805078125 0.10710824999999999 0.181303590625 0.1009730375 0.1729819578125 0.0941927484375 0.1593575921875 0.0744626890625 0.14515624062500002 0.0758394140625 0.1373994890625 0.0815461015625 0.13515729999999998 0.098753784375
1 0.807872746875 0.490733571875 0.8062309515624999 0.47876607499999996 0.78359621875 0.460668165625 0.7625050843750001 0.45042949062500004 0.752092334375 0.45655702031249995 0.7471541609375 0.4698035328125 0.7467881843749999 0.4995295859375 0.7508143890625 0.520242609375 0.7513463203125 0.5405851187499999 0.7534339812499999 0.544282815625 0.7987358171875 0.5385546515625 0.7987098328125 0.5313785859375 0.8017784812500001 0.5225989656250001 0.8071885062499999 0.5082587171874999 0.807872746875 0.490733571875
1 0.8712273828124999 0.45971437187499997 0.8644490125000001 0.5145921171875 0.8567108749999999 0.52604485 0.8552748843750001 0.54003013125 0.8609113546874999 0.5476544421875 0.8617448187500001 0.5562004328125 0.8538388937500001 0.5540154140625 0.8477317937500001 0.5738591046875 0.8535237546875001 0.625028975 0.8652255359375 0.6339674203125 0.8640196781249999 0.6491366328125 0.8838466609375001 0.64507010625 0.892384415625 0.7182494515625 0.8994132953125 0.718624775 0.882423703125 0.6328735484375 0.8767318671875 0.584087321875 0.8826410796875 0.5846802859375 0.9512300874999999 0.5514122125 0.9479203406250001 0.5410548796875 0.9588510890625 0.547715759375 0.9563687796875 0.5399477593750001 0.9664720890625 0.54401930625 0.9648172171875 0.5388406406249999 0.974093090625 0.5403228546875 0.9732656531250001 0.53773351875 0.9817140921874999 0.5366264015625 0.9820424609374999 0.53405753125 0.9660845609375001 0.5159978 0.9493701968750001 0.5155011109375 0.9491773859375 0.49313636406250005 0.9238942765625 0.435782740625 0.9111625562500001 0.425803903125 0.8823425953124999 0.43140593593750004 0.8712273828124999 0.45971437187499997