1 0.146743153125 0.6365806390625 0.14583552500000002 0.6340118546875 0.1447081390625 0.63360423125 0.143639440625 0.6346489984375 0.141897359375 0.6377345062499999 0.14070188749999998 0.6411041921875 0.1404868671875 0.6472261296874999 0.14034519843749999 0.6490199109375 0.13945693750000002 0.6531988515625 0.142116275 0.6537641109375001 0.144073234375 0.6485404031249999 0.145362078125 0.6448065890625 0.1465773359375 0.639089246875 0.146743153125 0.6365806390625
1 0.2862167375 0.6434759875 0.28706159375 0.6378479046875001 0.28565589375 0.6370211453125 0.2844253734375 0.637023575 0.2833163484375 0.6381077671875001 0.28299423125 0.63962320625 0.2822751296875 0.6405262953124999 0.27955978125000003 0.6433809312500001 0.2793450359375 0.644391225 0.2794199046875 0.6465190140625 0.2798310109375 0.648718275 0.2807535359375 0.6518181968750001 0.2794743109375 0.659489825 0.27999278906249997 0.661183940625 0.280497146875 0.6612911453125 0.2832244359375 0.6592070031249999 0.28376129843750003 0.6566812703125 0.28527863125 0.6511961265624999 0.286810084375 0.6472978921875 0.28701070781250004 0.644700690625 0.2866137234375 0.6440883375 0.2862167375 0.6434759875
1 0.20140442187500002 0.6278724328124999 0.1999105953125 0.63257061875 0.1963225234375 0.6402074625 0.1968531984375 0.6432720890625 0.1988066703125 0.6427993625 0.197567275 0.6463756984375 0.19729781562499998 0.6480943203125 0.1967048328125 0.6494561921875001 0.199859665625 0.6508467296875 0.20081739375000002 0.6504743359375 0.201056540625 0.649349234375 0.2009466234375 0.6438541890625 0.2016138546875 0.6388363140625 0.20280714375 0.6346502140625 0.20382164687499998 0.6326579812500001 0.20428286562500003 0.62906023125 0.20255428593749997 0.627948853125 0.20140442187500002 0.6278724328124999
1 0.21127295156249998 0.636305684375 0.209588040625 0.6343876374999999 0.206609540625 0.635098459375 0.205702653125 0.6400413953124999 0.20505352812500002 0.64595106875 0.203008575 0.655571815625 0.20243689687500002 0.661041978125 0.20277210625 0.6615692015625 0.2060168359375 0.6644907609375 0.2081565328125 0.6649455671875 0.20859155624999998 0.6601183203125001 0.20939441250000002 0.654913284375 0.20897355625 0.6499041140624999 0.21018149843749998 0.6427933 0.21127295156249998 0.636305684375
1 0.09836870625000001 0.6100752765624999 0.09862583750000001 0.6081140484375 0.09727369062499999 0.608162621875 0.0955932625 0.6096053312499999 0.09472080468750001 0.6121317265624999 0.094471896875 0.6133027484375 0.094557821875 0.6126730499999999 0.093325740625 0.6176428578125 0.0926907484375 0.6222836093749999 0.0933972453125 0.6262495578125 0.09355765 0.6282755390625 0.0945884546875 0.62868663125 0.095775703125 0.626107153125 0.0968464703125 0.6212950453125 0.09786381718750001 0.6144796968749999 0.0984595 0.6122784484375 0.09836870625000001 0.6100752765624999
1 0.3398478328125 0.670426725 0.34203338125 0.6708912781249999 0.3428281265625 0.67106020625 0.3434792875 0.6699506859375 0.3455179421875 0.66133654375 0.34613572656249997 0.656476146875 0.34681695625 0.6513172546875 0.34699060937500004 0.6485463296875 0.3438116296875 0.647870615625 0.343350809375 0.648084646875 0.34192159218749996 0.650900675 0.3404789953125 0.6596415171875 0.3399413484375 0.66607885625 0.3398478328125 0.670426725
1 0.0308543765625 0.60981184375 0.030161337500000003 0.6130723359375 0.027826915624999997 0.617591846875 0.0268323109375 0.6218201796875 0.026963820312499998 0.623456040625 0.0304191875 0.6243344921875 0.0308699921875 0.6235663640625 0.032987223437500005 0.6214965421875001 0.033495831250000004 0.618652821875 0.03377646875 0.6159046359375 0.034726760937500004 0.6124108406250001 0.035602171875 0.6096450875 0.036613853125 0.6067643078125 0.0343574203125 0.6034768500000001 0.03274146875 0.604165309375 0.031640909375 0.607915146875 0.0308543765625 0.60981184375
1 0.15632600937500002 0.621482534375 0.1560561515625 0.626584875 0.1535508875 0.6376196921874999 0.1571593453125 0.63913065 0.15951485 0.6295519140625 0.162063253125 0.6222220515625 0.16119184687500002 0.6185810296875001 0.161157571875 0.614158 0.1589735625 0.61443773125 0.157529703125 0.61732264375 0.1559787375 0.618456890625 0.15632600937500002 0.621482534375
1 0.167071921875 0.649085178125 0.1658053 0.6518877703125 0.1650196640625 0.6544566203125 0.164872340625 0.6573291359375 0.165090803125 0.6578795421875 0.165606846875 0.6581572203125 0.16928158437500002 0.6574023999999999 0.17100800625 0.6519856984375 0.17202688125 0.648770465625 0.1726084421875 0.644982309375 0.1731220625 0.6409877203125001 0.171482228125 0.6401351921875 0.17009744531249998 0.643944609375 0.169610165625 0.6451849546874999 0.16796864843749998 0.64757188125 0.167071921875 0.649085178125
1 0.19507673125 0.6373508109375 0.1957629515625 0.636752715625 0.1963827828125 0.6338366421875 0.197004284375 0.6305369453125 0.1955202421875 0.6294775453125 0.1954158359375 0.6268875015625001 0.1948744921875 0.626052478125 0.1939301203125 0.626211725 0.19316748125 0.626793578125 0.1929966625 0.62759721875 0.192973796875 0.6284563109375 0.1917373671875 0.6289374546875 0.190840640625 0.6304507515625 0.190440434375 0.6323335703125 0.1887398421875 0.6337959921875 0.1879851609375 0.6358434500000001 0.1885157140625 0.637180153125 0.18912435625 0.638149475 0.188699746875 0.6401471015625 0.18800466093749998 0.64146326875 0.1873475890625 0.6430515046874999 0.18718472656250001 0.645320753125 0.18660919843749998 0.6503581203125 0.18860068593749998 0.6501574609375 0.19094834375 0.6436968750000001 0.1919918421875 0.6495343515625 0.1928004546875 0.650690171875 0.19420295625 0.6483004375 0.19371492343750002 0.6448848953125 0.19405669375 0.6421497046875 0.1943316765625 0.640480253125 0.19507673125 0.6373508109375
1 0.12218854374999999 0.624041821875 0.1217195234375 0.619334396875 0.1213813703125 0.6161906984375001 0.11849085156250001 0.6153603125 0.117432425 0.617559196875 0.1165785703125 0.625033259375 0.115252853125 0.6326230109375001 0.121301178125 0.6288929140625 0.12218854374999999 0.624041821875
1 0.1740691015625 0.6485565906249999 0.174500759375 0.6502082515625001 0.17401707500000002 0.6512813734375 0.17149050625 0.6582079015625 0.17151117968750001 0.659388228125 0.174512146875 0.661202034375 0.177361340625 0.6539601046875 0.17800069375 0.6509521859375 0.1776471234375 0.6489331468749999 0.17845831406249998 0.6475216609375 0.1780473296875 0.6470503265625001 0.1762062421875 0.6458670375 0.1740691015625 0.6485565906249999
1 0.180580846875 0.6363334953125 0.18386925781250002 0.635592553125 0.1856311390625 0.62730355625 0.1861928015625 0.6212792968749999 0.1832116 0.622829496875 0.1853104828125 0.616412028125 0.1809490140625 0.6165649046875 0.1813043640625 0.6227840812500001 0.1782893765625 0.626822953125 0.1772740875 0.6327267921875 0.1787564484375 0.637025646875 0.180580846875 0.6363334953125
1 0.2464977078125 0.6405051296875001 0.2602529078125 0.6434288875 0.2553081640625 0.6591768734375 0.33243613125000004 0.6409443703125 0.35614856875 0.64855588125 0.3580034796875 0.65700683125 0.3550751453125 0.6707835578125 0.358196046875 0.67864650625 0.36736617968749996 0.680595678125 0.37390346874999997 0.67238578125 0.3941446078125 0.6613290593750001 0.5145121859375 0.7022730875 0.506151053125 0.7340939203125 0.5077435968749999 0.7416320078124999 0.516425675 0.7458773 0.524979375 0.7356961421875 0.5318763421875 0.7107636734375 0.5306185578125 0.7021355171875 0.6675227140625 0.7009661859375 0.755311753125 0.7342577296874999 0.7569042984375 0.7417958171875 0.7655863765625 0.7460411109375 0.7741400765625001 0.7358599531250001 0.7795086890625 0.7106026203125 0.7743071890625 0.6974977046874999 0.76416094375 0.700140775 0.7612112140625 0.71151309375 0.7561077578125001 0.7002095578125 0.6755759 0.7008974 0.5266748437500001 0.69765875625 0.5225653718750001 0.702204303125 0.3790986609375 0.65621105625 0.3758556921875 0.663201296875 0.37322284687499996 0.653042225 0.2692029671875 0.6206470015625001 0.265197653125 0.6276809015625 0.26256480937500004 0.6175218296875 0.253394675 0.6155726578125 0.24734544062500002 0.6214864375 0.2452303265625 0.6159371499999999 0.17991553437500002 0.6188530859375 0.14097698125 0.6108764250000001 0.13535161406250001 0.6072808546874999 0.1282620796875 0.61057365 0.130929440625 0.6210400390624999 0.122765090625 0.62140453125 0.1178203453125 0.6371525171875 0.119412890625 0.6446906046875001 0.1271188578125 0.653528140625 0.136777046875 0.653181190625 0.142697903125 0.6328409625 0.143609825 0.6210354953125 0.1472581375 0.6203110546875 0.171751184375 0.619217578125 0.24204101875 0.6539569937499999 0.2464977078125 0.6405051296875001