1 0.6452652546875 0.650778009375 0.6359439874999999 0.6281071609375 0.6289412999999999 0.6324436515625 0.644222553125 0.665518965625 0.6451273671875 0.6683036984374999 0.65007749375 0.6636165796875 0.6452652546875 0.650778009375
1 0.640356175 0.6248993765625 0.64204085625 0.6282134390625 0.6426273640625 0.63123205 0.643680128125 0.636342978125 0.647774196875 0.6439879953125 0.6538458125 0.6551910984375 0.655581609375 0.6543140140625 0.6547170953125 0.651046553125 0.6526333828124999 0.6440267828125 0.6508482453125 0.637875365625 0.6485904312499999 0.6321906187499999 0.6457021859375 0.62764998125 0.6430133078125 0.62372293125 0.6413405156249999 0.621709546875 0.640356175 0.6248993765625
1 0.65428505625 0.6266093265625 0.6512920796875 0.6252858078125 0.6500853046875 0.6220773703125 0.6488520796875 0.62005161875 0.6472860453125 0.6199342734375 0.64609045 0.6212098359375 0.6475021796875 0.62727385625 0.6467811609375 0.6282908546875 0.6470053734375 0.6299921828125 0.6498189 0.6336960984375 0.6518125578125 0.6398319453125 0.6540865421875 0.64728561875 0.656001853125 0.64974201875 0.6583683265625 0.6575309125000001 0.6591898625 0.6585424328125 0.6596747203125 0.6553322609375 0.659629246875 0.6544338546875 0.660585059375 0.654645109375 0.6619311015625 0.654338209375 0.659159771875 0.64383695625 0.6576783203125001 0.640743859375 0.6584976546875 0.639068734375 0.6552959125 0.6279506953125 0.65428505625 0.6266093265625
1 0.7711218828125 0.5990309093749999 0.7697051625 0.5956819609374999 0.76719151875 0.5946201515625 0.7668395640625 0.5895424234375 0.7640546890625 0.5873424703125 0.7635339875 0.5890771109374999 0.764606009375 0.5930337828125001 0.7653191265625 0.595228528125 0.7659354125 0.5974286453125 0.76725429375 0.6014877453125 0.768375653125 0.6059502046875 0.76836513125 0.6056144406249999 0.7688974296875 0.6092246640625001 0.770515359375 0.6142041421875 0.7737088890625 0.61300995625 0.773049446875 0.61098040625 0.771427178125 0.6063415203125 0.7700104578125 0.6029925734375 0.769905603125 0.6013046453124999 0.7711218828125 0.5990309093749999
1 0.642620171875 0.631260478125 0.64256798125 0.6304425265625 0.6416644171875 0.6302403859375 0.6413715515625 0.6299963625 0.6409450015625 0.6289869578125 0.6399552468749999 0.6275082796875 0.6395152046875 0.6274686203125001 0.6384855078125 0.6281423703125 0.638362228125 0.629330425 0.638323771875 0.6308301000000001 0.6377264484375 0.631519909375 0.6383849984375 0.63263656875 0.639345090625 0.63331606875 0.6399974562499999 0.6337563734375 0.6401981890624999 0.6353348765625 0.6396440218749999 0.63585411875 0.639554859375 0.6358830890625 0.6395533734375001 0.6365358421875 0.6404840453125 0.6397035359375 0.64316989375 0.6457449328125 0.644614909375 0.648928140625 0.645435375 0.651453278125 0.645974984375 0.6534174015625 0.647028934375 0.6553970390625 0.647760240625 0.6579511484375 0.6489182125 0.6598969875 0.649490453125 0.6613547796875 0.649881515625 0.6625583500000001 0.6508561703125 0.6607544859375001 0.64844214375 0.6542855875 0.648593359375 0.6512620953125 0.6492425140625 0.6497205375 0.6491505 0.6494373453125 0.649084934375 0.64797146875 0.6484068296875 0.6455305296875 0.6438497734374999 0.6369662203125 0.6433039828125 0.6343257421875 0.6425845671875 0.633072315625 0.642620171875 0.631260478125
1 0.7275854421875 0.62911828125 0.7277720265625 0.62751829375 0.7265341046875 0.6241634328125001 0.7258124859375 0.6202233609375 0.7268081234375 0.6198998578125 0.72686905 0.619227790625 0.7260451359375 0.617956134375 0.724183084375 0.6148040671875 0.7223716171875 0.614740375 0.7197264921875 0.6155998296875 0.71801435 0.61417323125 0.7162033015625 0.6149704046875 0.7158364921875 0.616420221875 0.7171128125 0.6190842437499999 0.7188168687500001 0.619626378125 0.7192160171875 0.6217144125 0.7195000874999999 0.6242572890625 0.718570490625 0.6260986953125001 0.71863653125 0.6276166 0.7201522781249999 0.6271241046875 0.7208982625 0.625577175 0.7206099109374999 0.622566053125 0.720972915625 0.6207000171875 0.721286465625 0.6199458640625 0.7215276187499999 0.619423965625 0.7231626640625 0.61975370625 0.7238144359375001 0.62175965625 0.7256240640625 0.62732911875 0.724946675 0.6282275796875 0.725027575 0.629740653125 0.726092640625 0.6304904109375 0.7275854421875 0.62911828125
1 0.7619317671875 0.6053826812499999 0.7641829234374999 0.610339046875 0.7657548453125 0.615176928125 0.7677207390625 0.6141989890625 0.7662707859375 0.6063993 0.76508956875 0.6010952890625 0.7632309625 0.596689740625 0.7630020531249999 0.593659303125 0.761683171875 0.589600203125 0.7597891437500001 0.5911027 0.7604840703125 0.592938084375 0.7602025593749999 0.59475155 0.7597982437499999 0.5978050984375 0.7619317671875 0.6053826812499999
1 0.8270673671875001 0.5812966640624999 0.8271119 0.5951364484375 0.8354757890625001 0.5929667640625 0.8352380828125 0.5922351828125 0.8313544953124999 0.5839738671875 0.8270673671875001 0.5812966640624999
1 0.8229642265624999 0.5995628328125 0.824263721875 0.5933484265625 0.8227510046875001 0.5917265781250001 0.8212020859375 0.5869594953124999 0.8181617921875001 0.583720625 0.8133565796875001 0.58632556875 0.8156491046875001 0.589285584375 0.8167325999999999 0.593682075 0.8196385578125 0.598530046875 0.8229642265624999 0.5995628328125
1 0.711910659375 0.628810515625 0.7097404625 0.6245583890625 0.705500046875 0.612316746875 0.70428090625 0.607755603125 0.703574865625 0.6071501015625 0.7018103 0.6081408984375 0.7037203203125 0.6108338359375 0.7017328515625 0.6118970578125 0.7016553437499999 0.616462053125 0.7021459734375 0.6195900875 0.7025139734375 0.621531696875 0.705405071875 0.6263844953125 0.705052171875 0.62772543125 0.7056579375 0.6295897859374999 0.70781333125 0.6330379046875 0.709370153125 0.634593240625 0.71369799375 0.6311258625 0.711910659375 0.628810515625
1 0.78011275 0.5904478796875 0.783053778125 0.5942408203125 0.7825175046874999 0.5991636046875 0.7877272734375 0.5967924859375 0.7844122437500001 0.594477790625 0.7826179515625 0.588955528125 0.78011275 0.5904478796875
1 0.6657826921875001 0.6411632203125001 0.667563721875 0.63789716875 0.6618920875 0.6305038265625 0.6588036500000001 0.6301505953125 0.6604531437500001 0.6361373609375 0.6639641562499999 0.646033003125 0.6672971343749999 0.6454196890625 0.6657826921875001 0.6411632203125001
1 0.700218771875 0.61583300625 0.6977867984375 0.61229211875 0.6940667375 0.609691571875 0.694660078125 0.611012053125 0.6956938796875 0.6132330578125 0.69636574375 0.615806478125 0.6972628890625 0.6185676109375 0.696519525 0.623662046875 0.6964032609374999 0.6272481828124999 0.6972332390625 0.630813865625 0.698838146875 0.6302923984375 0.6999362031249999 0.632205525 0.6998090593749999 0.633786196875 0.700332321875 0.6364079031250001 0.701137153125 0.63640730625 0.7014129 0.6347783484375 0.7023710890625 0.6352497406250001 0.704554478125 0.6360535859375 0.705785503125 0.6353926921874999 0.706258946875 0.6309338671875 0.7035083078125 0.6259571562499999 0.7028178953124999 0.6213546734375 0.700218771875 0.61583300625
1 0.8225480265625 0.6078384156250001 0.8314641828125 0.60494138125 0.8329026515625 0.5992558203125 0.8313452890624999 0.5919345765624999 0.8515493093750001 0.6010244171875 0.84939160625 0.609552759375 0.85399235625 0.623712409375 0.8607508078125001 0.6293437171875 0.8897520890624999 0.6225297171874999 0.89488184375 0.6130356953125 0.8910003296875001 0.596033265625 0.8792661109375001 0.5796848125 0.8765739609375001 0.5668025390625 0.8861953109374999 0.5743499125 0.8854901156249999 0.5639055046875 0.8931245140625 0.5690150125 0.9051413531250001 0.5940476546875 0.9102711078124999 0.584553634375 0.9199064968749999 0.5788138203125001 0.9212974078125 0.567925534375 0.9302135625 0.5650285 0.9369720140625001 0.570659809375 0.9481409875000001 0.569639878125 0.9593575156249999 0.57382266875 0.9659732968749999 0.563845809375 0.9628585734374999 0.5492033203125 0.9508276953125 0.5374578640625 0.927770515625 0.5423405078125 0.9256128125 0.55086885 0.9208413156249999 0.547675409375 0.9182302421875 0.55848576875 0.9107049984375 0.55049451875 0.9069829140625 0.5583452125 0.90327486875 0.5529087140625 0.9000537140624999 0.5636801109375 0.8958447406250001 0.555322909375 0.8944062703125001 0.5610084703125 0.8267207609374999 0.5751735640625 0.8222151265625 0.571419359375 0.813298971875 0.57431639375 0.8111412687499999 0.5828447359375 0.8141608781249999 0.5870817796875001 0.8111888265625 0.5880474578125 0.80826433125 0.5942158578125001 0.8017555281250001 0.583285259375 0.7999960749999999 0.586466028125 0.79172781875 0.5787161968750001 0.7923697859375001 0.583725784375 0.7825560671875 0.5808265859375 0.7829840453125 0.5841663109375 0.7733843140625 0.5829369718749999 0.773598303125 0.5846068343749999 0.7642125625 0.5850473593750001 0.7627740937499999 0.590732921875 0.7695325468750001 0.5963642296875 0.7710661296875 0.6010841124999999 0.7689084265624999 0.6096124546875 0.7749000875000001 0.6128838203125 0.78678829375 0.6090211078125 0.7957995625 0.61652951875 0.8062493015625 0.61835236875 0.8194808609375 0.59839865 0.8225480265625 0.6078384156250001