1 0.5561563546875 0.4292593703125 0.5528564296875 0.4304983953125 0.5558037234375 0.438819021875 0.55733933125 0.4544075125 0.56010875 0.4557120390625 0.557378459375 0.46634076249999995 0.558466859375 0.4732126515625 0.5653674578125 0.4756299015625 0.5672560375 0.472871253125 0.56812838125 0.47977736093749995 0.571170821875 0.482805684375 0.570411125 0.46921952187500005 0.5689828515625 0.4455190875 0.5694995484375001 0.44438657812500004 0.5647588234375001 0.43353229375 0.5599746031249999 0.4282964359375 0.5561563546875 0.4292593703125
1 0.52389041875 0.3994349703125 0.5197632875 0.39774851093749997 0.5165246484375 0.40177165937500003 0.51326469375 0.4104545671875 0.5131772609375 0.42448532656250004 0.5157185 0.43573573281250005 0.5213778859375 0.46167925312499997 0.52200990625 0.48025244687499996 0.5257056609374999 0.4890037453125 0.528751771875 0.483864903125 0.5332522171875 0.4878084875 0.53802456875 0.4788860375 0.532940596875 0.45168131718750004 0.5293690203125 0.42423705624999997 0.528468784375 0.41855319062499996 0.5264838375 0.406020728125 0.52389041875 0.3994349703125
1 0.4988415671875 0.630323453125 0.50113643125 0.6448126546874999 0.506261265625 0.6563941062499999 0.5086182406249999 0.6609876078125 0.5119020812499999 0.6505577578125 0.4981480078125 0.61555675 0.4943220046875 0.591400315625 0.489271025 0.569897425 0.47949435156250003 0.5392332703125 0.4714109625 0.55042329375 0.47447324062499996 0.5697577593750001 0.4759459578125 0.5893439859375 0.481055359375 0.6009278828125 0.48314778281250004 0.64520225 0.4842952140625 0.6524468515625 0.4830000734375 0.6650451265624999 0.4862100609375 0.6645367156249999 0.4922308953125 0.6610997046875 0.49251087968749996 0.62141639375 0.4988415671875 0.630323453125
1 0.0221814296875 0.4496701015625 0.0211442390625 0.4459182359375 0.018506484375 0.431960921875 0.019281025 0.4259640375 0.016831665625 0.415893021875 0.018816360937500002 0.41753674687500003 0.019941425 0.42194330156250004 0.021336475 0.41976427968749996 0.02117435 0.41324714062499995 0.0165436546875 0.4113777703125 0.01521566875 0.40569001718750003 0.0136476546875 0.40398029687500003 0.01410513125 0.39867835937499996 0.011385784375000001 0.39519292500000003 0.0079952015625 0.39835661875 0.0080240625 0.40682905468749997 0.010850214062499999 0.4246726703125 0.016189292187500003 0.4310145890625 0.012112040625 0.44082985781249995 0.012946307812499998 0.443300521875 0.014514321875 0.4450102421875 0.013853923437499999 0.449030978125 0.0221814296875 0.4496701015625
1 0.075307775 0.4364082984375 0.078081221875 0.4289486328125 0.075941146875 0.4198315453125 0.07201982812499999 0.40536115937500006 0.06942655625000001 0.4036705515625 0.0711112640625 0.398126484375 0.070513565625 0.39435276875 0.06558254531249999 0.39408309375 0.0660313765625 0.4042082953125 0.06476649062499999 0.40650997499999997 0.0681197984375 0.412999259375 0.0677614109375 0.42392091875000004 0.0700023875 0.4263836921875 0.07277146875 0.43647570468749997 0.0740701703125 0.44467538281249996 0.0757391078125 0.447921246875 0.078025203125 0.44617418906250006 0.07692299375 0.44071334218749997 0.073573375 0.43424735312499996 0.07362905625 0.425809284375 0.075273959375 0.425906940625 0.0762617953125 0.43064565625 0.07494525625000001 0.4326212140625 0.075307775 0.4364082984375
1 0.29283696875 0.334974759375 0.29085581718750003 0.3284591796875 0.2906824109375 0.3273643359375 0.2895062421875 0.32583134375 0.287432196875 0.3270194796875 0.2865107515625 0.331988959375 0.2879599625 0.34343620625 0.2895228734375 0.35570120625 0.2949475265625 0.36138484375 0.2949762625 0.355673234375 0.2945128203125 0.35035000781250003 0.29283696875 0.334974759375
1 0.42602463281249997 0.356455975 0.42366215625 0.3466338671875 0.42223982343750005 0.3428474890625 0.42025989375000006 0.3394359703125 0.41932596718750004 0.3374347890625 0.418693671875 0.334741103125 0.4165589734375 0.33414792968749996 0.41475335468749996 0.3344339125 0.41517922812499997 0.3396198171875 0.415065759375 0.3415003421875 0.414904328125 0.3430780390625 0.41474881874999997 0.356379334375 0.41545581093750006 0.3621415671875 0.41877968593750003 0.36624762187500004 0.42201385468749997 0.3737825671875 0.4214278359375 0.38037044375 0.42742446718749993 0.3781789671875 0.42651685156249997 0.37244851093750003 0.42514248437499996 0.3689649625 0.4260972203125 0.3620082609375 0.42602463281249997 0.356455975
1 0.4436036671875 0.3207188546875 0.4447031359375 0.3276606265625 0.4479961890625 0.33067313593750003 0.45257968125000003 0.3299471828125 0.44953673437499997 0.3226207390625 0.44434437187500003 0.3135095078125 0.4436036671875 0.3207188546875
1 0.37931949062500003 0.3193669625 0.37938379218749996 0.322270003125 0.37982878750000004 0.327476759375 0.3822208640625 0.3352883515625 0.3830144640625 0.3396996484375 0.383167125 0.33936504218749997 0.38457324375 0.337255903125 0.3845337359375 0.335208575 0.384075521875 0.3335141109375 0.385230396875 0.3304179734375 0.3843881171875 0.32689790625000004 0.38355218281250003 0.324117078125 0.382930915625 0.3225917140625 0.3815018375 0.319761559375 0.37931949062500003 0.3193669625
1 0.3077107359375 0.33089970625 0.3072209828125 0.329305753125 0.30643566875 0.3275437015625 0.30578384999999997 0.32652463125 0.3054628640625 0.3244980078125 0.3048100984375 0.321974715625 0.303269934375 0.320141190625 0.3007587375 0.32156571718750004 0.3005073671875 0.32387402656250003 0.3020588734375 0.327377278125 0.30222688125 0.3292371015625 0.301449009375 0.334613659375 0.3034889625 0.33880367499999997 0.30515463125000003 0.3485212375 0.3066326203125 0.353158440625 0.30781743281249996 0.35674364999999997 0.3116131859375 0.356237978125 0.3121302 0.355606875 0.3121946296875 0.355214609375 0.3126869765625 0.3504324859375 0.31162836718750003 0.34534679687500003 0.3107931078125 0.3424703484375 0.3096818109375 0.3377511875 0.3088170359375 0.33468838125 0.3077107359375 0.33089970625
1 0.354594096875 0.33125862968750003 0.353837496875 0.3330738671875 0.3529222484375 0.33388743593750003 0.35365276875 0.33849975468750004 0.35454229375 0.343516709375 0.3555534265625 0.34440723281249996 0.356402221875 0.344272796875 0.35677831718749997 0.3439505609375 0.3565425484375 0.34186268124999997 0.3560555359375 0.338787803125 0.35562755468749996 0.3360856359375 0.357096353125 0.33547093906250003 0.3574800609375 0.3378935703125 0.3591995328125 0.34435508125 0.36027711875 0.344566471875 0.3612299359375 0.3438902234375 0.3606983328125 0.340034403125 0.3597206171875 0.3338613515625 0.3588056234375 0.32808430781250003 0.3582374421875 0.3244969484375 0.358148978125 0.3217410078125 0.3572710265625 0.3210920578125 0.35657655781250003 0.3212020515625 0.35578719531249997 0.32001373437499997 0.355580584375 0.318709240625 0.3551968765625 0.31628660937499997 0.355174740625 0.3161468421875 0.35501240312500004 0.31512188281250003 0.35455113125 0.3144069375 0.3537573625 0.31438938437499997 0.35146190625 0.315278284375 0.3511445265625 0.31547182500000004 0.351790271875 0.317351496875 0.35228812187499997 0.31779798125 0.3524172953125 0.3175148546875 0.35414134375 0.31841185781250003 0.35267551875 0.32024390937499997 0.3529300515625 0.32294966718749996 0.3536019390625 0.3254938078125 0.3538860296875 0.3272874859375 0.352376646875 0.32764594375 0.35174890625 0.32867664531249996 0.35322873125 0.32923026875 0.3546273859375 0.329271409375 0.354594096875 0.33125862968750003
1 0.746310109375 0.3225862390625 0.7488951359375 0.33800851875000004 0.7524254765625 0.33852391718749997 0.752056528125 0.3361944640625 0.750944471875 0.333767796875 0.7498267875 0.3294078296875 0.74845060625 0.32071896875 0.7473830375 0.31307965625 0.7459754203125 0.3104848921875 0.74522906875 0.3075704828125 0.7436629734375 0.2995803078125 0.7479485640625 0.2984717171875 0.747685303125 0.29591061406249997 0.746434353125 0.2935059453125 0.74516563125 0.29088918124999996 0.7437944671875 0.2913212625 0.7435746375 0.2935290609375 0.7444290609374999 0.29532792343750003 0.741807853125 0.2959579921875 0.7412728765625001 0.29258028281250004 0.7406046359375 0.291157875 0.7398891062499999 0.2893370125 0.738590425 0.28932779218750004 0.73724639375 0.2908301265625 0.7371593859375001 0.293876528125 0.7380174984375001 0.295698684375 0.73800904375 0.29744318281250004 0.7368347296875 0.30001706562499997 0.737236884375 0.30255617031250004 0.7377718609375 0.30593387656250004 0.7384789359374999 0.3094992390625 0.7395432609375 0.3143213546875 0.7407473421875 0.3228225640625 0.7418192140625 0.323297528125 0.7449752484375 0.3386293671875 0.746629828125 0.3400865875 0.7479074484375 0.338164953125 0.7475384984375 0.3358354984375 0.746435803125 0.33426698906249996 0.7448000515625 0.32304031875 0.746310109375 0.3225862390625
1 0.4114167 0.34852559843750003 0.41075628125 0.3443558765625 0.40913292500000004 0.3422967375 0.40748469062500003 0.34157875781249997 0.4074461734375 0.339937215625 0.40626945625 0.3352045359375 0.40452021406250005 0.33514728437499997 0.40284800781249996 0.33837311875 0.403621178125 0.341856375 0.403659696875 0.3434979171875 0.4021650296875 0.3450479890625 0.40234168124999997 0.3489600265625 0.4023693625 0.35322996562500003 0.40211988906249996 0.3585467140625 0.4031992875 0.3639634140625 0.40527645156250003 0.36888778125 0.40964057499999995 0.37576618281249996 0.40979184375 0.37672125625 0.410411446875 0.3779364609375 0.4103489578125 0.3802387328125 0.41027472343750004 0.3825667421875 0.413417625 0.3817346515625 0.41281969687500003 0.37526265937500003 0.410759990625 0.35256962812500003 0.41147065156249996 0.35016469843750003 0.4114167 0.34852559843750003
1 0 0.3400338421875 0.00966606875 0.330698390625 0.1726026796875 0.3106778078125 0.174748909375 0.334216771875 0.18011659687499998 0.33814239218750003 0.1840084875 0.3327501984375 0.18105689375 0.3141145703125 0.25837247812499997 0.2639015421875 0.2630522328125 0.2724731109375 0.26318631875 0.275317340625 0.2719428609375 0.26867708437500004 0.27494505468749997 0.28014103125 0.268000159375 0.2867331390625 0.27794724843749996 0.29160497812499997 0.272814 0.29814893750000004 0.2920693640625 0.3438121328125 0.29515504375 0.36529199375 0.2905252546875 0.3660252796875 0.28700231249999997 0.3737469265625 0.2892160078125 0.3877236484375 0.2949526453125 0.393978721875 0.3042122234375 0.3925121484375 0.307366215625 0.3824610484375 0.30589041875 0.3731432328125 0.2982415703125 0.3648031359375 0.29688320468749996 0.35522793125 0.30016274374999996 0.35196243125 0.30233585937499996 0.33072421093750004 0.30696564843749996 0.3299909234375 0.3099847078125 0.339064309375 0.316157759375 0.33808659375 0.3193117515625 0.32803549374999996 0.3178359546875 0.31871767812499996 0.31173036875000004 0.31013315 0.33286801875 0.263803265625 0.33219758593750004 0.249582115625 0.32381083906249997 0.236583109375 0.36181263750000003 0.226811815625 0.3658478890625 0.23231298437499998 0.36806158437500003 0.24628970468750003 0.379165909375 0.2564704 0.3846010625 0.25083377812499996 0.3887269703125 0.26689552499999997 0.3944636078125 0.2731505984375 0.3994623453125 0.274746765625 0.4037231859375 0.2716840265625 0.40687717812499996 0.261632925 0.42113549375000003 0.26176251875 0.42348412187499995 0.256614753125 0.42281368906249994 0.24239360312499997 0.6131389234375 0.19553382187499999 0.6188755609375 0.2017888953125 0.6281351390625 0.20032232187500001 0.63128913125 0.190271221875 0.8147350328125 0.1898709171875 0.8868383046874999 0.19564368593749998 0.8913268375 0.204006753125 0.8935405328125 0.2179834734375 0.89927716875 0.22423854687500003 0.9085367468750001 0.22277197499999998 0.911690740625 0.21272087499999998 0.91021494375 0.20340305937499997 0.9041093578125 0.19481853124999998 0.8067235593750001 0.1892295 0.63047111875 0.1751182890625 0.629813334375 0.1809534078125 0.6237077484375 0.1723688796875 0.6224596453125 0.1744768703125 0.6144481703125 0.1738354515625 0.6109252281249999 0.1815571 0.606789503125 0.1754215734375 0.36937083125000003 0.22459133750000002 0.2994972171875 0.24145738749999998 0.274047834375 0.2434414140625 0.27244674375 0.25188204999999997 0.2663411578125 0.24329752343750002 0.2570815796875 0.244764096875 0.25355863749999996 0.25248574375 0.2500416703125 0.2502569046875 0.1796425875 0.3051849984375 0.17877573125 0.3097000921875 0 0.331870584375 0 0.3400338421875