1 0.59502795 0.8326981546875001 0.636433378125 0.8161113578125001 0.63959471875 0.8041699984375 0.5751455796875 0.7643152484375 0.5708125093749999 0.7294056421875 0.6302523390625 0.6744479015625 0.6124096984375 0.6195338984375 0.6288724140624999 0.597024975 0.6106688609375001 0.5593670734375 0.568465846875 0.4965332125 0.569953921875 0.4828433421875 0.5329292156250001 0.44206896562500003 0.518967828125 0.3991002328125 0.498497478125 0.3727355390625 0.44934386249999997 0.3860778609375 0.43161254375 0.4169270046875 0.4524660734375 0.44447100937500006 0.4448013890625 0.457518096875 0.4218794015625 0.466269715625 0.3966532859375 0.5167139281249999 0.4035935609375 0.568588171875 0.44772225312499997 0.6677657531250001 0.45197944375 0.6733852453125 0.4841436 0.7003665328124999 0.5074202078125001 0.6928035046875001 0.5166542875 0.7427968671875 0.47870579375 0.7629289296875 0.523085921875 0.8202186749999999 0.5495701265624999 0.8225276140625001 0.5511216078125 0.8344938484375 0.59502795 0.8326981546875001
1 0.5826253593749999 0.153824315625 0.5827758656250001 0.1600210984375 0.5896951515625 0.164018571875 0.5922661734375 0.17193136250000002 0.59115474375 0.19163939218749998 0.630868609375 0.18685286406249998 0.634354321875 0.19758078125 0.6477412124999999 0.19262126875000002 0.6471328453125 0.17345100468750002 0.64039896875 0.170024165625 0.6306659671875 0.16319771875 0.61627734375 0.1535098921875 0.604801403125 0.14413743125 0.58933625625 0.148531484375 0.5826253593749999 0.153824315625
1 0.031674582812500005 0.3474333703125 0.028226959375 0.3535375015625 0.032106796874999996 0.36285457656250003 0.024240284375 0.368186421875 0.017967809374999998 0.37327371249999997 0.0160410125 0.3827951375 0.023450670312499998 0.381207734375 0.0308594015625 0.382144140625 0.057125007812499996 0.3744510984375 0.0626416296875 0.37209085000000003 0.06469962968750001 0.36559706406250003 0.0693789921875 0.3582305171875 0.06655318906249999 0.353323575 0.056481246875 0.355754978125 0.0546756609375 0.35272461875 0.046995431250000004 0.343275465625 0.039899093749999996 0.34446665625 0.031674582812500005 0.3474333703125
1 0 0.48644507187499997 0.01001343125 0.4831915109375 0.025403379687499998 0.4774970484375 0.0315173703125 0.4620097171875 0.038690515625 0.4434654734375 0.03289488125 0.43184781406250006 0.0215809359375 0.422002134375 0.00535435625 0.41579250156249997 0 0.4124352421875 0 0.48644507187499997
1 0.1647111 0.4923558359375 0.155576828125 0.5063220359375 0.15357782656250002 0.5141635531250001 0.156100521875 0.5201783828125001 0.13632944687499998 0.5311447125 0.1294740046875 0.545127528125 0.1308089578125 0.5492360921875 0.20656273593750002 0.5231080921875 0.201899409375 0.5140035296875001 0.18194455781250002 0.5121596734375 0.1881207625 0.5048325046875 0.18791003281250002 0.4954378140625 0.183484390625 0.49231244687500003 0.17447870625 0.48918214843749996 0.1647111 0.4923558359375
1 0.35671761874999997 0.3723279765625 0.35695040312500004 0.37090646875 0.3567590859375 0.3682768890625 0.3553744171875 0.36605608125 0.3515827359375 0.3668254296875 0.3442713109375 0.36920105468750003 0.33757530468749997 0.375414334375 0.3359387671875 0.3786378203125 0.3371192125 0.38227085625 0.338905603125 0.3857280390625 0.33956071875 0.387744278125 0.3397520375 0.3903738578125 0.33406424375 0.39356780625 0.3285062390625 0.397161196875 0.32650095 0.4013877265625 0.3278788921875 0.4076693640625 0.342868725 0.40414474375 0.3425476203125 0.40111572031250003 0.34571946875 0.3942600234375 0.354904628125 0.3894880984375 0.3574352453125 0.386878365625 0.3586762421875 0.382437525 0.3582807 0.3812201734375 0.3573598296875 0.378386025 0.35671761874999997 0.3723279765625
1 0.7653459640625 0.30802779999999996 0.7594420234375 0.3049201171875 0.755932925 0.2995622546875 0.7474884015625001 0.28989879375 0.7394659375 0.28571300312500003 0.7330071 0.286339559375 0.725846915625 0.2916101390625 0.7223318796875 0.2998390984375 0.723634215625 0.3189100546875 0.7161131468749999 0.3257909671875 0.7139588765625 0.330044875 0.7029060296874999 0.3492819203125 0.7046754859375 0.3560882546875 0.715705653125 0.3545652015625 0.7090052359375 0.358529784375 0.7181764546875 0.3567275125 0.73342763125 0.35177210625 0.7590167765625 0.3431632796875 0.7564476328125 0.33661677968750003 0.76146511875 0.3261121578125 0.7750227984375 0.31876290625000003 0.7722374265624999 0.308732721875 0.7653459640625 0.30802779999999996
1 0.8488038234375 0.30677666718749996 0.8457692765625 0.29743729218750004 0.8403866078125001 0.2888398390625 0.8349064703125 0.28256624375 0.8252962578125 0.2822399953125 0.8064947609375 0.27743479375 0.8074138078124999 0.2696707953125 0.7966231500000001 0.2657115109375 0.78018254375 0.26817238125 0.76888215625 0.2758606859375 0.772136771875 0.28859838125000004 0.7762415265625 0.29588665625 0.785999659375 0.2886994609375 0.7891127265625 0.28768796406249997 0.8023427953125 0.288562446875 0.8094850375 0.2919827765625 0.8167028593750001 0.2982595546875 0.8257966718749999 0.3050623640625 0.8380382953125001 0.31086341875 0.8455709046875001 0.31014032343750003 0.8488038234375 0.30677666718749996
1 1 0.7615430515625 0.9793798062500001 0.7783257234375001 0.9573732140625 0.824296084375 0.9752399796875 0.8705382 0.9728982281249999 0.8720771640624999 1 0.8632712640625 1 0.7615430515625
1 0.7039381234375 0.30192518281249997 0.7064589671875 0.29092795625 0.682136140625 0.281860321875 0.6756645328124999 0.274478884375 0.6649555281249999 0.2697991046875 0.6558757890625 0.27003651875 0.650305721875 0.277965853125 0.6463997171875 0.30364994375 0.6377618593750001 0.324100090625 0.7039381234375 0.30192518281249997
1 0.2660054703125 0.1773990734375 0.2780422703125 0.17586438437500002 0.2846527296875 0.179688821875 0.29512652968749997 0.18850366875 0.2972122734375 0.188120378125 0.30980655625 0.174502 0.2993179734375 0.16836267031250002 0.2997394078125 0.1586784609375 0.296766665625 0.149529296875 0.279868440625 0.1526225296875 0.2709360515625 0.14301243749999998 0.26560304375 0.141759084375 0.26008838125 0.142667678125 0.254264621875 0.1454431609375 0.25596609375 0.1520402625 0.261473946875 0.15801044375 0.26030899375 0.1640458265625 0.2564654484375 0.167376565625 0.26089745937500003 0.171298975 0.2660054703125 0.1773990734375
1 0.57891874375 0.3884743109375 0.5887436625 0.3860600828125 0.598138625 0.393206659375 0.5998875515625001 0.3949936734375 0.608033978125 0.3947020140625 0.61281840625 0.3876588265625 0.6114770546875 0.3763393109375 0.608479590625 0.3671140625 0.6016197390625 0.3567885046875 0.586454053125 0.3609380515625 0.5789293921875001 0.35945049375 0.5792939234375 0.356976775 0.5809880734374999 0.33682705625 0.5706353765625 0.3339241375 0.5559555953124999 0.33947196874999996 0.5471443609375 0.348601628125 0.555116890625 0.36954292031249997 0.5386227578125 0.380390821875 0.537855659375 0.40339370937499996 0.5393697328125 0.404457921875 0.5404264624999999 0.40411456875 0.54256848125 0.40341858437499994 0.5527641109375 0.39854965937500003 0.564894296875 0.40323031406250004 0.5671436140624999 0.399366109375 0.566844509375 0.39475274374999997 0.5736065375 0.3902003515625 0.57891874375 0.3884743109375
1 0.31623375781249996 0.5585106046874999 0.2947740359375 0.539596290625 0.2766025796875 0.541589115625 0.27591038125 0.5394587484375 0.2809234828125 0.5331193421875 0.27838954375 0.5253206796875001 0.2676744390625 0.5178039328125 0.2514805828125 0.522287553125 0.246860575 0.5261439609375 0.24665929062499997 0.5364085453125 0.2580318515625 0.5460459171875 0.24602187031249997 0.5562149125 0.246605596875 0.5724911453125 0.243205565625 0.5837950671875001 0.24943864375000002 0.584903175 0.2431675296875 0.6018505171874999 0.23406336875 0.60638583125 0.22241791718749998 0.6140811078125 0.2309467859375 0.6403302671875 0.2572004140625 0.6341552218750001 0.2889306671875 0.62306735625 0.28846714218749997 0.621640771875 0.28876741875 0.615276490625 0.30334820625000003 0.6058283546875 0.32432649062499996 0.5943015453125 0.327689659375 0.5900754296875 0.322778846875 0.582249946875 0.31623375781249996 0.5585106046874999