1 0.1948309453125 1 0.1930482375 0.9920589390625001 0.19334304687499998 0.98788931875 0.17732104531249998 0.9881831390625001 0.1732574453125 0.9844285062499999 0.1773971328125 0.976103071875 0.1731752703125 0.9734029312500001 0.17747322031249999 0.9640230046875 0.1730930953125 0.9623773531250001 0.17754930625 0.9519429374999999 0.16760161093749998 0.951725584375 0.1701033484375 0.9433632890625001 0.1658821625 0.9317656781249999 0.1548617921875 0.9280758046875001 0.15055860625 0.93370435625 0.15451395 0.9404142875 0.1538973359375 0.9420094375 0.1576539140625 0.9515082312500001 0.1551033296875 0.9569724078125 0.1551064375 0.9669401546874999 0.16198046875 0.9916283281249999 0.1733396203125 0.9954540843749999 0.177031215625 1 0.1948309453125 1
1 0.3868454890625 1 0.3868898453125 0.9967963171875001 0.383666 0.9905428875 0.38415048125 0.989269975 0.3638164140625 0.9693562421875 0.3509161515625 0.8940762281250001 0.346930165625 0.888698325 0.334878140625 0.8885241421875 0.331187121875 0.8825404359375 0.3224760671875 0.8809010171875 0.319930721875 0.8840953671875 0.321311328125 0.8934620578124999 0.31679966875 0.8935839124999999 0.316982703125 0.8973303906250001 0.331266753125 0.93282936875 0.33923309687500003 0.9370825249999999 0.35125713125 0.9685193296874999 0.35353430937499997 0.9682886375 0.3581065546875 0.9799827734375001 0.366190259375 0.981862990625 0.3626788015625 0.9916769109375 0.3685641046875 0.9943697406249999 0.36774279375 1 0.3868454890625 1
1 0.15931598593750002 0.9263798453125001 0.1676870625 0.9370900750000001 0.1684800359375 0.9392687531250001 0.1764881828125 0.9379490468749999 0.17516996875 0.9359490796875001 0.1786627828125 0.9270889906249999 0.172427634375 0.9216075953124999 0.17187614843750001 0.916848803125 0.1672374875 0.9125558109374999 0.1626070046875 0.9121227812500001 0.1596306703125 0.9188384953125001 0.15931598593750002 0.9263798453125001
1 0.2030957296875 1 0.20185376093750002 0.9943804875 0.1931871515625 0.994176609375 0.191823971875 0.9865481296875 0.198911571875 0.9808033359375001 0.1939391359375 0.9444821953125 0.1923531875 0.9401248390625 0.1972540921875 0.9686962890625 0.18572720781250002 0.9711222562499999 0.1756924703125 0.9493539625 0.1684800359375 0.9392687531250001 0.17109124375 0.9464429875 0.1742868578125 0.9480960875 0.1920577640625 0.9910736437500001 0.19433976875 1 0.2030957296875 1
1 0.9327275187499999 0.685678703125 0.934277225 0.6854137234375 0.94270738125 0.7040526296875 0.9449472218749999 0.7046330375000001 0.94839761875 0.7025547624999999 0.9447104671875 0.6934294546875 0.9394749234375 0.6840702046875 0.9367209843750001 0.6790164625 0.9335851984374999 0.6719085484375 0.9313240859375 0.6732798125 0.9312068296874999 0.6779829421875 0.9327275187499999 0.685678703125
1 0.9827868453124999 0.6827359046875 0.9852321703125 0.6815966578125 0.9858341609375 0.6813775515625 0.9855804953125 0.6802237671875 0.9839826953124999 0.6795342875 0.9811794562499999 0.6764922640625 0.9790676296875 0.6729742890625 0.9795081109374999 0.6728139671875 0.9800219921875 0.6723527859375 0.9783840828124999 0.6701825718750001 0.9765913359375 0.6680437921875 0.9749454171874999 0.665851571875 0.973727921875 0.66250653125 0.9717616078125 0.6594340375 0.9706509499999999 0.65729621875 0.969595109375 0.65718206875 0.9674434375000001 0.6582144359375001 0.968807759375 0.6615060359375 0.9696914921875001 0.6634772265625 0.9697516687500001 0.665972465625 0.969766496875 0.6692568 0.97139249375 0.6737241890625 0.9735789140625 0.6737009859375 0.97445595 0.6751512468749999 0.9759403593749999 0.677402253125 0.9767855593749999 0.6834248625 0.9778695984375 0.687316921875 0.979058896875 0.686884053125 0.9804751203125001 0.6866178109375001 0.9812906671875 0.6860717546874999 0.980882165625 0.68494940625 0.979405765625 0.6827204078125 0.978655490625 0.6802022 0.978347009375 0.677024746875 0.98059360625 0.6794967828125 0.9827868453124999 0.6827359046875
1 0.981720896875 0.6652795859375 0.9807986937500001 0.6687305140625 0.9809229734375 0.6719500890625 0.9832323609375001 0.6756453796875 0.9855936968749999 0.6768793875 0.9874865843749999 0.6797044624999999 0.9911786390625 0.6788840328125 0.9916791390625 0.67765513125 0.9898944265624999 0.6760866390625 0.9882244890624999 0.6741025375 0.9881630484375 0.6732027796875 0.989103934375 0.6696204406249999 0.9875661171875001 0.6670399625 0.9874604234375 0.661495859375 0.984593309375 0.662938159375 0.981720896875 0.6652795859375
1 0.8022074828125 0.7285984265625001 0.8014041390625 0.7334266609375 0.8134292671875001 0.729049871875 0.8125508828125 0.7272761125 0.8111585203124999 0.7237704171875 0.8105604812499999 0.7227669 0.8081869546875 0.7175248546875 0.8056920156249999 0.7135481875 0.8019921453125001 0.7187328468749999 0.8034407453125001 0.726230546875 0.8022074828125 0.7285984265625001
1 0.78572815 0.76477719375 0.7889343015625 0.7632613390625 0.7860493375 0.7533705359375 0.7797672390625 0.7425978015625 0.7775378890625 0.7377518796875 0.77515396875 0.7389684671875 0.7754731703125 0.7430890609375 0.7756509765625 0.7493795046875 0.7775156796875 0.748700809375 0.7803951015624999 0.75400794375 0.78572815 0.76477719375
1 0.964850815625 0.6790958296875 0.9705036546875 0.6770383640625 0.9715248421875 0.6783364703125 0.9680871515625 0.665830634375 0.967112553125 0.6615996749999999 0.9647218515624999 0.66037635625 0.9601551109375001 0.6524434671875 0.958407796875 0.6514345734375 0.956818078125 0.6524119374999999 0.9599540328125 0.663357809375 0.95979396875 0.665933209375 0.9631420828125 0.6751320734374999 0.964850815625 0.6790958296875
1 0.8307132109375001 0.7472077046875001 0.834238275 0.7432330890625 0.833821715625 0.7409921734375 0.8274779234375 0.723562746875 0.8216310531250001 0.714625378125 0.8188427015625 0.7162383875 0.82106960625 0.7261942484375 0.82815025625 0.7445517484375 0.8307132109375001 0.7472077046875001
1 0.74980575625 0.7663129 0.747835275 0.7595285140625 0.74663361875 0.752115390625 0.7448235765625 0.7512539375 0.745664428125 0.7494525609375 0.7426809734375001 0.746052453125 0.738241428125 0.7469206515625 0.73810140625 0.7499622765625 0.74033205625 0.7540351375000001 0.7405925859375 0.7595478078125 0.741393690625 0.764489890625 0.74322396875 0.7702038046874999 0.745526828125 0.7772161234375 0.7508608999999999 0.7809070984375001 0.7560010953125 0.7771670546875 0.7550319046875 0.774504225 0.7509071390625001 0.7700241906249999 0.74980575625 0.7663129
1 1 0.6108506859375 0.9920167078125001 0.6137563671875 0.982539803125 0.6196978984375 0.9797369625 0.6257024875 0.9475687265625 0.6423952078124999 0.8227658 0.6878197578125 0.8122205156250001 0.6816890484375 0.8019426281250001 0.6854298937500001 0.7927331203125 0.701242978125 0.7721773437499999 0.7087246687500001 0.764702296875 0.706460925 0.6612561312499999 0.7466044703125 0.6296214828125 0.7556263203125 0.6221464359375 0.7533625765624999 0.6112012625000001 0.7598385125 0.605194484375 0.7570403625 0.5927810421874999 0.7640507046875 0.5867742640625 0.7612525546875 0.5743608203125 0.7682628984375001 0.56835404375 0.765464746875 0.53378285625 0.7755554109375 0.524839540625 0.7738260718750001 0.5153626359375 0.779767603125 0.5078875890625 0.7775038578125 0.49694241562499997 0.7839797953125001 0.48946736875 0.78171605 0.4703798625 0.788663334375 0.46757702031250004 0.7946679249999999 0.4550298796875 0.796742490625 0.4522270375 0.80274708125 0.437544340625 0.8080911453124999 0.4347415 0.8140957359375 0.4221943578125 0.8161703031249999 0.41792324687500004 0.8227092984375 0.40324055000000003 0.8280533640625001 0.4004377078125 0.8340579531250001 0.38789056718750003 0.8361325203125001 0.38361945625 0.842671515625 0.3689367578125 0.84801558125 0.3661339171875 0.8540201703125 0.3550550453125 0.8555603312500001 0.350783934375 0.862099328125 0.3361012375 0.8674433921875 0.3332983953125 0.87344798125 0.3222195234375 0.8749881421874999 0.3150118734375 0.8825959531249999 0.22104261093750002 0.9167979671875001 0.180464646875 0.924090478125 0.17686082187500002 0.9278943828124999 0.1751263609375 0.9459712140625 0.172189821875 0.9470400265625001 0.1593752828125 0.9392430390625 0.160308759375 0.9189655234374999 0.1498947640625 0.8629426375 0.1510956375 0.8525366765625 0.1438855765625 0.8053165312499999 0.144285465625 0.7927098859374999 0.1401468484375 0.7767706828125001 0.141347721875 0.7663647234375001 0.1378763890625 0.7476904265625001 0.138276278125 0.73508378125 0.131199915625 0.6927994125 0.1324007890625 0.682393453125 0.12225298437500001 0.60882814375 0.122652875 0.5962214984374999 0.11851425625 0.5802822953125 0.1197151296875 0.5698763328124999 0.11624379843749999 0.5512020390625 0.11664368750000001 0.53859539375 0.11250507031250001 0.522656190625 0.1137059421875 0.512250228125 0.10983351562500002 0.47876860312499997 0.0988871375 0.45783056093749996 0.0838033453125 0.44836729531249997 0.0720571875 0.45264254687500005 0.0651169328125 0.4701219109375 0.06938925 0.4909968921875 0.074998546875 0.5612296421875 0.079137165625 0.5771688453125 0.0779362921875 0.5875748062499999 0.082074909375 0.6035140109375 0.0808740359375 0.6139199718749999 0.08808409687499999 0.6611401171875 0.0868832234375 0.6715460765625 0.09102184218750001 0.6874852796875001 0.0898209671875 0.697891240625 0.094093284375 0.7187662218749999 0.09663113906250001 0.75771803125 0.1007697578125 0.7736572359375 0.099568884375 0.7840631953125 0.1129218296875 0.8938452234375 0.1449611875 0.981872634375 0.16004497812500001 0.9913358999999999 0.177664215625 0.984923021875 0.1776630109375 0.957509046875 0.18502540625 0.9541735062500001 0.188172384375 0.944454284375 0.1923878 0.950837965625 0.195282246875 0.95109616875 0.20062294375 0.9840433875000001 0.21530564062500002 0.9786993234375 0.22424895781249998 0.9804286624999999 0.2345268453125 0.9766878171875 0.24173449531250002 0.9690800062499999 0.25214608125 0.9702749390625 0.25935373125 0.9626671281249999 0.26976531875 0.9638620625 0.2784412390625 0.9557198453125 0.288852825 0.956914778125 0.296060475 0.9493069671875001 0.3064720609375 0.9505019000000001 0.3166162515625 0.9418252765625 0.32702783750000003 0.943020209375 0.3320999328125 0.9386818984374999 0.331966234375 0.9337461203125 0.366537421875 0.92365545625 0.3701485875 0.9149584875000001 0.403110465625 0.9053595171875 0.417659465625 0.8950796750000001 0.42203166249999996 0.8964037515625 0.42353254375000005 0.89294205 0.42807105156249997 0.8962746078125001 0.439817209375 0.8919993546875 0.4443557171875 0.8953319125 0.49574515625000004 0.8766276859375 0.49921528437499996 0.8678880046874999 0.6073283609375 0.8301368453125001 0.6305597796875 0.8450047140624999 0.64898 0.840792521875 0.6501808734375001 0.8303865625 0.6437730015625001 0.812781078125 0.6511143515625 0.810109046875 0.6517995671875 0.8142327874999999 0.6577884140625 0.8101721062499999 0.6734057921875001 0.811964503125 0.68728750625 0.8044197531249999 0.7065087109375 0.802408246875 0.71518463125 0.7942660296875 0.7255962171875 0.7954609625 0.7357404062499999 0.7867843390625 0.7461519937500001 0.787979271875 0.7623029609375 0.7821008015625 0.7695106109375 0.774492990625 0.7930029265625 0.7659424875 0.80194624375 0.7676718265625 0.8107558609375 0.7644653875 0.81275771875 0.7562601109375 0.8156942578124999 0.7551912984375 0.8270405265624999 0.7635226937499999 0.8358501453124999 0.7603162546875 0.8370510171875001 0.7499102921875 0.8450596515625 0.74450316875 0.8861712046875001 0.7295397875 0.8951145203124999 0.7312691250000001 0.902322171875 0.723661315625 0.9112654875 0.7253906546875 0.9780049109375 0.698607271875 0.986948228125 0.7003366109375 0.9985606875 0.69112558125 1 0.6912907703125 1 0.6108506859375