1 0.4996426890625 0.8460032453125 0.54401608125 0.8414718765625 0.5503464421875 0.8308644875000001 0.4993794109375 0.7747890515625 0.5048365875 0.7400374296875001 0.5771222265625 0.703592496875 0.5751071296875 0.6458876703125 0.5971364078125 0.6287884421875 0.590017953125 0.587571765625 0.5667691718750001 0.5155392562500001 0.571973040625 0.5027898765625001 0.54762155 0.45338963750000005 0.546044790625 0.40823716093750007 0.5336345234375 0.377251396875 0.4827073921875 0.3765282875 0.457159778125 0.4012949734375 0.469613321875 0.43351998125 0.4586492890625 0.44394897499999997 0.43420298749999997 0.4460434140625 0.3960497796875 0.4875802453125 0.3884227203125 0.5393579671875 0.4035048953125 0.6468570921875 0.40604822812499997 0.6534323359374999 0.42952934843749996 0.6882340578125 0.4539889140625 0.6873799109375 0.4490852421875 0.737981871875 0.40705765937500005 0.7468740296874999 0.4339273828125 0.8141772890625001 0.4587492046875 0.82369681875 0.45694224375000003 0.8356271484375 0.4996426890625 0.8460032453125
1 0.67484354375 0.1900092109375 0.6732801546875 0.19600742499999999 0.6788295468750001 0.20175725781249998 0.679119909375 0.2100721890625 0.6726192656250001 0.2287104125 0.71211403125 0.23505592968750003 0.712507696875 0.246329059375 0.7267430296875 0.24525159687500003 0.7314422703125001 0.2266562671875 0.7259138171874999 0.22150607031249997 0.7184394796875 0.21226128906250002 0.707278575 0.1989827109375 0.6988305921875 0.186810125 0.6827533734375 0.1867711890625 0.67484354375 0.1900092109375
1 0.091869778125 0.2242555625 0.0868731828125 0.2291729375 0.0880345890625 0.23919851250000002 0.0790031546875 0.24215550624999999 0.0715714171875 0.2453167953125 0.0670948015625 0.2539382796875 0.07465496875 0.2544547484375 0.081518590625 0.257397003125 0.10888720156250001 0.2572417578125 0.1148406921875 0.256493528125 0.11860889687500001 0.2508185625 0.12513748593750001 0.24502719062499997 0.123773684375 0.2395314390625 0.1134217265625 0.23909245 0.11252136718750001 0.23568179374999998 0.10774319531250001 0.2244817265625 0.100593421875 0.22367075625 0.091869778125 0.2242555625
1 0 0.3483949171875 0.0018152859375 0.34989495625 0.0027756625 0.34986141875 0.0336277265625 0.348784040625 0.0499911015625 0.34755221718749996 0.060137134375 0.3343500828125 0.072143890625 0.31850139843749997 0.0697750296875 0.3057362953125 0.0616132046875 0.2931534734375 0.047726821875 0.28271174062500004 0.0426932125 0.27710399375 0.0196211703125 0.2798308578125 0.02324984375 0.300276675 0.008963570312499999 0.30591869531250004 0 0.3182080140625 0 0.3483949171875
1 0.179806640625 0.40023381249999995 0.16717660781250002 0.41114123906250005 0.16309362968750002 0.41812798906250004 0.1638606875 0.4246051640625 0.14183278125 0.4296970296875 0.13138872031249998 0.44124855781249994 0.1315394859375 0.4455659265625 0.21156054375000002 0.4413306515625 0.209587425 0.43129339843750003 0.190913825 0.4240206671875 0.19887041562500002 0.41867973281250004 0.2012573765625 0.4095908921875 0.1978646453125 0.4053667234375 0.190070653125 0.399875384375 0.179806640625 0.40023381249999995
1 0.3974593140625 0.3377797984375 0.39807490156249997 0.336477521875 0.39861580625 0.333897071875 0.3978969140625 0.331380628125 0.39404005625 0.33107504374999996 0.3863570515625 0.33134334062500004 0.378207825 0.3354702578125 0.37574617187500003 0.33811778124999997 0.3758794875 0.34193545468750003 0.376643746875 0.34575110625 0.376717734375 0.347869815625 0.37617683125 0.3504502640625 0.369829003125 0.351952715625 0.36349583124999996 0.3538749109375 0.360403234375 0.3573849796875 0.35999634375 0.36380308906250003 0.3753770125 0.364546765625 0.375903259375 0.361546571875 0.380841921875 0.3558307328125 0.390986584375 0.3537754375 0.3941385109375 0.3519643328125 0.3965554953125 0.3480375890625 0.3965108234375 0.34675836875 0.3964068234375 0.343780184375 0.3974593140625 0.3377797984375
1 0.807981621875 0.3886037375 0.8031629828125 0.38398909375 0.801266646875 0.37787154843750004 0.7958128609374999 0.36625480625 0.7892549343749999 0.3600198765625 0.7828735984375 0.3588418640625 0.7745380187500001 0.36193465625 0.768890940625 0.3688759640625 0.764886159375 0.387567115625 0.7557598078125001 0.3921083875 0.7525164546875 0.3956037078125 0.736589328125 0.41104896562500004 0.7364141578125001 0.4180793609375 0.7474368453125 0.41965563437500003 0.739903203125 0.4216197515625 0.7492159171874999 0.42241522812500004 0.7652421859375 0.421855578125 0.7922129640625 0.4206335671875 0.79154780625 0.413632515625 0.7992663890625 0.40491783281249993 0.8143245953125 0.40159028125 0.81441181875 0.391180896875 0.807981621875 0.3886037375
1 0.8885513234375001 0.410405175 0.8882086093750001 0.4005911578125 0.8854042359375001 0.390843090625 0.8818656265625 0.3833019921875 0.8727176234374999 0.3803394484375 0.8559689578125 0.3705379984375 0.8589924515625 0.3633280875 0.8497111328125 0.3565478703125 0.8332290984374999 0.354381765625 0.8202472859375 0.358657428125 0.8198648390625 0.37179878125 0.821801659375 0.37993614375 0.8331628390624999 0.37571707499999996 0.8364341187500001 0.3756028390625 0.8489106359375 0.3800901484375 0.8548334296875 0.3853466484375 0.8600415296874999 0.393369775 0.8669079562500001 0.40241565156250003 0.8770763718750001 0.41136623125 0.8845164921875 0.412747415625 0.8885513234375001 0.410405175
1 1 0.887815740625 0.978126896875 0.8819863078125 0.9253934796875001 0.8820267015625 0.8840924781249999 0.8996788390624999 0.8502672375 0.937802546875 0.85469581875 0.9871780703124999 0.8520205875 0.9880119421875 1 0.9828443874999999 1 0.887815740625
1 0.7506347250000001 0.3658112296875 0.7560891625 0.35593485625 0.7352079390624999 0.34051420625 0.73102163125 0.3316348984375 0.722017396875 0.324184603125 0.7132239515625 0.321910103125 0.7056840375 0.32799695156249997 0.6948498515625 0.3516094421875 0.680909784375 0.36888646875000003 0.7506347250000001 0.3658112296875
1 0.3639908890625 0.125398453125 0.3759844203125 0.12724100625 0.38128464375000004 0.13273938125 0.38892300468749996 0.1440997265625 0.3910336 0.14430619375 0.4068937359375 0.1346868234375 0.3985036921875 0.125894275 0.40157813124999997 0.116701378125 0.401242396875 0.10708723906249999 0.3841461703125 0.1054028625 0.3782087078125 0.09370295 0.3734277625 0.0910281734375 0.3678762859375 0.09038152187500001 0.36151310312499996 0.0914442421875 0.36133025625 0.09825477187500001 0.3649791390625 0.10551184843750001 0.3621957375 0.1109923265625 0.3575830078125 0.1131346140625 0.3607621671875 0.118126703125 0.3639908890625 0.125398453125
1 0.6066022109375 0.41454758125 0.61671198125 0.41493499062500006 0.623773134375 0.4243943234375 0.62496174375 0.42659418125000004 0.6328729828124999 0.4285592796875 0.6394134375 0.4231077 0.641244128125 0.41185695625 0.640905603125 0.402162865625 0.6371576015625 0.3903464703125 0.6214356375000001 0.3901550421875 0.6146124953125 0.3866510328125 0.6156447546875 0.3843736203125 0.622827290625 0.3654714375 0.6136757921875 0.3598273828125 0.5980354921875 0.3611140046875 0.587049115625 0.367461290625 0.5889406 0.3897888796875 0.570095334375 0.395670153125 0.5630174968749999 0.41757050781249994 0.5641795828125 0.41901082812499996 0.5652900171875 0.4189720515625 0.5675408953125001 0.41889344843750004 0.5786836234375 0.417023434375 0.5890537421875 0.4248663 0.59228104375 0.4217717828125 0.5932651421874999 0.4172546875 0.6010200296875 0.414742515625 0.6066022109375 0.41454758125
1 0.3072248421875 0.5055911625 0.291809925 0.48149445625 0.273793103125 0.47840135000000006 0.273714928125 0.47616271406250005 0.2802812078125 0.471450684375 0.27999503125 0.4632556796875 0.2717669078125 0.45307663593749997 0.25496452187499996 0.4529229375 0.2494605140625 0.45535650624999996 0.246437725 0.46516797656250003 0.2547133125 0.47756671562499997 0.24036562187500002 0.48403138125 0.2364403984375 0.4998379984375 0.2300562953125 0.5097668484375 0.2357424796875 0.5125501 0.2250429765625 0.527112378125 0.21504139375000003 0.5289625546875001 0.2017259609375 0.5331498078125 0.2026891875 0.5607329953125 0.2296278671875 0.5620336406249999 0.263185175 0.5601213421875 0.263132825 0.55862225625 0.26517570468749996 0.552587284375 0.281795915625 0.5475241625 0.30513875625 0.5422262828125 0.309536515625 0.5390908921875 0.3069729359375 0.530214953125 0.3072248421875 0.5055911625