1 0.2353001609375 0.8633381218749999 0.2469860109375 0.88898876875 0.2527159984375 0.8875718234375001 0.2513716734375 0.8869241078125001 0.24796345937500003 0.875095890625 0.244600284375 0.8668528359375 0.23817391250000003 0.8482341953124999 0.2378586125 0.8443322546875001 0.2354280828125 0.839526034375 0.23263909531250002 0.8393138640625001 0.2297190171875 0.8479903656250001 0.2353001609375 0.8633381218749999
1 0.20262201562499998 0.8435776875000001 0.1977550078125 0.840389484375 0.1955806125 0.835626834375 0.1929658578125 0.8349853578124999 0.1909575921875 0.8371323109375 0.19436176562500002 0.8420328874999999 0.192966709375 0.84394493125 0.196383709375 0.854754128125 0.20099130468749998 0.8628496906249999 0.20938985468750002 0.8815957171875001 0.21022423125 0.8838813 0.21795197656249998 0.8803726265625 0.21804843749999997 0.8792402453125 0.2146958515625 0.87650064375 0.2078881109375 0.8632218625 0.20760441875 0.8604740906250001 0.2053269359375 0.8527093296875 0.20498450781250002 0.8484635515625 0.20262201562499998 0.8435776875000001
1 0.2204890828125 0.8477201671874999 0.2224730609375 0.84639575625 0.22113002812500002 0.8443514671875001 0.2182966 0.8455541875 0.21742079531249997 0.8442507156250001 0.21459658906249998 0.8383171062500001 0.21302756562499997 0.8361403062500001 0.21276325 0.8336381296875001 0.21317493125000003 0.8308490093750001 0.2116407875 0.8291142828125 0.209075209375 0.8275889328125 0.206849996875 0.828305040625 0.20656776250000003 0.8310392140625 0.20967092968749998 0.8349507421875 0.20928560156249998 0.838921640625 0.21147454843750002 0.8463178671874999 0.2150359828125 0.8535883859375 0.21693753437500002 0.8565885640625 0.2201524921875 0.8611633421875 0.22294396718749998 0.8699790390625 0.227134284375 0.8798508078125 0.2270081125 0.8791936625 0.22911826249999998 0.878526396875 0.2301266171875 0.8764231468749999 0.2282514171875 0.8746047484374999 0.227358390625 0.8721410046875 0.224631853125 0.8623586 0.22424136562500002 0.859199278125 0.22301038750000002 0.8533000875000001 0.2204890828125 0.8477201671874999
1 0.17249307187500001 0.837380740625 0.17783367187500002 0.8499624078125001 0.186911928125 0.8615920906250001 0.19091966093749999 0.8710337171875 0.19906709218750002 0.8687936859375001 0.19487858593750002 0.856966715625 0.18793855937499998 0.8425765046875 0.1808432453125 0.8307396671875 0.17786151875 0.82271543125 0.1735941890625 0.8282579968749999 0.17249307187500001 0.837380740625
1 0.1550366875 0.8795134578124999 0.14817210625 0.8641013125000001 0.1487497546875 0.8571044359375 0.14577974375 0.8463085609375 0.14106535 0.8420402875 0.1411128015625 0.8444314593750001 0.13871061093749998 0.8372526625000001 0.1357307703125 0.837070740625 0.1355000328125 0.8448848874999999 0.13788095625000002 0.8482146109375 0.1380233125 0.8553881249999999 0.1396105953125 0.8576079406250001 0.1403256859375 0.86309155625 0.1439731640625 0.8663659203125 0.153760303125 0.8901827687500001 0.1550366875 0.8795134578124999
1 0.3212892375 0.6740621515624999 0.3215430453125 0.6766195515625 0.3215683640625 0.678918590625 0.32304781718750003 0.6818441156249999 0.326135825 0.686599690625 0.32890120624999997 0.69395429375 0.3321133265625 0.69312385625 0.3309009484375 0.68830820625 0.328929553125 0.6831040390625 0.3270671890625 0.678716584375 0.326275015625 0.67461095 0.32531825625 0.6703975 0.32031680625000003 0.667012540625 0.31993940468750004 0.6694825234375 0.3212892375 0.6740621515624999
1 0.1399222515625 0.886614475 0.1413676890625 0.8853409843750001 0.14101165 0.8845022078125 0.1385785375 0.8782502953125 0.135314665625 0.8700412359374999 0.1349261578125 0.8675663921875 0.131101353125 0.8595954359375 0.1273414828125 0.85489660625 0.125694515625 0.8536158875 0.12528809375 0.8521385578125 0.1218314765625 0.8403562687499999 0.11743376093749999 0.8399132046875 0.11696144374999999 0.8460785187500001 0.1181807109375 0.8505105093750001 0.1174329703125 0.8534676609374999 0.11957834062499999 0.8585218343750001 0.12184239062499999 0.8638556015625 0.12465824218749999 0.8689297578125 0.127483225 0.8740254234375 0.129509915625 0.8788000046875 0.13173813437499998 0.8861287953125 0.1361649546875 0.891839015625 0.1373047359375 0.8903652984375 0.135474153125 0.88553285625 0.1327353828125 0.8790807203125001 0.1319671546875 0.8731120156250001 0.1342166515625 0.87581220625 0.136352890625 0.880844871875 0.1379048609375 0.8845010828125 0.1399222515625 0.886614475
1 0.2209025734375 0.8429758453125 0.224686125 0.850329759375 0.227843296875 0.8509694343750001 0.2302796015625 0.850950575 0.231122509375 0.8482576140625 0.23159129374999998 0.8430837062500001 0.23172772031250002 0.8397261046875 0.2329445828125 0.8368744093749999 0.2307992140625 0.8318202343750001 0.22652879375 0.8279980609375001 0.2226742640625 0.8309540875 0.2201666421875 0.8360035234375 0.2209025734375 0.8429758453125
1 0.48663289687500005 0.6455809703125001 0.483687771875 0.6389626046875 0.4823213984375 0.6395425953125 0.48007353750000004 0.636486359375 0.4786651328125 0.63728725 0.4795213859375 0.6399442796875 0.47890722500000005 0.6426162890625 0.48207334687500003 0.649115465625 0.48518323125 0.654242490625 0.4883803578125 0.6611346234375 0.490793325 0.6595012046875001 0.48804542656249994 0.6530275609375 0.48552730468750005 0.6496545453125 0.48663289687500005 0.6455809703125001
1 0.47154818125000003 0.645993840625 0.475270071875 0.64936353125 0.47738435625 0.6484660703125 0.47805200000000003 0.647319678125 0.47617628749999996 0.6418210703125 0.47398457968749996 0.6388171453125 0.47177883437499996 0.636859853125 0.470226690625 0.6348027968750001 0.4686733390625 0.63546215625 0.46838524843749996 0.6374627312500001 0.469220228125 0.6405095249999999 0.47154818125000003 0.645993840625
1 0.51954764375 0.64978318125 0.5212584328125 0.649894609375 0.5217744953125 0.6487110296874999 0.521328196875 0.6465399203125 0.5204799546875 0.6437018140624999 0.5196309359375 0.6417016531249999 0.519128828125 0.6405187609375 0.5177302453125 0.6391833734375 0.5176298234375001 0.6389467953125 0.516596325 0.6371518515625 0.51580208125 0.6352807312500001 0.5150991296874999 0.6336246828125 0.5145665359375 0.63149020625 0.512954965625 0.6300929328125 0.5118901140625 0.6311033453125 0.511590053125 0.6319160328125 0.5117890859374999 0.6343443921875 0.5121056796875 0.6368497609375 0.5127964859375 0.6389170796875 0.513763065625 0.6409942515625 0.5143229625 0.641873409375 0.515404346875 0.644181053125 0.5156051890625 0.6446542109375 0.5166265453125 0.6468604265625 0.517490721875 0.6480165390625 0.5181369171875 0.6488590656250001 0.51954764375 0.64978318125
1 0.5360574796875001 0.641810646875 0.5332377546875 0.6324485328125 0.529980425 0.6270541265625 0.5265887390625 0.6227828046874999 0.5256618609375 0.622998565625 0.5251792171874999 0.6233811109375 0.5247492765625 0.6261272171875001 0.5257590046875 0.6281860734375 0.52540175625 0.630063709375 0.52528135 0.633059159375 0.5268095484375 0.6369792828125 0.5283000265625 0.6392909546875 0.529488378125 0.64041099375 0.5312523890625 0.64232735 0.534231796875 0.6443877421875001 0.5360574796875001 0.641810646875
1 0.1972658328125 0.8252408640625 0.19704673125 0.8247246921875 0.1975162015625 0.8216318375 0.1966306671875 0.8195456468750001 0.194485034375 0.8190096265625 0.191318903125 0.8209881234375 0.1921897125 0.8220398953125001 0.1927137796875 0.824914075 0.189770109375 0.8280164937500001 0.1893555875 0.8296392359375 0.1905169796875 0.833055121875 0.19139881406249998 0.8334930359375001 0.194318540625 0.8322536859375 0.197009946875 0.8333956546874999 0.1980728171875 0.8317007625 0.1985164484375 0.8311063359374999 0.2002420515625 0.8293331890625 0.199356515625 0.8272469984375 0.1986226453125 0.8265178359375 0.1972658328125 0.8252408640625
1 0.3640083421875 0.70748031875 0.371061978125 0.712100903125 0.3796917109375 0.7084378 0.3807424421875 0.7029153406249999 0.37670319218750004 0.68940055 0.3687366328125 0.6826292515625 0.47480524687500003 0.6328279625000001 0.4809231625 0.6350088953124999 0.491878240625 0.6608174421874999 0.4989318765625 0.665438028125 0.507561609375 0.661774925 0.5073118609375 0.6491898093749999 0.4985701859375 0.6325946296875 0.49060362656249995 0.6258233328125 0.8559289906249999 0.470751915625 0.8615443375 0.47598301718749997 0.8670218765625 0.48888729218750004 0.8740755124999999 0.49350787656249995 0.8983886140624999 0.4908022515625 0.9070183484375001 0.487139146875 0.9080690796875001 0.48161668750000003 0.9040298296874999 0.4681018984375 0.8980269234374999 0.45795885312499995 0.890060365625 0.45118755781250003 0.8695367640624999 0.454822859375 0.8674353015625 0.4658677765625 0.863120434375 0.46769932968749994 0.3116908421875 0.6905991140625 0.25520544218749996 0.6956236609374999 0.2476964875 0.6933961421875 0.2471360984375 0.69634145625 0.2390667546875 0.697059246875 0.237490659375 0.7053429359375001 0.24296819687500001 0.7182472093750001 0.2504093921875 0.7277797359375 0.257463028125 0.7324003203125 0.2660927609375 0.728737215625 0.26584301093749996 0.716152103125 0.3197601859375 0.689881321875 0.3601069 0.68629235625 0.35853080312499996 0.6945760453125 0.3640083421875 0.70748031875