1 0.6348487515625 0.732871078125 0.6346132250000001 0.732883421875 0.632217890625 0.73449536875 0.6328498765624999 0.73709085 0.633725565625 0.7398300234375 0.638671609375 0.7395708125 0.6401300703125 0.7390093375 0.6405216390625 0.7370173640625 0.6403065703124999 0.7329136218750001 0.6404110953125 0.729950965625 0.6398821453125 0.7293215359375 0.63862568125 0.7292309203125 0.6361273093750001 0.728876815625 0.6351381 0.7289286578125 0.6348487515625 0.732871078125
1 0.28849753125 0.7557790953125 0.28769625 0.7567129359375 0.28502906875 0.7612493671875 0.2868606 0.763750690625 0.28311555624999996 0.7702524765625001 0.2776750453125 0.7800037 0.290458040625 0.780569840625 0.28947524062499996 0.7712804203125 0.29135897499999996 0.76531428125 0.289221421875 0.7632827437499999 0.290905440625 0.75981485625 0.291300434375 0.7605921234374999 0.2910289421875 0.7554117328125 0.28849753125 0.7557790953125
1 0.9619292640625 0.747836015625 0.9586795359375 0.735849040625 0.956679871875 0.73104085625 0.9559688953125001 0.725586215625 0.9540297453125 0.7219326953125 0.9498844906249999 0.7221499390624999 0.9484826140625 0.7242417984375 0.9483295046875 0.7298825421874999 0.9486623296875001 0.7362332031250001 0.949471259375 0.7476127109374999 0.9619292640625 0.747836015625
1 0.6763346359375 0.7398970031250001 0.6781454078125 0.738847671875 0.6778158546874999 0.7325594265625 0.677513596875 0.732199753125 0.670617596875 0.7326550359375 0.6709996406250001 0.7426487374999999 0.67560220625 0.742595284375 0.6763346359375 0.7398970031250001
1 0.613288865625 0.717149765625 0.610150325 0.7162972296875 0.6072025015625 0.7127748046875 0.600474803125 0.7137376 0.6000227140625001 0.7168279953125001 0.601966121875 0.718760184375 0.60099734375 0.7237082921875 0.6042238578125 0.7320978015625 0.6066018375 0.73646370625 0.6079222468750001 0.738225140625 0.611902634375 0.7380165375 0.6131108859375 0.7259211 0.6140925875 0.7207689109375 0.613288865625 0.717149765625
1 0.7340860140625 0.75175015 0.73170574375 0.747791171875 0.7304887140625 0.7421440031250001 0.7281001046875 0.7375752515625 0.7281724125 0.7330965796875 0.7265449984375 0.7313355875 0.721981846875 0.7325917515625 0.72125546875 0.736306734375 0.7238887671875001 0.73923543125 0.7229700328125 0.7455890968750001 0.72311968125 0.7484445531249999 0.7239561125 0.7526878421875 0.726176103125 0.7535885171875 0.73137059375 0.7531128812500001 0.7340860140625 0.75175015
1 0.640811503125 0.72542380625 0.64073411875 0.73160820625 0.6427098859375 0.7422694140625 0.648821615625 0.7426219078125 0.6496317515625 0.7346467046875 0.6486816531249999 0.728234515625 0.6454045875000001 0.7238374984375 0.640811503125 0.72542380625
1 0.4959529 0.7567042374999999 0.49616469687500003 0.7607455671875 0.4969093640625 0.76729369375 0.4953058078125 0.7731982093750001 0.49724055156249997 0.7736131453125 0.50635196875 0.7726193046875001 0.5081542375 0.7705064593750001 0.5079285390625 0.7661998703124999 0.5098426984375 0.7590117140625 0.506162625 0.75413513125 0.5048760718749999 0.7516678328124999 0.504056153125 0.750443440625 0.5013580734375 0.7503344984375 0.49876286875 0.75173786875 0.49849233593750003 0.7537860843749999 0.4970276546875 0.7551302078125001 0.4966638984375 0.7553996140625 0.4959529 0.7567042374999999
1 0.618861940625 0.73516403125 0.6197137453125 0.73925005 0.6190890984374999 0.743554265625 0.6216151109375 0.7439851546875 0.6245073484375 0.739687271875 0.6236790953125 0.7356000171875 0.6260727953125 0.7339568640625 0.6297244328125 0.7319817953125 0.6269725453125 0.7312967546875 0.6236678234374999 0.7313291296875 0.622560703125 0.7264272296875001 0.6188393953125 0.7266222546875001 0.6182530203125001 0.7312061 0.618861940625 0.73516403125
1 0.0820926359375 0.7762501734375 0.0822228546875 0.767919440625 0.0790903625 0.7680836078125 0.0668220328125 0.7849988640625 0.0668522890625 0.785576196875 0.083951465625 0.7846800671875 0.0820926359375 0.7762501734375
1 0.8231529671875 0.722126271875 0.814497375 0.7282126109375 0.8148081203125 0.734141975 0.8196578156250001 0.7370014546875 0.8291248046874999 0.7378352578125 0.83621528125 0.7361337140625 0.8421752343750001 0.73449141875 0.8390756265625001 0.7312272921875 0.8340761062500001 0.72956479375 0.8322805609374999 0.7254969390625 0.8294712703125 0.723265909375 0.8244954640625 0.7220559140625 0.8231529671875 0.722126271875