1 0.5998560140625 0.33173218125 0.5878696578125 0.33089401406249996 0.5830574609375 0.32803371718749996 0.575950021875 0.3194700078125 0.5703386203125 0.32311097499999997 0.5630089015624999 0.3130221625 0.554600490625 0.299319890625 0.5494092703125 0.2969520015625 0.5412842078125 0.30294099218750004 0.537554559375 0.31327069375 0.5365969625 0.3222610890625 0.5432603031250001 0.341879571875 0.5829912046875 0.35272453593750003 0.5872655250000001 0.3444613921875 0.603514471875 0.346611865625 0.6069995625 0.33977950625000003 0.5998560140625 0.33173218125
1 0.332096540625 0.2674151984375 0.31795918749999996 0.26642661875 0.3114826828125 0.2873670265625 0.30990700625 0.30990023906249997 0.29812970625 0.346839265625 0.29743050000000004 0.356838378125 0.317818375 0.35198993125 0.3351173515625 0.3556998 0.34583046875 0.3577226265625 0.3471103984375 0.35151443437499996 0.34426688437499997 0.3563395984375 0.3444877328125 0.3173423609375 0.338444325 0.3081218640625 0.33642178437500003 0.2891109390625 0.332096540625 0.2674151984375
1 0.6124938703125 0.3597643921875 0.613382925 0.368553703125 0.623313984375 0.3641769734375 0.6244216812500001 0.3724154875 0.6354604359375 0.376277271875 0.6341340984375 0.36858955312499997 0.6372967421875 0.36345648750000004 0.637738190625 0.35983139375 0.6327358828125 0.3484901171875 0.6285054171875 0.34201453437499996 0.6193787828125 0.344183175 0.6124938703125 0.3597643921875
1 0.1497297015625 0.661654278125 0.1491433296875 0.6541362375 0.146839284375 0.639823003125 0.14115613124999998 0.6261226046874999 0.14200777656250002 0.6220072812499999 0.14252807812499999 0.614566628125 0.1384649359375 0.6092820875 0.13363876875 0.6072935296875 0.12955736874999998 0.610333878125 0.1283749890625 0.619402903125 0.13054054375 0.6278569109375 0.1259710453125 0.6300375875 0.122087225 0.6380921703125 0.1187897765625 0.6536647921875 0.12486110937499999 0.6615899656249999 0.139507634375 0.673440521875 0.14310258125 0.6695170296875 0.14362288125 0.662076375 0.1497297015625 0.661654278125
1 0.6774236890625 0.38185335781249996 0.674585371875 0.37585251249999996 0.6735846953125 0.36910745624999997 0.6701369500000001 0.3590542296875 0.666489675 0.35611028437500003 0.6629202546874999 0.3563088359375 0.661096559375 0.35707761250000003 0.6596329265625 0.3609850328125 0.657405465625 0.3675279421875 0.65599014375 0.375000359375 0.6575986078125 0.385821271875 0.6572883968750001 0.390257496875 0.6810599703125 0.3977221375 0.680637653125 0.3909939359375 0.6774236890625 0.38185335781249996
1 0.6879010109375 0.36529682812500003 0.6835714953124999 0.38263705625 0.68665761875 0.3864380640625 0.6826032828125 0.389763346875 0.6821026765625 0.3969223359375 0.692849565625 0.3935343375 0.690601140625 0.40183300468749994 0.6990996046875 0.406743671875 0.7015599984375 0.40224551875000003 0.703904028125 0.392691640625 0.7023609656249999 0.3907911359375 0.703471240625 0.3782733859375 0.69840014375 0.36209199375 0.6900520984375 0.36186204375000003 0.6879010109375 0.36529682812500003
1 0.727659359375 0.39366875625 0.725044703125 0.3994769859375 0.72129933125 0.4151833921875 0.738261134375 0.4190112078125 0.7411055765625 0.409916884375 0.739867915625 0.3991690734375 0.7321008328125 0.3933189015625 0.727659359375 0.39366875625
1 0.025710073437499998 0.6246777390625 0.0227134203125 0.6189252796875 0.024533142187500002 0.6130614609375 0.023400425 0.604844784375 0.018599648437499998 0.60450908125 0.0160538484375 0.61246853125 0.013937045312499998 0.6225807984375 0.006766815625 0.6314905671875 0.006854518749999999 0.6344922328125 0.028111842187500003 0.6351295625 0.030491765625 0.6335741406250001 0.028307262500000003 0.628303034375 0.025710073437499998 0.6246777390625
1 0.392588153125 0.3227343421875 0.3849909296875 0.31512703124999997 0.3802534515625 0.30963023125 0.3742206171875 0.3040664359375 0.377207878125 0.2920337421875 0.37426965624999997 0.2789498515625 0.3672605375 0.2752519109375 0.361352284375 0.274178334375 0.353324059375 0.27878246875 0.3538920015625 0.30134764375 0.35661700937499996 0.311208809375 0.35001872968750003 0.31395522656249997 0.3464706015625 0.3156412421875 0.3414810265625 0.319797428125 0.34484009531250004 0.3329107484375 0.3452204171875 0.345839359375 0.3442013109375 0.354141434375 0.345435125 0.35486455625 0.34971216250000003 0.3364828375 0.3554703875 0.333654090625 0.35941048593749997 0.3384582875 0.365281496875 0.3523841046875 0.3683372265625 0.3577397171875 0.3910244734375 0.3574156296875 0.39444422968750004 0.3389739625 0.395161490625 0.3287166578125 0.392588153125 0.3227343421875
1 0.431285634375 0.291687525 0.42230947187499995 0.2802806515625 0.407433565625 0.288061915625 0.40610877500000003 0.3164150390625 0.39215998124999996 0.3203457140625 0.39281040625 0.3576348609375 0.392017884375 0.3595607390625 0.447376225 0.359492765625 0.44148070781250004 0.3414375328125 0.42998605 0.3288639015625 0.431285634375 0.291687525
1 0.4805241734375 0.286403478125 0.47611631875000004 0.287392528125 0.47281835 0.29110091875 0.471973225 0.2969149515625 0.47276633593749995 0.30416440625 0.4712904328125 0.30667934375 0.47206368750000005 0.3204845578125 0.4681027828125 0.32740158125 0.45904334062499996 0.3326412125 0.45551886875 0.33958875312500003 0.45468768906249996 0.3454273484375 0.4524231328125 0.3589965515625 0.4856708765625 0.3619818921875 0.48741924062499997 0.35557058750000003 0.49399532187500006 0.3547095671875 0.4941315515625 0.35276138437500004 0.49681676562500005 0.31436103593750003 0.49502225468749994 0.2965689859375 0.49249899375000006 0.28919854843750004 0.4861510578125 0.28679694843750003 0.4805241734375 0.286403478125
1 0.1999272765625 0.622943940625 0.198733728125 0.619629078125 0.1950979640625 0.615624528125 0.1881772953125 0.6178294921874999 0.18678899375 0.6273794421875001 0.1858863875 0.635359446875 0.18243009375000002 0.6388680718749999 0.18136254062499998 0.6489829484375 0.1812886796875 0.6500391921875 0.2056093078125 0.6485320421874999 0.20429456093749998 0.636646671875 0.2009056875 0.63426329375 0.197023034375 0.6286375734375 0.1999272765625 0.622943940625
1 0.8076629515624999 0.3693078296875 0.80097361875 0.3717884234375 0.7995531687499999 0.38739795 0.797147571875 0.3985042578125 0.8006920078125 0.41299857656250005 0.8045010515625 0.4098212484375 0.81000475625 0.41511217343749995 0.8129054437500001 0.420221078125 0.8117919203125 0.4314413234375 0.811470921875 0.44073568906249994 0.824390715625 0.447040521875 0.8235372249999999 0.45924601093749995 0.832594753125 0.46478544375 0.8347920140625 0.45217859687499995 0.8374139140624999 0.4518666140625 0.8403128484375 0.42900136875 0.8345629484374999 0.39475214062499997 0.8335918734375 0.3853438359375 0.8299003046875001 0.38213733906249997 0.8283558171875001 0.37174546249999996 0.8286643874999999 0.36733271093750003 0.823419071875 0.36305050156249996 0.825939209375 0.3641937890625 0.8201237640624999 0.35888106406250003 0.8141235515625 0.360914521875 0.8096990109375 0.37289388749999997 0.8076629515624999 0.3693078296875
1 0.637250534375 0.373973 0.6411059515625 0.38603603125 0.6504581140625 0.386689996875 0.6556265953125 0.37997535312499997 0.6588266171875 0.356612253125 0.654642934375 0.349243640625 0.645290771875 0.34858967343749997 0.6399581578125 0.357651528125 0.637250534375 0.373973