1 0.48813552656250003 1 0.49423667812499994 0.9912804156250001 0.5164896999999999 0.92757924375 0.5638307296875 0.763648528125 0.575231675 0.7671341468749999 0.5847715906250001 0.8219190624999999 0.5805591796875 0.8538141578125 0.6010709484375 0.8455630968750001 0.6037632046875 0.82772538125 0.6021241140625 0.787821028125 0.607598521875 0.756287275 0.6082346109375 0.7316006500000001 0.6054903546875 0.7224597859374999 0.596108521875 0.6988490609375 0.5907260937500001 0.6847629390625001 0.59478643125 0.6714821734374999 0.593842275 0.6338473812500001 0.5871897546875 0.6193729515624999 0.5695743140625 0.6181505484375001 0.5609845640625 0.6507889437500001 0.554966046875 0.6613894484375 0.5432089578125 0.6681539046875 0.522916203125 0.684773784375 0.5015642734375 0.709347215625 0.48616993124999996 0.7461255140625 0.4608488046875 0.78817075 0.44466838593749997 0.8184884468750001 0.4561604734375 0.8261651062500001 0.478101253125 0.799665628125 0.51284335625 0.7584435734375 0.487906171875 0.8400094265625 0.45257913906249997 0.9827076031249999 0.4653582296875 1 0.48813552656250003 1
1 0.6486179640625 0.28398964375 0.650936503125 0.273947703125 0.6495654562500001 0.27191224062499997 0.64856365 0.270699853125 0.64911509375 0.26788075624999996 0.6507759765625 0.26496004218749997 0.6507060859375 0.2621958765625 0.6476123625 0.2603439265625 0.645762728125 0.2613702390625 0.6448613703125 0.26383746406249997 0.6438032406249999 0.2683138578125 0.6422069484375 0.268511521875 0.6391718828124999 0.2689794984375 0.638097390625 0.2704631984375 0.6368169796875 0.27465123125 0.6358933296875 0.27916874062499997 0.6359549531249999 0.27896717656250003 0.6474170875 0.2854591921875 0.6486179640625 0.28398964375
1 0.704205271875 0.3048781828125 0.703706646875 0.305974690625 0.7005803125 0.3107493625 0.701205425 0.3114302625 0.712315184375 0.3180594421875 0.71394564375 0.3165742921875 0.7140160984375 0.30763276093749997 0.712810596875 0.304521403125 0.7136527906250001 0.30176670781250003 0.7144881390625 0.2990344078125 0.7147060328125 0.2988561328125 0.71462508125 0.298586490625 0.7126119875 0.2937343828125 0.7107205609375 0.2934010078125 0.7069006421874999 0.2977187375 0.7067463968750001 0.3004143796875 0.704205271875 0.3048781828125
1 0.7820301656249999 0.1893277046875 0.78230509375 0.1849547109375 0.779731178125 0.182257621875 0.77838765625 0.1824835890625 0.7776352171875 0.1870289515625 0.7762931828124999 0.19141854687499998 0.7738736234375 0.198637825 0.7708875374999999 0.2063206203125 0.77658566875 0.2106095984375 0.778786865625 0.20618880312500001 0.7813520031250001 0.19710386875000002 0.7820301656249999 0.1893277046875
1 0.7898165203125 0.1735861734375 0.7908641296875001 0.17015960000000002 0.79420468125 0.166234078125 0.7922283203125 0.1613687109375 0.7913252703125 0.15614578750000002 0.790641396875 0.151381703125 0.7884990890625 0.15138794375 0.7855683203125 0.1574468703125 0.78487055625 0.1600498078125 0.7817764640625 0.162581325 0.780181625 0.1663548671875 0.7827269390625 0.16967993125 0.7815828984375 0.174276996875 0.7857924359374999 0.1786251390625 0.787564659375 0.173950746875 0.7898165203125 0.1735861734375
1 0.7365630328125 0.23415227187499998 0.7402028328125 0.22652240156249998 0.7439863203125 0.216658959375 0.7463414953124999 0.2156892484375 0.74756969375 0.21295460937500002 0.745854265625 0.2093200140625 0.748258953125 0.203271671875 0.7477786375 0.198055546875 0.744847021875 0.2002693984375 0.7413715875 0.2079495203125 0.7388152812500001 0.2082944859375 0.7354180953125 0.21261901249999998 0.735153690625 0.21594218281250002 0.73283116875 0.22172177343750002 0.7302867109375 0.23309053125 0.7324498 0.23713137343750001 0.7347733375 0.238135621875 0.7365630328125 0.23415227187499998
1 0.4038928984375 0.21852458281249998 0.4010453046875 0.220249846875 0.4169945015625 0.22857899375000001 0.4151460390625 0.21763041093750002 0.4162256859375 0.2084341671875 0.4084236359375 0.2112405671875 0.4038928984375 0.21852458281249998
1 0.450114403125 0.138151828125 0.45251791093750005 0.1332296328125 0.452221321875 0.12912271718749999 0.4492336484375 0.1308786234375 0.4474696234375 0.1373432375 0.4457693765625 0.1378274796875 0.44483817031250006 0.14087332187499998 0.44216887343750005 0.1467183171875 0.4434705421875 0.1548059078125 0.447792865625 0.150127503125 0.445907746875 0.15121643437500001 0.4514135421875 0.14555294531250001 0.450114403125 0.138151828125
1 0.42754992031250005 0.15610978125 0.4251808546875 0.1644465140625 0.41913163906250006 0.171780559375 0.41561215625000003 0.18211654375 0.424521659375 0.1879261 0.4313741390625 0.17219292656250001 0.43613413906250004 0.1675258875 0.43493335625 0.159909946875 0.43723398593749996 0.152384925 0.4330389546875 0.1512493125 0.4312916234375 0.1557354 0.42754992031250005 0.15610978125
1 0.7480975187500001 0.24291942031249997 0.7520965140625 0.24539098906249998 0.7565083546875 0.238388984375 0.7566118171875 0.2350043625 0.760488825 0.23279791875 0.759044315625 0.23078897656250003 0.7597001171875 0.22388758593750002 0.7630329171875 0.225812628125 0.7648600875 0.223897834375 0.7651468875 0.2202876390625 0.763897909375 0.2189751953125 0.7606749374999999 0.2213938421875 0.7480975187500001 0.24291942031249997
1 0.6791426984375 0.275052996875 0.6789635875 0.2676759453125 0.669927271875 0.2759089484375 0.6642760703125 0.2863768578125 0.66594940625 0.2942107390625 0.67787333125 0.29785625 0.68141484375 0.29161670625 0.6849563578125 0.2853771640625 0.6791426984375 0.275052996875
1 0.7715950625 0.26450303124999996 0.781059421875 0.272612790625 0.7868472234375 0.255819434375 0.789510415625 0.25207864999999996 0.792183115625 0.24050420625000002 0.7903145203124999 0.23667584531250002 0.7852942625 0.2410184234375 0.7715950625 0.26450303124999996
1 0.5314089578125001 0.226090421875 0.5283441437499999 0.228900271875 0.5266155 0.233539009375 0.523682978125 0.24158103125000002 0.5198263609375 0.246499771875 0.52181881875 0.2605045578125 0.520416853125 0.2727858640625 0.5157473875 0.281913140625 0.5142282781249999 0.2924933609375 0.5150457859375 0.2934534859375 0.523009875 0.29353738281249997 0.5260470609375 0.2867028453125 0.526590675 0.2777100609375 0.5277515125 0.2728977265625 0.5355672125 0.2586100359375 0.5369774796875 0.2498822109375 0.5368278515625 0.2463100109375 0.5364074765625 0.24405092343749998 0.5355677703125 0.23605558906250002 0.53459206875 0.23411650781249999 0.532888378125 0.228893696875 0.5314089578125001 0.226090421875
1 0.8391905078124999 0.24511235468749998 0.8444289734374999 0.23918794375000002 0.8414405203124999 0.23827428281250002 0.8423107296874999 0.2140510625 0.839882184375 0.2059618015625 0.8316015390624999 0.200981228125 0.8289233859375 0.183019946875 0.8199580296875 0.1802789625 0.8142914250000001 0.16140401875 0.8104934578125 0.1577939359375 0.8000338749999999 0.1545961203125 0.795676 0.1581616390625 0.7922524421875 0.1693595875 0.7865251453125001 0.177404284375 0.7811081484375 0.1684013609375 0.7823527671875 0.1589861734375 0.7799242234375 0.1508969109375 0.770958865625 0.14815592500000002 0.7637373421875 0.1557437921875 0.759629075 0.1691813296875 0.7506637171875 0.16644034531250002 0.74344219375 0.1740282109375 0.7374652890625 0.1722008875 0.7347871359375 0.15423960781249998 0.705587325 0.1428634015625 0.6983658015625 0.1504512671875 0.69562695625 0.1594096265625 0.696686078125 0.171978065625 0.682118228125 0.1822177875 0.6796896828125 0.1741285265625 0.6603895468750001 0.1731257359375 0.6475152625 0.19099109375 0.6398482515625 0.18882624374999998 0.6328728734375 0.198998021875 0.6321812421875 0.18666139375 0.5325101125 0.15851833906249999 0.5300815671875 0.150429078125 0.518687665625 0.13959883281250002 0.50704415625 0.11889656562499999 0.4876192171875 0.112957765625 0.48039769374999997 0.12054563125 0.47572951718749995 0.14115876875 0.45630457812499997 0.13521996875 0.45194670312499996 0.1387854859375 0.4470896125 0.1226069640625 0.42467622031249996 0.11575450312499999 0.41527575937499994 0.12512512656250002 0.3863255546875 0.1236209421875 0.371757703125 0.1338606625 0.3533918859375 0.140490303125 0.34617036093750003 0.14807817031249998 0.3421868984375 0.16645171718750001 0.34679437968750004 0.17275821875 0.34063197968750003 0.192914525 0.31411031875 0.1994996015625 0.29481018125 0.1984968125 0.2875886578125 0.206084678125 0.2849746171875 0.21997904531249998 0.28740316250000003 0.22806830625000002 0.29636851875 0.23080929062500002 0.30290533124999997 0.225461015625 0.31784759375 0.23002932343750002 0.3213352609375 0.2506870234375 0.3527140109375 0.2602804703125 0.359250821875 0.25493219375 0.36348389375 0.2464306671875 0.3694607984375 0.24825799062499998 0.3668467578125 0.2621523578125 0.36846578750000003 0.2675451984375 0.37743114375000003 0.2702861828125 0.3921237984375 0.264982471875 0.40936980156249997 0.27270403125 0.4180855515625 0.2655729953125 0.42786042343749997 0.2710104 0.437260884375 0.2616397765625 0.44242827343749996 0.2607706796875 0.4451064265625 0.278731959375 0.45407178281249994 0.28147294375 0.4606085953125 0.27612466874999997 0.48383150312499995 0.28567355 0.4911778296875 0.28302169374999997 0.49223695312500004 0.295590134375 0.501202309375 0.29833111875 0.507739121875 0.2929828421875 0.5228027703125 0.24371187187499999 0.516914521875 0.2370138 0.520024365625 0.22667230156249998 0.5266614296875 0.2204023140625 0.528280459375 0.22579515468750003 0.53898965 0.238864990625 0.525420228125 0.2885927921875 0.5264793515624999 0.3011612328125 0.5354447078125 0.3039022171875 0.5419815203125 0.298553940625 0.5473985171875 0.3075568640625 0.556363875 0.31029784843749997 0.5672585625 0.3013840546875 0.5688775921875 0.30677689531249996 0.581640915625 0.31312796249999997 0.5840694609375 0.32121722343750003 0.59303481875 0.3239582078125 0.5995716296875 0.31860993125000003 0.6093465015625 0.3240473359375 0.6158833140625 0.3186990609375 0.61999158125 0.3052615234375 0.61444978125 0.291322590625 0.61880765625 0.287757071875 0.6262787875 0.290041225 0.6306366625 0.2864757078125 0.6493947421875 0.28673655781249996 0.6492520875000001 0.2897180875 0.65821744375 0.2924590734375 0.66543896875 0.2848712078125 0.6738676234375001 0.28449498906250004 0.673969221875 0.2997238015625 0.698811159375 0.3146655234375 0.7072773015625 0.29766246875 0.7139389171875 0.297250203125 0.7136286171874999 0.314297821875 0.71848570625 0.33047634531250003 0.7289452890625 0.3336741609375 0.7352966046875 0.3503095140625 0.7442619625 0.35305049843749997 0.7491190515625 0.3692290203125 0.767049765625 0.3747109890625 0.757916003125 0.687830078125 0.753558128125 0.691395596875 0.74278824375 0.7052454015625 0.740174203125 0.7191397687500001 0.7417932328125 0.724532609375 0.7582297203125 0.7295577484375 0.7647665328125 0.724209471875 0.7688748000000001 0.7107719343750001 0.7693099046875 0.698660325 0.766881359375 0.6905710640625 0.7712983046875 0.6870863984375 0.8428807171875 0.2704250578125 0.8451777953124999 0.26880400312499997 0.843558765625 0.2634111625 0.84685751875 0.24727720468749997 0.8391905078124999 0.24511235468749998