1 0.243046309375 1 0.2165915203125 0.8946932109375 0.20506389062500002 0.8293167718750001 0.2134332328125 0.8300816421875 0.2122697796875 0.78533151875 0.2041183734375 0.7687962578125 0.1934572625 0.7549441375 0.189442615625 0.753411415625 0.1814660296875 0.716632140625 0.1715931828125 0.67341771875 0.16135835625 0.666212271875 0.150312640625 0.6884207890625 0.15065848906249998 0.7243049546875 0.15598786874999998 0.7503002671875 0.151090571875 0.769136365625 0.1560076171875 0.8267159796874999 0.15485432500000001 0.8965690203125 0.17184682812500002 0.886850946875 0.1791849921875 0.970938675 0.18528412968750002 1 0.243046309375 1
1 0.29037131718750003 1 0.2849741421875 0.981794540625 0.2760110015625 0.938610403125 0.2886534984375 0.9309465124999999 0.2794605109375 0.9094939406250001 0.27953191093749996 0.8945121500000001 0.2729863015625 0.8858240921875 0.2740216109375 0.8694163796875 0.26651209374999996 0.862154240625 0.2685113140625 0.8443206109375 0.26003788437500003 0.8384843921874999 0.253563675 0.8148145421875 0.263001015625 0.8192248421875 0.25198041875 0.769033303125 0.247089465625 0.79114469375 0.24061525625 0.7674748421875 0.24119791093749998 0.7437849984375 0.2341410484375 0.7438049953125 0.230415403125 0.7185366937500001 0.2276668390625 0.72013514375 0.22119262968750003 0.6964652953125 0.22667579531249998 0.694763875 0.2229361875 0.6709910546875 0.21471842031250002 0.6727954453125 0.2082442125 0.649125596875 0.20304051250000002 0.6785513703125 0.20368052812499998 0.7001772296875 0.2107746015625 0.7301519125 0.2193423046875 0.75309724375 0.23089916875 0.8135105781249999 0.2381294296875 0.9031950296875 0.2406811609375 0.9176666171875001 0.24599601718750003 0.9221641421875001 0.246747190625 0.9777133015624999 0.25144950312500003 1 0.29037131718750003 1
1 0.895041965625 0.70655855 0.89741718125 0.7139103703125 0.8967439859375 0.708832759375 0.8950819843750001 0.6939182515625 0.8923349046875 0.68076826875 0.888590190625 0.673657928125 0.8860766953124999 0.6679513578125 0.8830365578125001 0.6635771390625 0.8834396124999999 0.6726115375 0.8851550984375001 0.6810808109375001 0.8867104953125 0.6905317656250001 0.8877004093749999 0.6948861156249999 0.890989015625 0.709847515625 0.8941409328125 0.71062658125 0.8941392031250001 0.7112466296875 0.8942046124999999 0.7060387828125 0.895041965625 0.70655855
1 0.8418928625 0.6927136093749999 0.840521928125 0.688807825 0.8383678515625 0.6836099515625 0.837223975 0.6856708796875 0.8377534890625 0.6926330593750001 0.8403622875 0.7074282921874999 0.8442807312499999 0.706975728125 0.8433476765625001 0.7013241921875 0.8418928625 0.6927136093749999
1 0.4516373984375 0.7117082984375 0.4509373046875 0.7086376796875 0.44972126718750005 0.7056103625000001 0.44911910781250003 0.7039049796875 0.4485739125 0.7017128265625 0.447834284375 0.7009374640625 0.44722958124999995 0.7005673640625 0.44725516406250004 0.702422084375 0.4475649578125 0.70417901875 0.4481927 0.707739121875 0.4480959953125 0.7089003171875 0.44929430937500003 0.7148864609375 0.45042750624999994 0.721313140625 0.45332598593749995 0.722184565625 0.45292549375 0.719013446875 0.4523792765625 0.71591569375 0.45211024375 0.7143899359375 0.4516373984375 0.7117082984375
1 0.8782483765625001 0.7145253375 0.88047958125 0.714131915625 0.8749367140625001 0.689175371875 0.877428384375 0.687019809375 0.8725724906250001 0.675767190625 0.8722790015624999 0.674102728125 0.870836425 0.669160778125 0.869713128125 0.6693588453125 0.87263130625 0.6826693500000001 0.8782483765625001 0.7145253375
1 0.0544483140625 0.7661545078125 0.0614391578125 0.795813684375 0.07032572499999999 0.8206573703125001 0.0761288484375 0.8422309390624999 0.07932770781250001 0.8702704609374999 0.0863752390625 0.8690277906249999 0.0794356640625 0.8438884718749999 0.0810712171875 0.8360678078125 0.0800572265625 0.82041929375 0.074811 0.7934558671875 0.0707664625 0.7776266328125 0.068306034375 0.762233165625 0.06606174375 0.7452760640625 0.060880581249999996 0.7386573703125 0.056488584375 0.7379539484375 0.0499399828125 0.74058649375 0.0508514359375 0.747195290625 0.0544483140625 0.7661545078125
1 0.802995484375 0.69103886875 0.8037656953125 0.6973865359375 0.8025658765625 0.700839834375 0.8047876140625 0.704261890625 0.8060627609375001 0.709424053125 0.8080576468749999 0.708500228125 0.806828040625 0.6984674296875 0.8050167671875 0.691254534375 0.805057009375 0.6874336296875 0.8025844843750001 0.6835790671875001 0.8018920406250001 0.6837011640624999 0.802995484375 0.69103886875
1 0.813142953125 0.68758105625 0.8118463078125 0.6841865703125001 0.8110930249999999 0.682793871875 0.8099610734375 0.686092184375 0.8113834859375 0.6961386593750001 0.8120846 0.7001148781250001 0.8131223046875 0.703030621875 0.8147740765625 0.7016905734375001 0.8156946843749999 0.70205264375 0.8155554687500001 0.69640415 0.81500823125 0.6924007984375 0.8138942984374999 0.6879729718750001 0.813142953125 0.68758105625
1 0.0374599828125 0.6883449328125 0.0211937609375 0.6582713328125 0.019164515625 0.6524317046875 0.0720171515625 0.9521738953125001 0.09055206875 0.9777476187499999 0.07305192968749999 0.9251994281249999 0.081932925 0.878296815625 0.07405340625 0.8220023296875001 0.063964821875 0.77639464375 0.0374599828125 0.6883449328125
1 0.8321642515625 0.708444775 0.83274898125 0.7083416703125 0.83192261875 0.7017655421875 0.8308610640625 0.6963750281250001 0.830771075 0.6934351921874999 0.83082864375 0.6906123578125001 0.82991679375 0.6879604578125 0.829305165625 0.690070553125 0.8293625453125 0.6928254484374999 0.8296236328125 0.695925803125 0.8303111937500001 0.700095103125 0.83125413125 0.7051728234375 0.8310540921875 0.7052080968750001 0.8313529828125 0.7066332453124999 0.8321642515625 0.708444775
1 0.1588877828125 1 0.16063183125 0.9866526500000001 0.1585563015625 0.9728121828124999 0.147386965625 0.948609375 0.1360612265625 0.890586590625 0.122940571875 0.847039065625 0.108488653125 0.8124980374999999 0.100518971875 0.80842095625 0.10120994375 0.7897544734374999 0.0983373921875 0.7651851890625 0.09379984375 0.75177884375 0.0874010859375 0.7299765921875 0.07423637968749999 0.7170426484375 0.06707758750000001 0.7259325546875 0.070350165625 0.7712165625 0.0769761890625 0.8006063593749999 0.084711921875 0.8155940453125 0.086842596875 0.8359559375 0.0881499390625 0.8804423265624999 0.0859953421875 0.9135733234375 0.0913745546875 0.9399412281249999 0.100039671875 0.96019971875 0.10569264062499999 0.9613958874999999 0.118018125 0.959222571875 0.127162284375 0.9740095890625 0.133128440625 0.9893093000000001 0.1350134984375 1 0.1588877828125 1