1 0 0.9270403421875001 0.0174324203125 0.9298013671875 0.0178562578125 0.9271253640625 0.017373340625 0.92388180625 0.016442796875 0.9201683515625 0.0158975796875 0.9141219203125001 0.0126985203125 0.9104481671875 0.0146581390625 0.9091625359375 0.017611868750000002 0.9017002156249999 0.0179772578125 0.8961970109375 0.0159463296875 0.8883441984375 0.0093873796875 0.8869063609375001 0.0053377703125 0.8933971109375 0.00146958125 0.90034053125 0.0008611234375000001 0.9057803015625 0.0019618328125 0.9115157140625 0.0070550078125 0.9143173984375 0.0057012796875 0.91647205625 0.003864959375 0.9169792140625 0 0.9177440984375 0 0.9270403421875001
1 0.6460963453125 1 0.6470983828125 0.987884925 0.6480188984375 0.9802751375 0.650757753125 0.9785643 0.6562809640625 0.9712595671875001 0.6578036171874999 0.9650419046875 0.6570652171875 0.957618246875 0.648013278125 0.9527431765625 0.6440246453125 0.9555528234375 0.642167121875 0.9655827718750001 0.6404370953125 0.976505728125 0.6378380109374999 0.9825279671875 0.63272744375 0.9890252390625 0.629658284375 0.9980154062500001 0.6292957671875 1 0.6460963453125 1
1 0.699216709375 1 0.6970420640625 0.9949722875000001 0.7024329687499999 0.9821104625 0.7034796984375 0.9691092125 0.6982630421875 0.9661882203125 0.6906009546874999 0.9660220421875 0.68800270625 0.9761341734375 0.6850546625 0.9925499796875 0.683395059375 1 0.699216709375 1
1 0.2382841046875 0.9607160140625 0.241387659375 0.9312326171875001 0.243780921875 0.9186192015625 0.24859818749999998 0.9116764734375 0.25256735468749997 0.8891131921875 0.24344173750000003 0.8824060109375 0.23693295625 0.89992866875 0.230958753125 0.9091819109375001 0.2270064609375 0.9577078703125 0.2382841046875 0.9607160140625
1 0.263346625 0.9076533171875001 0.25856854218750003 0.9175448828125001 0.2574708265625 0.9264732328124999 0.2607663140625 0.9300375703125001 0.258017 0.9372080796875 0.2510462421875 0.94066759375 0.25072808750000003 0.9507667921875 0.2507271265625 0.9649561140625 0.25828948125 0.967949378125 0.264371978125 0.9600100406250001 0.26758282499999997 0.9458303625 0.27221491875 0.9389580562500001 0.273784359375 0.935141809375 0.2701716765625 0.9274873484375 0.272599109375 0.91216115 0.27001727343750004 0.9081861546875001 0.263346625 0.9076533171875001
1 0.602900396875 1 0.6031884890625 0.9988354515625 0.6035128421875 0.9813058421875 0.599926684375 0.9712865140625 0.5980730171875 0.9624143999999999 0.5973395296875 0.9601535953125 0.59534784375 0.9555488828125001 0.59242581875 0.9482282484375 0.587907565625 0.945791934375 0.5789418171875 0.9473644078125 0.5783582703125 0.9614365203125 0.5823416406249999 0.9706459468749999 0.584862946875 0.9804966187499999 0.5851340671874999 0.9856767 0.5857291906250001 0.9905090953125001 0.584607603125 0.995892528125 0.5843298156250001 0.9958485312500001 0.5787617953125 0.9915501984375 0.575563734375 0.992764365625 0.57544115 0.9970342125 0.5773081640625 1 0.602900396875 1
1 0.5747295140625 1 0.5750557828125 0.99916768125 0.5765854484374999 0.98950974375 0.5745251015624999 0.9887345421875 0.5690565078125001 0.9801128171875 0.57524980625 0.966879328125 0.5764470515625 0.9541263578124999 0.5707795046874999 0.9536526437499999 0.5666440890625 0.955591165625 0.5638407921875 0.9629027499999999 0.5669511375 0.9761260078125 0.5599905406250001 0.9821182937499999 0.5586524671875 0.9853726859374999 0.5564751625000001 1 0.5747295140625 1
1 0.2769415875 0.92289876875 0.27549179687500003 0.9269584046875 0.27462905625 0.9341035296875001 0.26739053749999997 0.9488422890624999 0.26586823125 0.9567557640625 0.26049634843749997 0.9682989109375001 0.2853272875 0.9714337437499999 0.28638196875 0.9595808828125 0.28770917812499996 0.9409133546874999 0.2839814953125 0.936881565625 0.284585734375 0.929670559375 0.284380115625 0.9240769156249999 0.2857143359375 0.9208468515625 0.2872415546875 0.9180962312500001 0.2863031421875 0.913633403125 0.2825145234375 0.913482221875 0.28033475 0.9135609171875 0.2791938765625 0.9189662343749999 0.2769415875 0.92289876875
1 0.0849634421875 0.8731907421875 0.07848789218749999 0.8834119578124999 0.0771628046875 0.8935761109374999 0.0746583109375 0.90938885625 0.07111441093750001 0.9173811421875 0.0609417375 0.9220791531250001 0.058146045312500005 0.9288433156250001 0.05700168437499999 0.936068521875 0.0929597125 0.941763715625 0.09020439062499999 0.9195069468750001 0.0882464671875 0.9101943796875 0.0889442390625 0.907586703125 0.0938224203125 0.8966636125 0.0914531375 0.8755652390625001 0.0849634421875 0.8731907421875
1 0.4443473 0.9506601078125 0.4435192578125 0.9576860406250001 0.441340503125 0.9627524093750001 0.4419386046875 0.9632710796874999 0.452147421875 0.9655363734375 0.45208489687500003 0.9616362109375001 0.45612749218750004 0.9585857359375 0.45850660625 0.9522543453125 0.45933886875 0.946999646875 0.45970717343749995 0.9368834546875 0.45566333593749997 0.9338489687499999 0.4475887875 0.9353880312499999 0.44518288593750005 0.9427874921875 0.4443473 0.9506601078125
1 0.1637222453125 0.9154902390625 0.15831980625 0.9096470640625001 0.1577940171875 0.9042770234375 0.162945521875 0.8904296531250001 0.160000540625 0.8840530125000001 0.154607090625 0.8844456515625 0.1517142359375 0.887728103125 0.14843709375 0.8984309578125 0.1481987125 0.9024330890625001 0.153119009375 0.9088233390625 0.1464152515625 0.916190465625 0.1430839015625 0.9259371078124999 0.140569378125 0.9493043453125001 0.1633325078125 0.9529096703125 0.161462725 0.9406933703125 0.1649310203125 0.940320003125 0.1651802078125 0.9325540140624999 0.1599672 0.928611159375 0.165031753125 0.9235031015624999 0.1637222453125 0.9154902390625
1 0.8522028703125001 1 0.8530498968750001 0.9977115062499999 0.852017034375 0.9841564437500001 0.8393129203124999 0.9860595078125 0.8375954421875 1 0.8522028703125001 1
1 0.922338178125 1 0.9431024796875 0.77248653125 0.934796953125 0.7743122375 0.9364711625 0.7618208859375 0.9442452765624999 0.7599649609375 0.9381453734375 0.7493295296875 0.9453880734375 0.747443390625 0.9398195828125001 0.7368381765625001 0.9465308703125 0.73492181875 0.94149379375 0.7243468203125001 0.9476736671875001 0.7224002484375001 0.943168003125 0.711855465625 0.9488164640625 0.709878678125 0.9448422125 0.6993641125 0.9499592609375 0.6973571062499999 0.946516421875 0.6868727578125 0.9511020578125 0.6848355359375 0.9481906328124999 0.6743814 0.9522448546875 0.672313965625 0.9498648421875 0.6618900484375 0.9533876515624999 0.6597923953125 0.9515390515625001 0.6493986921875 0.9545304484375 0.6472708234375 0.95056766875 0.6364883171875 0.9462448406249999 0.6331000812500001 0.94562789375 0.622949409375 0.954887471875 0.6244159828125 0.96067318125 0.6178510796875 0.957404959375 0.6132031609374999 0.9629850203125001 0.6032547 0.95951115 0.595223225 0.9502515718750001 0.5937566515625 0.94408055625 0.602754284375 0.9406647796875 0.6430485406249999 0.8123234015625 0.8718631203125 0.7716896546875 0.9121073718750001 0.7763431125 0.9237892265625 0.7601831328124999 0.9281568390625001 0.76281741875 0.9181834171875 0.7539438265625 0.9176092296875 0.75210314375 0.9303406453124999 0.7440231546875 0.9325244484375 0.745070234375 0.91703504375 0.7361966421874999 0.9164608546874999 0.7323395015624999 0.9208374578124999 0.532530078125 0.695568378125 0.4812748296875 0.5678094078125 0.4745514359375 0.5707820375 0.47733211718749996 0.55798179375 0.47338940625000003 0.5481541812499999 0.46515934843749995 0.5501756765625 0.46412982812500003 0.5466876078125 0.4579588125 0.5556852421875 0.45692929062500004 0.5521971734375 0.452173103125 0.5622501453125001 0.448699234375 0.55421866875 0.4432182734375 0.564610259375 0.43943965625 0.5527520953125 0.433268640625 0.5617497296875 0.4377373109375 0.575001846875 0.4325000640625 0.5765905375 0.4348159765625 0.5819448546875 0.393889621875 0.6581345609375 0.296132228125 0.6611413265625 0.3259266640625 0.41272049375000003 0.3192436453125 0.40760907656249995 0.3274163859375 0.40029945156249996 0.321397109375 0.3953835734375 0.328906109375 0.387878409375 0.32355057187499997 0.383158071875 0.33039583125 0.37545736875 0.32570403593749997 0.37093257031250004 0.331885553125 0.36303632656249996 0.3278574984375 0.35870707031250004 0.3333752734375 0.350615284375 0.3300109625 0.3464815671875 0.33486499531249997 0.33819424531250003 0.332164425 0.33425606406249997 0.33635471875 0.325773203125 0.3343178875 0.32203056406249997 0.33784444062499996 0.31335216093749996 0.3364713515625 0.30980506406249997 0.33933416250000004 0.3009311171875 0.338624815625 0.2975795609375 0.3408238828125 0.28851007812499996 0.339074603125 0.27750515937500003 0.3423136046875 0.276089034375 0.34529304843749997 0.2512469515625 0.341187525 0.24893676718750002 0.34678277031250004 0.23882590937499998 0.3421509453125 0.2281172765625 0.32208852499999996 0.2249397015625 0.314759553125 0.23126017499999998 0.3101318015625 0.24050223593750003 0.30743465468750003 0.2575313453125 0.308211378125 0.28259193125 0.31592973125 0.293789425 0.0054727984375 0.8555882109375 0 0.8547214046875 0 0.9196684859375001 0.000084615625 0.9195724750000001 0.0101046234375 0.866296846875 0.027853779687500003 0.8151447828125 0.3244017890625 0.2792693390625 0.32827583437499996 0.2957448546875 0.30972897499999996 0.41921190625 0.3170901828125 0.41983457656249995 0.31493671875 0.43206007968750004 0.3078742875 0.4315586140625 0.306019603125 0.443905315625 0.3127832546875 0.44428558125000006 0.3106297921875 0.45651108125000006 0.30416491562500003 0.45625202343750004 0.3023102296875 0.46859872812500003 0.3084763296875 0.46873658437500004 0.306322865625 0.4809620859375 0.30045554375 0.48094543125 0.2986008578125 0.4932921390625 0.304169403125 0.4931875875 0.3020159390625 0.5054130890625 0.296746171875 0.50563884375 0.2948914859375 0.5179855484375 0.29986247499999996 0.5176385906250001 0.29770901250000004 0.5298640906250001 0.2930368 0.530332253125 0.2911821140625 0.542678959375 0.2955555484375 0.54208959375 0.2934020859375 0.554315096875 0.289327428125 0.5550256640625 0.28747274218749996 0.56737236875 0.291248621875 0.566540596875 0.289095159375 0.578766096875 0.28561805625000003 0.5797190750000001 0.2837633703125 0.592065778125 0.286941696875 0.5909916 0.2847882328125 0.603217103125 0.281908684375 0.604412484375 0.2826347703125 0.615442603125 0.2800539984375 0.6167591890625 0.28048130625 0.62766810625 0.2781993109375 0.6291058953124999 0.2783278421875 0.6398936078124999 0.276344625 0.6414526 0.27617437968749997 0.6521191078124999 0.2744899390625 0.6537993046875 0.274020915625 0.664344609375 0.272635253125 0.666146009375 0.271867453125 0.6765701125 0.2596524515625 0.752572946875 0.242726196875 0.8503951828125 0.243097971875 0.8532893109374999 0.24061041562500002 0.8626229609375 0.2410824078125 0.8660710296874999 0.2384946328125 0.8748507406250001 0.239066846875 0.8788527484375 0.236378853125 0.8870785203124999 0.23705128281249999 0.8916344703125001 0.2331051140625 0.8966291421875001 0.2238455359375 0.89516256875 0.219988396875 0.8995391703125 0.211120234375 0.9255659109375 0.20186065625 0.9240993390625001 0.1980035171875 0.9284759421875 0.194533721875 0.9403951609375 0.19723697812500002 0.9532920984375 0.22077122968750001 0.9545258015625 0.2261716328125 0.9503936281250001 0.2307932734375 0.9112255203125 0.23503572031250003 0.9044161890625 0.242756109375 0.9255890296875 0.23967569375000003 0.9550262171874999 0.24739200781249998 0.9562483609375001 0.25124711093749996 0.9418964109375001 0.258190775 0.9380086671875001 0.2519494328125 0.9174857109375001 0.260115271875 0.9158696687500001 0.26114275625 0.9093823890625 0.26744424375000003 0.9095491953125 0.2678275140625 0.897141115625 0.26435364375 0.8891096390625 0.269317234375 0.8847200734375 0.273308475 0.8867495249999999 0.388408659375 0.6685261515625001 0.4440755546875 0.5834114265625 0.45719023593749997 0.57052605 0.4595061484375 0.5758803671875 0.4687657265625 0.577346940625 0.536472790625 0.705395990625 0.6232124453125001 0.9216034765625001 0.619815846875 0.9321092890625 0.6054107 0.9231777187500001 0.593064596875 0.9212222890625 0.5872788875 0.9277871921875 0.5795605359375 0.9165896984374999 0.5529397578124999 0.9148671390625 0.5471540484374999 0.9214320421875 0.532106725 0.916555021875 0.525935709375 0.92555265625 0.5193834609375 0.9569337156250001 0.514753671875 0.9562004296875 0.5108965328124999 0.96057703125 0.5074267375 0.9724962515625 0.5151923453125 1 0.556157678125 1 0.56144094375 0.9810512609375 0.570700521875 0.9825178343750001 0.572245821875 0.9927376125 0.5799621359375 0.99395975625 0.5889312078125 0.9897693656250001 0.5895091671875 0.9861202703125 0.5972739 0.9882852421875 0.6015637453125 0.9774310640625 0.6056165921875001 0.9868011187500001 0.6038816953125 0.9927607296875 0.6061976078125 0.998115046875 0.6270306406249999 0.9964271625000001 0.6389873640625 0.9808646265625001 0.6412992046875 0.9662682468750001 0.6389832906249999 0.9609139296875 0.7278631765625 0.9368920624999999 0.725016640625 0.9570839781249999 0.717300325 0.955861834375 0.703029725 0.9760454 0.7022611484375 0.990886209375 0.7039730421875 1 0.7805635828125 1 0.7844231015625 0.9216054203124999 0.7809492328125 0.9135739453125 0.7900031624999999 0.9116569609375 0.8067433421875 0.8818115796875 0.8388246515625 0.93770305 0.8353630031250001 0.9895236640625 0.836908303125 0.9997434406249999 0.8370851484375 1 0.922338178125 1