1 0.59286 0.6126933328125 0.59724 0.6185333328125 0.60236 0.63216 0.59286 0.6350933328125 0.59432 0.6409333328125 0.61186 0.64288 0.6140399999999999 0.63216 0.61112 0.6292533328125 0.6031 0.6019733328125 0.60528 0.5951733328125 0.62354 0.6155999999999999 0.64838 0.6126933328125 0.65786 0.6155999999999999 0.66298 0.6194933328125 0.6564 0.5941866671875 0.64252 0.5961333328125 0.62574 0.59712 0.62134 0.58736 0.61916 0.5649866671875 0.5987 0.5192 0.61916 0.50168 0.6140399999999999 0.5036266671875 0.58922 0.49584 0.58848 0.50752 0.58484 0.5201866671875 0.5877600000000001 0.5445333328124999 0.59068 0.564 0.59432 0.5902933328125 0.58922 0.6019733328125 0.59286 0.6126933328125
1 0.6496000000000001 0.2709866671875 0.6492 0.27536 0.64838 0.2808266671875 0.64674 0.2835466671875 0.6447 0.28245333281249996 0.6434599999999999 0.2758933328125 0.6422399999999999 0.28136 0.6451 0.2901066671875 0.64798 0.29504 0.64878 0.30104000000000003 0.64798 0.31088 0.6496000000000001 0.31744 0.65248 0.32509333281249997 0.6549400000000001 0.3321866671875 0.6574 0.34312 0.66518 0.3436533328125 0.66642 0.34256000000000003 0.66682 0.33984000000000003 0.6656 0.3403733328125 0.66354 0.2999466671875 0.666 0.27808 0.6643600000000001 0.26224 0.66026 0.2540533328125 0.6578 0.24312 0.65166 0.24093333281249998 0.65002 0.24749333281250002 0.64838 0.2545866671875 0.64878 0.2644266671875 0.6496000000000001 0.2709866671875
1 0.8378399999999999 0.10885333281250001 0.83606 0.1 0.8314 0.0906933328125 0.8285199999999999 0.0765866671875 0.82352 0.0739733328125 0.81992 0.0765866671875 0.81974 0.08544 0.81724 0.08544 0.81598 0.0928533328125 0.81992 0.0976266671875 0.81778 0.10336000000000001 0.82172 0.10456000000000001 0.82172 0.1112266671875 0.81186 0.1129066671875 0.8115 0.1260533328125 0.81634 0.1248533328125 0.82352 0.1286666671875 0.82262 0.13968 0.82674 0.13872 0.82836 0.13632 0.8262 0.1260533328125 0.82656 0.11768 0.83696 0.11482666718750001 0.8378399999999999 0.10885333281250001
1 0.79902 0.13776 0.8017799999999999 0.12832 0.80794 0.11765333281250001 0.80794 0.11248 0.81548 0.0850666671875 0.8116 0.0786666671875 0.8138799999999999 0.0637333328125 0.8065599999999999 0.0606933328125 0.8004 0.06344 0.79674 0.07714666718749999 0.79218 0.0817066671875 0.7905800000000001 0.0960266671875 0.78784 0.0984533328125 0.78784 0.10456000000000001 0.79606 0.1076 0.7875 0.11796 0.78556 0.14384 0.7912600000000001 0.14384 0.7992600000000001 0.13896 0.80108 0.1435466671875 0.80634 0.1417066671875 0.8065599999999999 0.13744 0.79902 0.13776
1 0.8259399999999999 0.1414933328125 0.83822 0.1510666671875 0.85152 0.1510666671875 0.8576599999999999 0.1278666671875 0.85868 0.1155733328125 0.85664 0.1005866671875 0.84346 0.1014133328125 0.8377399999999999 0.11472 0.8259399999999999 0.1414933328125
1 0.7146 0.13034666718750001 0.72978 0.13034666718750001 0.7264 0.12136 0.73988 0.0853866671875 0.73988 0.0337066671875 0.7045 0.0696533328125 0.7146 0.13034666718750001
1 0.59554 0.1130666671875 0.59822 0.1147466671875 0.59984 0.118 0.59984 0.12824 0.6045200000000001 0.13050666718749998 0.6088 0.11176 0.60368 0.0969866671875 0.59516 0.0918666671875 0.5947199999999999 0.0822133328125 0.59216 0.0765333328125 0.58748 0.0770933328125 0.58492 0.0827733328125 0.5870599999999999 0.0918666671875 0.58406 0.09642666718750001 0.57938 0.1038133328125 0.58152 0.1259733328125 0.58266 0.1260533328125 0.58282 0.1256533328125 0.58438 0.1244 0.58784 0.1235466671875 0.5905199999999999 0.1239733328125 0.58988 0.1195733328125 0.58958 0.11599999999999999 0.5924 0.11328 0.59554 0.1130666671875
1 0.37604000000000004 0.9909866671875 0.38902000000000003 0.9949866671875001 0.39868000000000003 0.9798933328125001 0.40599999999999997 0.98256 0.41365999999999997 0.9896533328125001 0.41731999999999997 0.9901066671875001 0.41866000000000003 0.9834400000000001 0.42031999999999997 0.9594666671875001 0.40599999999999997 0.9466133328125 0.40865999999999997 0.9377333328124999 0.40800000000000003 0.9270666671875001 0.40666 0.9257333328125 0.403 0.91952 0.39668000000000003 0.9199733328124999 0.39102000000000003 0.9261866671875 0.39268000000000003 0.9394933328124999 0.39402 0.9461600000000001 0.38204 0.9594666671875001 0.37570000000000003 0.9838933328125 0.37604000000000004 0.9909866671875
1 0.60022 0.1268 0.5982999999999999 0.1165066671875 0.5953999999999999 0.11008 0.5901 0.1165066671875 0.59058 0.1268 0.58866 0.1229333328125 0.57998 0.1332266671875 0.57998 0.14221333281249998 0.5824 0.14413333281250001 0.5901 0.148 0.6016600000000001 0.14736 0.60696 0.14413333281250001 0.60696 0.1370666671875 0.60022 0.1268
1 0.25306 0.96384 0.25128 0.9787733328125 0.25216 0.98504 0.24922 0.9917333328125 0.24834 0.9917333328125 0.26484 0.9999733328125 0.28544 1 0.28574 0.9870133328125 0.2828 0.9815200000000001 0.26983999999999997 0.9795466671874999 0.27071999999999996 0.97288 0.27042 0.9654133328125001 0.26454 0.9575733328125 0.25776 0.9560000000000001 0.25306 0.96384
1 0.23462 0.9639466671875001 0.23248000000000002 0.97448 0.23104 0.97352 0.23104 0.9821333328125 0.2217 0.9840533328125 0.21956000000000003 0.9974666671874999 0.24826 0.9965066671875 0.25042 0.9897866671875001 0.25186000000000003 0.97256 0.24396 0.9582133328125 0.23462 0.9639466671875001
1 0.5654 0.30432000000000003 0.5654 0.2861866671875 0.5705 0.25104000000000004 0.56114 0.23178666718750002 0.56626 0.22271999999999997 0.5535 0.2181866671875 0.55264 0.2204533328125 0.5475399999999999 0.21477333281250002 0.5475399999999999 0.23744 0.5399 0.2476533328125 0.53904 0.26464 0.545 0.2827733328125 0.54414 0.30546666718750004 0.5551999999999999 0.2929866671875 0.5654 0.30432000000000003
1 0.27 0 0.26 0.0213333328125 0.254 0.0186666671875 0.252 0.0026666671875 0.23199999999999998 0.0053333328125 0.22200000000000003 0 0.233 0.0413333328125 0.238 0.04 0.236 0.05600000000000001 0.24033333437499999 0.0688888875 0.23399999999999999 0.072 0.23106976875 0.085302325 0.1908837203125 0.0871627921875 0.178 0.0922666671875 0.1707906984375 0.0880930234375 0.172 0.0810666671875 0.13 0.0026666671875 0.094 0.0026666671875 0.08199999999999999 0.0106666671875 0.08 0.016 0.057999999999999996 0.0026666671875 0.05 0.0053333328125 0.008 0 0.002 0.0053333328125 0.014499999999999999 0.0433333328125 0.018 0.0426666671875 0.016 0.05600000000000001 0.0200930234375 0.09506976875 0.0100465125 0.0955348828125 0.002 0.088 0 0.11200000000000002 0.006 0.12 0.02 0.12 0.032 0.1066666671875 0.044 0.1146666671875 0.046 0.17333333281250002 0.074 0.2293333328125 0.08 0.23733333281250002 0.086 0.23733333281250002 0.10400000000000001 0.2506666671875 0.11399999999999999 0.3786666671875 0.10200000000000001 0.41333333281250006 0.026000000000000002 0.576 0.026000000000000002 0.592 0.032 0.6 0.10200000000000001 0.616 0.11200000000000002 0.6213333328124999 0.11399999999999999 0.64 0.11399999999999999 0.7013333328125 0.06 0.8933333328125 0.032 0.9173333328125001 0.028000000000000004 0.9253333328125001 0.006 0.9306666671875 0.002 0.9359999999999999 0.002 0.9733333328124999 0.006 0.9733333328124999 0.018 0.992 0.034 1 0.13 1 0.128 0.9706666671875 0.148 0.9706666671875 0.156 0.96 0.16 0.96 0.16342857187499998 0.9676190484375 0.162 0.96 0.174 0.96 0.18 0.9653333328124999 0.17285714218749998 0.9725714296874999 0.1917142859375 0.9824761890625 0.194 0.9706666671875 0.202 0.9786666671875001 0.2011428578125 0.9874285703125001 0.22000000000000003 0.9973333328124999 0.26 1 0.252 0.9946666671875001 0.252 0.984 0.248 0.9973333328124999 0.24 0.9973333328124999 0.241333334375 0.9884444453125001 0.236 0.9973333328124999 0.22999999999999998 0.9973333328124999 0.22999999999999998 0.9786666671875001 0.20400000000000001 0.9786666671875001 0.188 0.9653333328124999 0.189684209375 0.9462456140625 0.6127017546875 0.7671578953125 0.612 0.7546666671875 0.642 0.76 0.648 0.7653333328125 0.6900000000000001 0.7733333328125 0.718 0.784 0.744 0.784 0.748 0.776 0.746 0.76 0.682 0.6933333328125 0.67 0.1573333328125 0.686 0.152 0.692 0.1413333328125 0.75 0.1413333328125 0.754 0.14666666718750002 0.766 0.14666666718750002 0.78 0.144 0.786 0.136 0.792 0.14666666718750002 0.806 0.14666666718750002 0.8119999999999999 0.1413333328125 0.82 0.14666666718750002 0.828 0.16 0.834 0.16 0.8380000000000001 0.1653333328125 0.866 0.1653333328125 0.8720000000000001 0.17333333281250002 0.8939999999999999 0.1786666671875 0.9380000000000001 0.1786666671875 0.944 0.17333333281250002 0.9480000000000001 0.152 0.9560000000000001 0.1413333328125 0.962 0.1146666671875 0.96 0.09066666718750001 0.97 0.07466666718750001 0.97 0.0186666671875 0.9560000000000001 0 0.8539999999999999 0 0.8480000000000001 0.008 0.836 0.0106666671875 0.818 0.0026666671875 0.744 0.0026666671875 0.73 0.008 0.722 0 0.6679999999999999 0.0026666671875 0.662 0.016 0.662 0.032 0.626 0.032 0.624 0.013333332812500001 0.614 0 0.514 0.008 0.502 0.008 0.49000000000000005 0 0.48 0.0106666671875 0.47000000000000003 0.0666666671875 0.4721860453125 0.0741395359375 0.4420465125 0.07553488281250001 0.438 0.061333332812499995 0.446 0.0506666671875 0.442 0 0.27 0