1 0.12299054218750001 1 0.116213275 0.9766420671875 0.128475875 0.9732073218749999 0.13758928125 0.9754023437500001 0.14421786875 0.9731508578125 0.1567183265625 0.9666777906249999 0.15445815937500001 0.9597101718750001 0.15381400781250001 0.950666109375 0.15646705156250001 0.9500802046875 0.1591529140625 0.9499864125 0.1651820796875 0.950269128125 0.1681434359375 0.948662453125 0.1680910046875 0.9471610187499999 0.16793289218750002 0.9426332640625 0.16472658281250002 0.937225434375 0.1610741484375 0.9378462390625 0.1591646140625 0.9409194484375 0.1590073203125 0.9364151515625 0.1556123578125 0.9350069546875 0.154304653125 0.9360626249999999 0.156081190625 0.9390306031250001 0.1383106921875 0.9477077125 0.1257750078125 0.9531720046875 0.11993444687499999 0.9493359421875001 0.11139934375 0.9350476437499999 0.100053903125 0.9168409531249999 0.09341740312499999 0.9090161531250001 0.093534784375 0.9029755140625 0.09532061562500001 0.8963598625 0.09511007031249999 0.8903306750000001 0.0919859171875 0.8778734328125 0.08906989843749999 0.8709287171875 0.0860208828125 0.870025184375 0.08402210156249999 0.8700949843749999 0.07682532187499999 0.8748795796875 0.07264391875000001 0.8800521328125 0.07480631875 0.8940697125 0.07249922343750001 0.8951602828125 0.0726040859375 0.8981631484375001 0.073088534375 0.90218625 0.076279228125 0.9075946234375 0.073030678125 0.919781146875 0.06860982812500001 0.92749881875 0.0623772125 0.9312397390625 0.058439171874999994 0.9429335953125 0.0582068171875 0.9555315390624999 0.05760038125 0.976668865625 0.061473346875 1 0.12299054218750001 1
1 0.32319513125 1 0.32311101249999996 0.998754159375 0.32388742187499997 0.9936770218750001 0.3262872203125 0.98673458125 0.325196225 0.982803125 0.3198174265625 0.9801018734375001 0.31986323437499997 0.974697921875 0.3203800140625 0.9689017062499999 0.31684655 0.9639750734374999 0.3132549890625 0.96410049375 0.3088091421875 0.9675206453125 0.30845040468749996 0.9711269124999999 0.3097208640625 0.9797497984374999 0.3018088 0.98688473125 0.2997177828125 0.9959538421874999 0.2990005609375 1 0.32319513125 1
1 0.287080103125 1 0.2864535359375 0.9975679749999999 0.285368075 0.9955858703124999 0.281084778125 0.9785888515625001 0.278549115625 0.973134115625 0.27717095625 0.9721722375 0.27384885625 0.9732982515625 0.271903325 0.9748929437499999 0.26836056875000003 0.9795499375000001 0.26552291562499997 0.98469905625 0.264018084375 0.99936144375 0.2637386421875 1 0.287080103125 1
1 0.58854293125 0.9751570953125 0.587893115625 0.9726665203125 0.5874790203125 0.9715535328125 0.589436171875 0.96894843125 0.5904818390625 0.9666570218749999 0.5904130234375 0.964686390625 0.589447421875 0.9638980125 0.584946115625 0.9634914796875 0.5833782140625 0.9615731984375 0.5811452 0.9616511765625001 0.577860734375 0.9643026296875 0.5768396921875001 0.9668515531249999 0.576592721875 0.97052438125 0.5799191390625 0.9748945203125 0.582541940625 0.9801583046875001 0.583925684375 0.982623253125 0.584793196875 0.9859753 0.5851370578124999 0.99044959375 0.5862607718749999 0.9957657281250001 0.5883613390625 0.9968198218750001 0.59167994375 0.9902211109374999 0.59037949375 0.9852164984374999 0.5881675609375 0.9805255796875001 0.5885920859375 0.9765646875 0.58854293125 0.9751570953125
1 0.4808187078125 1 0.48515954062500005 0.9995546328125 0.4849063953125 0.9923055312500001 0.482563853125 0.9870084703125 0.48117370625 0.9830169968750001 0.48046418593749995 0.9779212828125001 0.47830001875 0.972359621875 0.47454547968750005 0.9673702421874999 0.47234384687500003 0.96610828125 0.46879575625000003 0.9670307921875001 0.467300415625 0.9703244218749999 0.46764755312500006 0.9748925546875 0.46725093125 0.9792047984375 0.46752269843749994 0.9816146218749999 0.4690559421875 0.984779003125 0.4704647125 0.9839311984375 0.47022762343749996 0.9874392625 0.46827590781249995 0.99288628125 0.467348359375 0.997217065625 0.466740871875 1 0.4808187078125 1
1 1 0.9410383156250001 0.992018915625 0.9401156734375 0.9753055234374999 0.9544400828124999 0.9636175781249999 0.9783602109375 0.96225674375 0.9841624109374999 0.9729377328125001 0.983789421875 1 0.9828443874999999 1 0.9410383156250001
1 0.2535808859375 1 0.253319821875 0.9925240703125 0.25022019375000004 0.9812169078125 0.2514210578125 0.9654611734375 0.2487422484375 0.961279815625 0.24174415468750002 0.9605611671875 0.23785433125000002 0.9673677312500001 0.23583328125 0.9681429625 0.23500526093750002 0.9717421296875 0.23634662343750001 0.9783660171875 0.2321843125 0.9818467343749999 0.23306326406250003 0.9931374906249999 0.23129603593749998 1 0.2535808859375 1
1 0.38360929375 1 0.3836053390625 0.9970879328125 0.380151940625 0.9890815109375 0.3766349109375 0.9841777921875 0.37338855937500004 0.9767278656249999 0.36983220625 0.970698071875 0.36698788125 0.9693880890625 0.3652937046875 0.9795238124999999 0.36305703437500003 0.9902422015625 0.3600077890625 0.998734075 0.3611066578125 0.9984138390625 0.3604109921875 1 0.38360929375 1
1 0.412358059375 1 0.41469945937499997 0.99968979375 0.4097594625 0.9903024874999999 0.40896598125 0.98638413125 0.40882752968749997 0.9824194125 0.40933427968749997 0.9781268109375001 0.4060278234375 0.9716420109374999 0.40070003749999994 0.9757741265625001 0.398590128125 0.9847499421875 0.39283324999999997 0.9895782093750001 0.3914739125 1 0.412358059375 1
1 0.46928031875 1 0.46844916718749996 0.9942660515625 0.46657052343750005 0.985687890625 0.4627985609375 0.9748269984375 0.46227258125 0.9673760296875 0.4611026390625 0.9638701218750001 0.45532910624999995 0.9632966171874999 0.452469784375 0.963795771875 0.448952575 0.9678411734375001 0.448152928125 0.97493913125 0.45043710312499996 0.9803556718750001 0.45003157031249996 0.9835172921875 0.44465536875 0.9943218281249999 0.44466298593750003 1 0.46928031875 1
1 0.04410953125 1 0.0440339625 0.997835971875 0.0422997546875 0.9911553359375 0.033352084375 0.9914677953125001 0.036526554687500004 1 0.04410953125 1
1 0.6229328875 0.9763285093749999 0.612838421875 0.9939450531249999 0.6117360265625 0.9964028640624999 0.6429917171875 0.9946772015625 0.6453652703125 0.9945943156249999 0.6374806515625 0.9841589031250001 0.6333062328125 0.9783386015625 0.6332346203125 0.9646473140625 0.6266661671875 0.9583234015625001 0.622085365625 0.9632515296875 0.6229328875 0.9763285093749999
1 0.6588687953125001 0.984609925 0.6554765203125 0.9738767046874999 0.6468394015625 0.9678599171875 0.6412339625000001 0.9707568390624999 0.64165681875 0.9743593 0.641880340625 0.9892666828125 0.6471987859375 0.9951644765625 0.6588718921875001 0.9936528843750001 0.6588687953125001 0.984609925
1 0.57635781875 0.9852879 0.5697231484375 0.9743815 0.565284275 0.9815830546875001 0.45109570000000004 0.9799636765624999 0.34932022812499997 0.9756377484375 0.34190096406250003 0.9870349234375 0.3414913453125 0.975304984375 0.3258758640625 0.9758502890624999 0.32669510156250003 0.9993101671875 0.34231058281250004 0.9987648625000001 0.4589245828125 0.9802964421875 0.5607000531249999 0.984622371875 0.5658577421875 0.9980049687499999 0.5685289359375 0.9849551375000001 0.5752270312500001 0.9976777859375 0.5845963203125 0.997350603125 0.5920766296875 0.9853451421875 0.7735449625 0.979008128125 0.87348273125 0.9872624671875 0.8859751156250001 0.9868262234375 0.8872908921875 0.9797337296874999 0.8840039484375 0.9751508156250001 0.781434890625 0.97873260625 0.5790924375000001 0.9740543171875 0.5841867015625 0.9856206640625 0.57635781875 0.9852879