1 0.7544032015625 0.2424846390625 0.7733836015625 0.2521771640625 0.7888571625 0.24111829999999998 0.7694907796875 0.24010758437500002 0.7657613234375 0.23548981093750002 0.76166881875 0.2301448625 0.760495140625 0.22793749375 0.7544032015625 0.2424846390625
1 0.8289260046875 0.1257038265625 0.8301543921875 0.12535152031250002 0.831493709375 0.124497821875 0.8345369609375 0.12227801875 0.8345769984375 0.11969075 0.8312665062500001 0.12100856093750001 0.8288684140625 0.1218235421875 0.82599261875 0.1224501125 0.8221833125 0.12282979062499999 0.819307515625 0.1234563625 0.8174087984374999 0.12476676718749999 0.8155279156249999 0.12651010000000001 0.8132394062499999 0.1278861890625 0.8116553046874999 0.127525115625 0.8099689531250001 0.12661673125 0.8080285734375 0.1259849875 0.8065480640624999 0.125108725 0.806214803125 0.12408256718749999 0.8057206078125001 0.12239873125 0.80288781875 0.1239049515625 0.8015512171875001 0.12551815156249999 0.80069231875 0.12731976250000002 0.8011278296875 0.12889323125000002 0.8013772375 0.129362296875 0.80100855625 0.1301777015625 0.8012931 0.13483983125000001 0.8085392265625 0.1379062921875 0.811747471875 0.13604117031250001 0.8137939078124999 0.1342098109375 0.82036083125 0.13071811718749998 0.8241682328125 0.13184364531249998 0.8280871234375 0.132025075 0.8296685109374999 0.13162664531249998 0.832675534375 0.1289836953125 0.8315261296875001 0.1279313828125 0.8289260046875 0.1257038265625
1 0.5069233875 0.5169704765625001 0.50562268125 0.519272446875 0.5115565921874999 0.5250186234374999 0.5150201234375 0.5247874046875001 0.53388900625 0.5325395296875 0.532692678125 0.533706521875 0.5398797015625 0.528274740625 0.532327725 0.5228580125 0.5294716421875 0.519527803125 0.5134174046875 0.5129866546875 0.509616190625 0.5098758375 0.5041285656250001 0.511714178125 0.5028893703125 0.514797478125 0.5069233875 0.5169704765625001
1 0.8430993078125001 0.1165927671875 0.8370365203125001 0.1110035984375 0.8371172109374999 0.1111553546875 0.8366941328124999 0.11138030937500001 0.8404091421875 0.10416686718749998 0.838529240625 0.102228825 0.826933584375 0.0993691765625 0.8227947671875 0.101569825 0.8169000796875 0.1025982140625 0.8165896625 0.106762653125 0.8218678625000001 0.1077255203125 0.8266145984375 0.11612031874999999 0.8303663406249999 0.11474485625 0.8369489109374999 0.11922592031250001 0.83746973125 0.120205440625 0.8430993078125001 0.1165927671875
1 0.7751493484374999 0.17579851562499998 0.772545528125 0.1764928328125 0.7700764328124999 0.1753104796875 0.7680940015625 0.1788597515625 0.771788709375 0.1847878375 0.7760177359375 0.18683945156249998 0.779469646875 0.18707451718749998 0.7836485859375 0.1793135609375 0.7751493484374999 0.17579851562499998
1 0.768540484375 0.1833826859375 0.7665822703125 0.18231801406249998 0.764420371875 0.182423428125 0.762414784375 0.183932228125 0.76176771875 0.18684225625 0.7634132218749999 0.1880732 0.7657658453125 0.1883264828125 0.764784959375 0.1906530625 0.76597059375 0.192128521875 0.7683456718749999 0.1920690265625 0.7735721843750001 0.193200946875 0.7750137500000001 0.192894559375 0.7755117515625 0.19156798125000002 0.7767869546874999 0.1890849109375 0.77820796875 0.18758609531249998 0.77635144375 0.18751144375 0.7735184015625001 0.1863102484375 0.7715780234375 0.185678503125 0.7710205265625001 0.184630003125 0.768540484375 0.1833826859375
1 0.7065938593750001 0.298077690625 0.71060335 0.30801475625 0.71271266875 0.3087867265625 0.7138380234375 0.3085069 0.73054353125 0.2913778984375 0.727725384375 0.29002721249999996 0.72059755 0.28935765468749997 0.7166336375 0.2898903234375 0.7151791937499999 0.288752453125 0.713136903125 0.28730777343749997 0.7074655265625001 0.2861823375 0.7038417625 0.288109128125 0.701918125 0.2916802265625 0.7065938593750001 0.298077690625
1 0.6970750921875 0.3274360765625 0.6999289656250001 0.323795075 0.6921472625 0.32269454375 0.69035068125 0.3246408015625 0.6867684390625 0.32571378281249996 0.685042021875 0.3245081671875 0.6797087796875 0.3263706 0.6785896124999999 0.3246651375 0.67412870625 0.325727509375 0.6739312359375 0.3277968078125 0.6781061109375 0.331965390625 0.673859109375 0.33831143125 0.6744558875 0.3402769546875 0.6794695046875 0.33532833125 0.6789187562500001 0.331851834375 0.6828981234375 0.3307269671875 0.6858103140625 0.336204 0.6821317296875 0.34077900781250003 0.6841416265625 0.34167462656250003 0.6914443390625 0.33779170625 0.6886641874999999 0.332563 0.6970750921875 0.3274360765625
1 0.5708525625 0.4829079453125 0.57612138125 0.48256626562499993 0.5815515812500001 0.48252809843750005 0.5925722140625 0.48075619375 0.578338634375 0.4764854265625 0.5732436859375001 0.4730715015625 0.5715517625000001 0.46784815625 0.5691823984375 0.4633920296875 0.5622212640625001 0.4646335296875 0.5599393359375 0.46952770624999995 0.5595000437500001 0.4738491515625 0.5617006921875001 0.47798796875000005 0.5657807671875 0.48153449375 0.5708525625 0.4829079453125
1 0.599764353125 0.40734979375 0.6023742203125 0.413500771875 0.6086142375 0.4126780890625 0.6132053046875 0.416253753125 0.61934153125 0.4190078421875 0.6254919531249999 0.41925919062499994 0.6296770828125 0.4095129453125 0.626242978125 0.40682630625 0.6103927046875001 0.4047069875 0.6093584 0.40276174375 0.6038314953125 0.40368306093750006 0.599764353125 0.40734979375
1 0.6816485906249999 0.9493321921875 0.684297434375 0.9479237765624999 0.6441854984375001 0.8852645234375001 0.6024759578125 0.8387267312500001 0.55173730625 0.8326303656249999 0.5315904703125 0.8585969312499999 0.5494760109375 0.9432672999999999 0.6155194953125 0.9844936546874999 0.6816485906249999 0.9493321921875
1 0.5301897671875 0.5127575671875 0.5369364078125 0.5154171468750001 0.5361746625 0.515981440625 0.541727634375 0.5147985140625 0.5423195140625 0.5119178265625 0.540594665625 0.5094726281249999 0.53484766875 0.5070955640625 0.531526984375 0.5048441171875 0.52614589375 0.5067496890625 0.5246733328125 0.511213515625 0.5301897671875 0.5127575671875
1 0.8191960578125 0.1156584203125 0.8111958859374999 0.115788925 0.8063942718750001 0.11589988437500001 0.8035213046875 0.117197415625 0.8047243249999999 0.11945996875 0.8056793109375 0.12307545625 0.8096078046875 0.12438434843749999 0.8137438484375 0.127281740625 0.8163233968749999 0.1254323671875 0.8192374375 0.1236351953125 0.82281245625 0.12245987656249999 0.8263969671875 0.12250056250000001 0.8323556296874999 0.1203055875 0.82901915625 0.11891196562499999 0.8254941140625001 0.11836185625 0.8223792718749999 0.116142534375 0.8191960578125 0.1156584203125
1 0.59713095625 0.4430456328125 0.59971518125 0.4345930125 0.5934744125 0.42729344375 0.7017318265625 0.29363740625 0.7039436765625 0.2889220625 0.7076226234375 0.28696593125000003 0.7204877421875 0.28897363125000003 0.7230719671875 0.2805210109375 0.72013776875 0.27500258906249997 0.738893684375 0.2703388140625 0.7466127546875 0.27154343281250004 0.7576495999999999 0.2656750390625 0.760233825 0.25722241874999996 0.757299628125 0.251703996875 0.7705483234375 0.241120259375 0.7889318624999999 0.2401937609375 0.803264078125 0.244960671875 0.8143009234375 0.239092278125 0.8168851484375 0.2306396578125 0.8132174015625001 0.22374162968750003 0.80660425625 0.22017933906249998 0.779768096875 0.21852161093750003 0.7668917765625001 0.22536807187500002 0.763574003125 0.23244108593749999 0.7596213734374999 0.2327730953125 0.7523509703125 0.24017811875 0.7488470078125 0.249119771875 0.7450805671875 0.24758314218750002 0.7378101640625 0.25498816562500004 0.7344923890625 0.2620611796875 0.7285196984375 0.2608128140625 0.71168515 0.27241836406250003 0.7006483046875001 0.2782867578125 0.6973305296875 0.285359771875 0.694420434375 0.286060746875 0.5885466296875 0.41821857500000004 0.5883283640625 0.426490365625 0.582318759375 0.425992565625 0.56986301875 0.44154054531250003 0.5673456625 0.4476750296875 0.5636351453125 0.44931453593750004 0.557407275 0.45708852499999997 0.5540895015625 0.46416153906249996 0.563648046875 0.4643880921875 0.559224346875 0.47381877812499995 0.5908341765625 0.48001686250000003 0.6000315484375001 0.4751265328125 0.6026157734375001 0.46667391406250003 0.5996815765625 0.46115549062500005 0.582287303125 0.455067303125 0.5853605625 0.44753442187500003 0.59713095625 0.4430456328125