1 0.6228673 0.6695276640625 0.61679191875 0.645780178125 0.609253859375 0.6490998796875 0.6197832015625 0.683980046875 0.62029165 0.686863603125 0.6258459234375 0.682911025 0.6228673 0.6695276640625
1 0.6216076046875 0.64321766875 0.6228146625 0.6467339421875 0.622975353125 0.6498048 0.62330656875 0.6550125078125 0.6262968125 0.6631529078125 0.63075016875 0.6750919890625 0.6325911390625001 0.6744650156249999 0.6321897828124999 0.6711090359375 0.6311033109374999 0.6638675859375 0.6301916578125 0.657527590625 0.6287469812500001 0.6515839390625 0.626518778125 0.6466855265625 0.6244026078125 0.6424224734374999 0.6230263046875 0.6401958765625 0.6216076046875 0.64321766875
1 0.635162953125 0.646849503125 0.6323833015625 0.6451223234375 0.6316347984374999 0.641777159375 0.63069550625 0.639599490625 0.62916104375 0.6392653375 0.627799559375 0.6403620906249999 0.6283536015625 0.646563571875 0.6274980609374999 0.6474703265625 0.6274833125 0.6491863015625 0.629753971875 0.6532457375 0.6308742828125 0.6595993359375 0.6320887859375001 0.667296946875 0.6336435921875 0.6699960015624999 0.63490303125 0.67803844375 0.6355757953125 0.6791544546875 0.6365027046875 0.676043003125 0.6365827078125 0.6751470125 0.6374998171875 0.675489234375 0.6388754718749999 0.6753726531249999 0.6375926046875 0.6645879031249999 0.636556046875 0.66131873125 0.6376005390625 0.6597739375 0.6359772875 0.6483185015624999 0.635162953125 0.646849503125
1 0.7547009046875 0.6358000203125 0.7537640546875 0.6322864953125 0.7514226484375001 0.6308851859375 0.7517808031250001 0.6258078921875 0.7493292046875 0.6232417703124999 0.7485721546875 0.6248870609375 0.7490830828124999 0.6289544234375 0.749483809375 0.63122705625 0.7497879000000001 0.63349153125 0.7505290296875 0.6376946828125 0.751018421875 0.6422697765625001 0.75105473125 0.6419358171875 0.751079403125 0.6455849875 0.751988578125 0.6507411765625 0.7553172265625 0.650003065625 0.7549466625 0.647901490625 0.7539857890625 0.6430819734375001 0.7530489390625 0.63956845 0.75318001875 0.6378823546875 0.7547009046875 0.6358000203125
1 0.6229642734375 0.6498319515625 0.623026428125 0.649014696875 0.622159790625 0.6486887718750001 0.6219037359375 0.6484063640625 0.62162181875 0.64734741875 0.620847490625 0.6457453828124999 0.62041725 0.64564486875 0.61930380625 0.64616875625 0.61901638125 0.6473280906250001 0.6187695828125 0.64880781875 0.618082071875 0.6494077828125 0.6185788015625 0.650605228125 0.6194349828125 0.651411734375 0.6200197203125 0.6519385468750001 0.619998815625 0.6535296234375 0.6193777765624999 0.6539666875 0.61928545 0.6539829671875 0.6191931328125 0.6546291609375 0.619673890625 0.6578955515625 0.6214928 0.6642519515624999 0.6224807359375 0.6676052875 0.6229417859375 0.6702200375 0.6232027890625 0.6722401453125 0.6239709703125 0.6743471984375 0.624339696875 0.6769782296875 0.625215590625 0.6790662890625 0.6255793765625 0.6805895359374999 0.6257991296875 0.68183581875 0.627015346875 0.68018515625 0.6255251125 0.6734432453125 0.6260956453125 0.6704702218749999 0.6269530249999999 0.6690340109374999 0.62690131875 0.66874076875 0.6270404015625 0.6672800328124999 0.626708609375 0.664768475 0.6233878234375 0.65565329375 0.623214828125 0.652962553125 0.6226768578125 0.6516212015625 0.6229642734375 0.6498319515625
1 0.7074008046875 0.6595354828125 0.7078082484375 0.657977034375 0.7070492796875001 0.6544825359375 0.7068830375 0.6504803796874999 0.7079140078124999 0.6502985906250001 0.708067875 0.6496415437499999 0.7074289593749999 0.648267596875 0.7060237109374999 0.64488705625 0.7042387390625 0.644571878125 0.7014997421875 0.6450548359375 0.7000028078125 0.6434038375 0.6980984375 0.6439412046874999 0.6975334234375 0.6453258625 0.6984265625 0.6481415875 0.700038584375 0.6489156046875 0.70014325 0.6510388687499999 0.70007065625 0.653596534375 0.69889383125 0.6552906453125 0.698747978125 0.65680296875 0.700317515625 0.6565262171875 0.7012715296875001 0.6550981625000001 0.701405053125 0.6520762140625 0.7020242265625 0.6502788578125 0.7024396828125 0.6495756828125 0.7027511234375 0.649092425 0.704324365625 0.6496465109375 0.7046906203125001 0.65172365 0.7057075187499999 0.6574907609375 0.7049116796875 0.6582862031250001 0.7047812140625 0.6597958125 0.7057315671875 0.6606865 0.7074008046875 0.6595354828125
1 0.74471623125 0.6408109609375 0.7462556859375 0.6460323921875 0.7471390078125 0.651041959375 0.749221871875 0.6503471375000001 0.7488715375 0.642421559375 0.748439990625 0.6370047750000001 0.74721260625 0.63238343125 0.7474076796875 0.6293506296875 0.7466665515625001 0.6251474796875 0.7445818484375 0.6263717546875001 0.7450145765625 0.6282859921874999 0.74448341875 0.63004263125 0.743658065625 0.63301019375 0.74471623125 0.6408109609375
1 0.8125700609375001 0.6260244703125 0.8106880359374999 0.6397357640625 0.8192724890624999 0.6387512234375 0.8191389125 0.6379936796875 0.8164428734375001 0.629272271875 0.8125700609375001 0.6260244703125
1 0.8059646921875 0.6435418265624999 0.8081164187500001 0.6375687531249999 0.8068441421875001 0.635752159375 0.8059737468750001 0.630815903125 0.8034138046875 0.627185425 0.79829281875 0.6290962609374999 0.800151078125 0.632346528125 0.8006121546875 0.6368510265625 0.8028151250000001 0.6420562484375 0.8059646921875 0.6435418265624999
1 0.6919214 0.6570492031249999 0.69036410625 0.652536425 0.6878686640625 0.6398237671875 0.687296178125 0.6351373406249999 0.6866812765625 0.63443946875 0.6847959921875 0.63517504375 0.686312640625 0.6381075968750001 0.684196540625 0.63888386875 0.6834844625 0.643393653125 0.683534978125 0.646559528125 0.683629178125 0.64853345625 0.6858167609375 0.6537413921875 0.6852806734375 0.6550201625 0.685621075 0.6569506796875 0.687275609375 0.6606652140625 0.68860081875 0.66242208125 0.69336910625 0.6595907671875 0.6919214 0.6570492031249999
1 0.7647988015625 0.62855180625 0.7671833312499999 0.6327171468749999 0.7659671578125 0.6375173890625 0.7714562203125 0.63589440625 0.768495596875 0.6331408734374999 0.7674873171875001 0.6274226359374999 0.7647988015625 0.62855180625
1 0.6445231828125 0.662861921875 0.6467414265625 0.6598755265625 0.64215394375 0.6517647953125 0.6391447218749999 0.650985175 0.639944965625 0.6571432421875001 0.642044603125 0.6674312203125 0.6454305015624999 0.667287734375 0.6445231828125 0.662861921875
1 0.6821494171875 0.6425707953125 0.6802339078124999 0.6387259015625 0.6769119765625 0.63563293125 0.67731576875 0.6370231390625001 0.6780304046875 0.6393664046875001 0.6783375781250001 0.6420082875 0.67884171875 0.6448674078125001 0.6773965796875 0.6498088078125 0.676782353125 0.6533438640625 0.6771080078125 0.6569903546875 0.6787698703125 0.6566973234375 0.679590984375 0.6587446515625001 0.6792450921875 0.6602922453125 0.6793983906250001 0.6629612609375 0.6801954734375 0.66307268125 0.6806952421875 0.661497953125 0.6815785015625 0.6620981109375 0.68362876875 0.663198003125 0.684939790625 0.6627148671875001 0.6860291765625 0.658365325 0.68399793125 0.6530542328125 0.6839547796875001 0.648400453125 0.6821494171875 0.6425707953125
1 0.8044008046875 0.6516789484375 0.813633378125 0.650050996875 0.8158491250000001 0.6446209640625 0.8153258390625 0.6371542265625 0.834068175 0.6489674609375 0.8307445546875 0.6571125125 0.8333298875 0.6717746625000001 0.8392388390625 0.6782917625 0.868906209375 0.6755802734375 0.875307353125 0.666892571875 0.87382989375 0.6495154046875 0.8644851375 0.6316929671875 0.863612053125 0.6185613875 0.872089378125 0.6273743421875 0.8728446249999999 0.6169334359375 0.8796936203125 0.6230557203125 0.888109640625 0.64951716875 0.8945107859375 0.6408294671875 0.90485123125 0.6364864984375 0.9077439625 0.6258977546875 0.9169765359375001 0.624269803125 0.9228854875 0.630786903125 0.9340877125 0.63133131875 0.9446129515624999 0.6370344421875 0.9525528578125 0.628075415625 0.9515062859375 0.6131419390625 0.9412271437499999 0.599836415625 0.9177148234375 0.6014626015625 0.914391203125 0.609607653125 0.9101105828125 0.6057812265625 0.9060204078125 0.6161229890625 0.899680565625 0.6071621984375 0.8949021 0.614418475 0.89198675625 0.608518825 0.887297859375 0.618737096875 0.8842929453125 0.6098754515625 0.8820771984375 0.615305484375 0.8130789984375 0.6199127203125 0.8091396968750001 0.6155679890625 0.799907125 0.617195940625 0.7965835046875 0.6253409921874999 0.79898404375 0.6299570484375 0.7959065203125 0.6304997 0.7921520109375 0.636201059375 0.7872277953125 0.6244709859375 0.7850427890625 0.62737593125 0.7779335656249999 0.6185508015625001 0.7778720859375 0.62360098125 0.7685573640625 0.6193641921874999 0.768516378125 0.6227309765625 0.7591811609375 0.6201775781250001 0.75916066875 0.6218609703125 0.749804959375 0.620990965625 0.7475892125 0.626421 0.753498165625 0.6329381 0.7543599421875 0.6378254812499999 0.7510363234375 0.6459705328124999 0.7565143875 0.650043940625 0.768824484375 0.6478733390625 0.7767030875 0.6565628046875001 0.7867974375 0.6598222359375 0.80267725 0.6419041828125 0.8044008046875 0.6516789484375